CN  0.095, 0.181, -0.217
H  0.6243869701, 1.0850569592, -0.298356164
H  0.4584967632, -0.6836298261, -0.7637883335
CN  -1.0568065993, 0.0915302161, 0.6071395508
H  -1.6232103553, -0.8497484829, 0.6643932571
H  -1.4232860023, 0.9208000874, 1.2451446397
CP  3.622, 0.965, -0.383
H  3.3536917001, 0.0026667628, -0.8022479942
H  4.0392333686, 1.7406410707, -0.9656529219
CP  3.2525721782, 1.2752940708, 0.8776341608
H  3.5446887861, 2.2369429004, 1.3059088322
H  2.7790178592, 0.5763294996, 1.5324494219
CN  7.149, 1.749, -0.549
H  6.8890740645, 0.7112935862, -0.8260629088
H  6.4701066577, 2.5616687786, -0.7429555369
CN  8.3313805059, 1.8964444427, 0.0303920299
H  8.6572449297, 2.9212763314, 0.2801005638
H  8.9117897152, 0.9619451435, 0.0678001162
