CN  0.095, 0.181, -0.217
H  -0.0581747676, 0.242042736, -1.2869933273
H  0.8997512785, -0.4368776821, 0.1117504197
CN  -0.6989190964, 0.9214660597, 0.6602464904
H  -0.5215359818, 0.9894787713, 1.7766133599
H  -1.4644699228, 1.5561635581, 0.261792636
CP  3.622, 0.965, -0.383
H  3.0823117552, 1.3550320094, 0.5079059455
H  4.1181566886, 0.0216044299, -0.2503401289
CP  3.6501916626, 1.7561331103, -1.4324286935
H  4.1408039866, 1.4588034873, -2.3306153512
H  3.1486736352, 2.6598713348, -1.4243553701
CN  7.149, 1.749, -0.549
H  7.3257759903, 1.518487334, -1.5784414518
H  6.1038509992, 2.0147619339, -0.3135738572
CN  8.1721854522, 1.7050896696, 0.2800972246
H  8.0009437628, 1.9894159031, 1.3052277246
H  9.239005881, 1.6486085445, -0.076585701
