CN  0.095, 0.181, -0.217
H  0.7822671062, -0.1620250032, 0.6003784716
H  -0.0683645795, 1.2563489379, -0.4875403577
CN  -0.4995238176, -0.8394557258, -0.9555021178
H  -1.07192028, -0.6283728096, -1.7983799272
H  -0.2234816027, -1.9223657998, -0.8396711551
CP  3.622, 0.965, -0.383
H  4.1015754041, -0.0524207511, -0.5556449061
H  3.3985983038, 1.6325598982, -1.2445960932
CP  3.4881100272, 1.4699362773, 0.8079659998
H  3.2324723723, 2.5238896532, 0.9486671518
H  3.7284068695, 0.9033744638, 1.6983846645
CN  7.149, 1.749, -0.549
H  6.9052277335, 1.4586638292, 0.4922488357
H  6.46225305, 1.4979061851, -1.3361161003
CN  8.1964480698, 2.5358735296, -0.7747914216
H  8.4076014994, 2.9001187977, -1.7754139127
H  8.8215124993, 2.8312620703, 0.0429122334
