CN  0.095, 0.181, -0.217
H  1.1925764314, 0.2713792957, -0.0031444729
H  -0.4231460116, 0.9064974583, -0.72948085
CN  -0.6069178859, -0.9140280734, 0.3277802348
H  -1.652916144, -1.017362646, 0.1716849781
H  -0.1306479683, -1.5701196904, 0.9994937919
CP  3.622, 0.965, -0.383
H  3.4901595159, 1.5689457009, 0.4747310251
H  3.9735658359, -0.1115196942, -0.3592547447
CP  3.3448510621, 1.3979635025, -1.5970925178
H  3.4792802609, 0.7539933417, -2.5032869133
H  2.9161348611, 2.3917408081, -1.7770880265
CN  7.149, 1.749, -0.549
H  6.903183666, 2.0579965437, -1.5805304398
H  7.1641479041, 0.6713700859, -0.3781236481
CN  7.1627413074, 2.6742952194, 0.3984190708
H  7.3507229328, 2.2800584179, 1.3965045003
H  7.1264004553, 3.7636925933, 0.2292795372
