CN  0.095, 0.181, -0.217
H  0.0383938098, -0.6948576367, -0.8520177372
H  0.6508850091, 0.1247630237, 0.7194208172
CN  -0.5210919249, 1.421473341, -0.4964554306
H  -0.4668663422, 2.2087575495, 0.3076413515
H  -0.9470583429, 1.6385272712, -1.4622166597
CP  3.622, 0.965, -0.383
H  3.4483841558, 0.111730909, -1.0340839751
H  3.8517111168, 1.9401864487, -0.7614224864
CP  3.3174967533, 0.7729298659, 0.8735367977
H  3.2516793318, 1.6301232163, 1.6118555777
H  2.9978218131, -0.1790368561, 1.18581173
CN  7.149, 1.749, -0.549
H  7.1199478429, 0.7245488701, -0.9488960421
H  6.2536337952, 2.3656476986, -0.7207317174
CN  8.1674152117, 2.1631393081, 0.0962050545
H  8.0801945858, 3.195009654, 0.4224092662
H  8.9795650341, 1.506048235, 0.4058627234
