CN  0.095, 0.181, -0.217
H  0.0338251401, 1.060655633, -0.8350855324
H  0.0234022476, 0.2670293315, 0.9225387452
CN  0.3109747993, -1.1072968928, -0.7483516276
H  0.4294483472, -2.003650175, -0.1312357615
H  0.4949659305, -1.1885681709, -1.8202826007
CP  3.622, 0.965, -0.383
H  4.2533928103, 0.1156501808, -0.632313514
H  3.251377346, 1.063065498, 0.6264473769
CP  3.3044582768, 1.8631087872, -1.293624803
H  2.6471949568, 2.7155497065, -0.9968419574
H  3.6561749235, 1.8230546369, -2.3056778362
CN  7.149, 1.749, -0.549
H  6.4066191554, 0.9603194469, -0.3417456465
H  7.1114864747, 2.7554286602, -0.1053280166
CN  8.2070796035, 1.3952607716, -1.3009641034
H  8.9221802581, 2.1682369625, -1.5532936618
H  8.2563894284, 0.3818829423, -1.7392236963
