CN  0.095, 0.181, -0.217
H  -0.2271214421, 0.5079277039, 0.7122035021
H  0.2293926004, -0.8706311612, -0.3923807767
CN  0.1954553737, 1.1112049569, -1.2858260137
H  0.5635705886, 0.8025448293, -2.2472938436
H  0.0095133569, 2.1813041734, -1.08975227
CP  3.622, 0.965, -0.383
H  3.426094856, 0.4804439378, -1.3115164949
H  3.5166377061, 2.0082360911, -0.3389702293
CP  3.7572312762, 0.2638875136, 0.7486758243
H  3.8771048381, 0.7487386753, 1.6521714001
H  3.9318149939, -0.8475663479, 0.6379774075
CN  7.149, 1.749, -0.549
H  6.8725940001, 0.9073275876, -1.1866915389
H  6.9194639598, 1.7094413089, 0.4868088881
CN  7.7394913243, 2.7890024702, -1.1098369943
H  8.0237142241, 3.6822230596, -0.6060935373
H  7.9315147646, 2.7878638203, -2.2031189921
