CN  0.095, 0.181, -0.217
H  -0.8916710415, 0.5108865494, 0.0428565175
H  0.9593169091, 0.850170443, -0.0749255614
CN  0.2514428376, -1.0626423384, -0.795578164
H  1.2438153216, -1.4047123597, -1.0523916365
H  -0.6159110383, -1.6823255631, -1.1880366221
CP  3.622, 0.965, -0.383
H  3.6395807307, -0.097061299, -0.0545800612
H  3.6249680602, 1.2317808559, -1.4568501348
CP  3.5775359209, 1.9355567457, 0.5523794327
H  3.5752952173, 3.0304445092, 0.3328059606
H  3.5668923076, 1.5624818159, 1.5868594651
CN  7.149, 1.749, -0.549
H  7.5960150657, 2.063574097, 0.3893910799
H  6.8196152614, 0.7221304572, -0.6352721595
CN  7.0163527995, 2.621349901, -1.5421533122
H  6.6358330222, 2.2633250907, -2.5293365007
H  7.4439943915, 3.6512567469, -1.3683865111
