CN  0.095, 0.181, -0.217
H  -0.5427790763, 0.8934945987, -0.6220014461
H  0.948725655, -0.2241387148, -0.7452244099
CN  -0.1346394408, -0.1042220919, 1.1372338045
H  0.4938027183, -0.8156918992, 1.7278944386
H  -1.0077035644, 0.2878457457, 1.6462132643
CP  3.622, 0.965, -0.383
H  3.6739550371, -0.0043876237, 0.1006245876
H  3.6843563115, 1.8480327183, 0.2769230478
CP  3.4817209039, 1.136533133, -1.6966865293
H  3.3386484957, 2.1474639372, -2.1114638692
H  3.6582684539, 0.2935242427, -2.3501252523
CN  7.149, 1.749, -0.549
H  7.2380989288, 0.8646032022, 0.1408718957
H  6.2004807524, 2.1353007941, -0.8311677497
CN  8.2904184431, 2.2365973622, -1.0441156089
H  8.1567163968, 3.0405911209, -1.7284229294
H  9.2174488109, 1.7925440586, -0.7821162981
