CN  0.095, 0.181, -0.217
H  -0.5807217986, 0.9588185699, 0.1670915802
H  0.7208103873, -0.2631304736, 0.5135523226
CN  0.0955539926, -0.3679541045, -1.5195192062
H  0.8484834639, -1.1118051625, -1.823628399
H  -0.5471069984, 0.0459882536, -2.3218102187
CP  3.622, 0.965, -0.383
H  3.3199902516, 0.3905778746, -1.2875383557
H  4.1121859711, 0.4387577748, 0.3835986033
CP  3.3645204566, 2.2733619543, -0.2811642639
H  3.5505933199, 2.8711319203, 0.6794708158
H  2.8855140251, 2.8596713173, -1.0069101972
CN  7.149, 1.749, -0.549
H  6.5665775955, 1.5403674504, -1.4135318902
H  6.5947171919, 1.9759872508, 0.3689237027
CN  8.4562210185, 1.8873576014, -0.6453736686
H  8.9910490486, 2.1168354894, 0.2906038171
H  8.9184123374, 1.7687611032, -1.6223254883
