CN  0.095, 0.181, -0.217
H  0.5003336105, -0.8064205206, 0.0511972545
H  0.4999057419, 0.7047473024, -1.0992430383
CN  -0.9819177153, 0.8190409285, 0.4326501052
H  -1.2368073394, 1.8062636165, 0.0378013311
H  -1.4002239347, 0.4166887258, 1.3160662691
CP  3.622, 0.965, -0.383
H  3.1551375879, -0.017218423, -0.6016333702
H  4.2285238932, 1.4252008552, -1.2003495689
CP  3.4076664918, 1.6909875723, 0.7451376736
H  3.8108292058, 2.7301976399, 0.8714345944
H  2.8298940848, 1.2987770155, 1.5996437616
CN  7.149, 1.749, -0.549
H  6.477069936, 2.1865181206, 0.216383824
H  6.9611331282, 0.7754468438, -1.0024824342
CN  8.2443580588, 2.3993647978, -0.859428631
H  8.9917603277, 1.8746502927, -1.5610316754
H  8.5080308906, 3.358314849, -0.4017215027
