CN  0.095, 0.181, -0.217
H  0.6323112648, -0.6149596864, 0.2888789554
H  -0.3219136157, 0.0188660064, -1.1981946061
CN  0.1105014202, 1.4324990354, 0.3484999651
H  -0.2314463183, 2.3271794021, -0.1596712765
H  0.5464050877, 1.6036486744, 1.2714060598
CP  3.622, 0.965, -0.383
H  3.1317883156, 1.3987720698, 0.4739738007
H  4.0066630058, 1.5885292471, -1.1653374321
CP  3.6955043126, -0.3581018841, -0.4253937078
H  4.2748076399, -0.777690552, -1.2745471752
H  3.2533444524, -0.9425930768, 0.3968160194
CN  7.149, 1.749, -0.549
H  7.2007750882, 1.7832066476, -1.6147802598
H  7.2948017207, 0.8398926534, -0.0242653002
CN  6.8813887127, 2.8753486638, 0.118914441
H  6.8640749873, 2.8834684744, 1.2260418043
H  6.8256214668, 3.8248903841, -0.3943904032
