CN  0.095, 0.181, -0.217
H  -0.1552356371, 1.2079773223, 0.0967008657
H  1.1834308008, -0.1014459863, -0.3721104287
CN  -0.8491868929, -0.8268746484, -0.4632070059
H  -0.524939987, -1.791571986, -0.8159394463
H  -1.9048877304, -0.6847774712, -0.2141999914
CP  3.622, 0.965, -0.383
H  3.9808677831, -0.0779340325, -0.3638781004
H  3.3101764565, 1.4219645994, -1.3346996141
CP  3.3402576965, 1.5153898904, 0.7857833857
H  2.8194355356, 2.4629288806, 0.7352420226
H  3.4909268038, 1.1297215342, 1.739795057
CN  7.149, 1.749, -0.549
H  7.0840999702, 0.6576689525, -0.5789813541
H  7.0700145957, 2.3056230635, -1.5054035884
CN  7.5339449377, 2.3684997017, 0.5323544323
H  7.6236814029, 3.4922299038, 0.5517636562
H  7.7512754231, 1.7853957199, 1.4188730556
