CN  0.095, 0.181, -0.217
H  0.0383453068, 1.2038186402, -0.5371735806
H  1.0081082608, -0.4108972901, -0.3767872118
CN  -1.0720763581, -0.436448772, 0.3719134057
H  -1.0663556352, -1.4583667125, 0.6700580325
H  -1.9759219995, 0.1548945197, 0.4879173344
CP  3.622, 0.965, -0.383
H  4.0428609027, 1.4273199122, -1.2261974634
H  3.1561289966, 0.0226337565, -0.5638762121
CP  3.5314134882, 1.5276779447, 0.8194295911
H  2.9431902979, 0.9425981339, 1.5542306247
H  3.9508187809, 2.4298317404, 1.014382566
CN  7.149, 1.749, -0.549
H  6.950264721, 2.3418605459, 0.3641146683
H  7.7389478058, 0.8638550284, -0.6196737036
CN  6.7085275881, 2.2289931143, -1.719338395
H  6.9516126353, 1.7590735901, -2.6609108319
H  6.0396336669, 3.1359581131, -1.7356102575
