CN  0.095, 0.181, -0.217
H  1.1971423105, 0.1239974018, -0.3404959926
H  -0.496042423, 0.7082986332, -0.9635927592
CN  -0.5237051248, -0.2900680281, 0.9322993615
H  -1.5848873801, -0.1974119046, 1.0347314347
H  0.0956613725, -0.7725724862, 1.6893284187
CP  3.622, 0.965, -0.383
H  3.819211637, 0.0444409524, -0.9490256971
H  3.8270796261, 1.04234396, 0.7187574826
CP  3.2774280719, 2.0205087663, -1.0542084918
H  3.2577507541, 2.9662203708, -0.553726505
H  3.2668076882, 1.925807702, -2.1655569567
CN  7.149, 1.749, -0.549
H  6.0863328915, 1.7826595358, -0.7298775068
H  7.3904161909, 1.3741441481, 0.4763279521
CN  8.0939280763, 2.0996931211, -1.3933300598
H  9.1897877688, 2.0441884431, -1.2103690056
H  7.8886477998, 2.548854234, -2.3797881541
