CN  0.095, 0.181, -0.217
H  -0.4404181318, -0.2589437923, -1.0063876081
H  1.217450368, 0.2489279422, -0.2782291069
CN  -0.6417171569, 0.5233298374, 0.8900686403
H  -0.1086540347, 0.9985894265, 1.7534879234
H  -1.7123331218, 0.2503270183, 1.0216068221
CP  3.622, 0.965, -0.383
H  4.1414713058, 0.3256942839, 0.2901360695
H  3.446574955, 0.6763929171, -1.4338270723
CP  3.1976957629, 2.1420240342, 0.0543101279
H  2.5868653912, 2.8277611022, -0.5529363509
H  3.4090278202, 2.4239466754, 1.0515015289
CN  7.149, 1.749, -0.549
H  7.6881913531, 1.3330685442, -1.3722345872
H  6.2347536978, 1.2355886771, -0.1880902325
CN  7.5037995639, 2.9031957854, -0.0074878307
H  6.9309572861, 3.2743090914, 0.795950928
H  8.3550900793, 3.4386788992, -0.3800739192
