CN  0.095, 0.181, -0.217
H  0.4333445178, -0.3022191893, -1.1165135084
H  0.4063238439, 1.2811836719, -0.0665814489
CN  -0.6938528926, -0.4706501318, 0.742651827
H  -0.9724028686, 0.0226060206, 1.6597530687
H  -0.9726538095, -1.5144840585, 0.605747919
CP  3.622, 0.965, -0.383
H  4.3592292679, 1.7404556715, -0.0873595029
H  3.0787697203, 0.5277101257, 0.3985619001
CP  3.3812511787, 0.6012212794, -1.6354096592
H  2.6719049304, -0.2269289617, -1.7275951986
H  3.9822404214, 1.0593619933, -2.429235309
CN  7.149, 1.749, -0.549
H  6.4899260394, 1.7793787912, -1.4130867219
H  7.6584482948, 2.6335346452, -0.1991231748
CN  7.5397864647, 0.5415617693, -0.1049985265
H  8.1535588115, 0.411284345, 0.759401639
H  7.1437880664, -0.3599030932, -0.6333412609
