CN  0.095, 0.181, -0.217
H  0.8702012878, -0.6152679834, -0.3859927491
H  -0.4520516736, 0.1681594507, 0.7918375833
CN  -0.2368790685, 1.1788434348, -1.1543547867
H  -0.9425463427, 1.9854444103, -0.8442048205
H  0.2304144876, 1.2916335727, -2.0978628109
CP  3.622, 0.965, -0.383
H  4.3117885661, 0.8144801375, 0.5152596382
H  3.1350852904, 0.0822858592, -0.7839668848
CP  3.1986714992, 2.1501202836, -0.8034205603
H  2.4229470833, 2.2140787048, -1.5714352786
H  3.6711817006, 3.0993478687, -0.4267299367
CN  7.149, 1.749, -0.549
H  7.8167718393, 0.9288451673, -0.782622453
H  6.5561833219, 2.148258723, -1.3719309644
CN  7.0190637646, 2.2699987647, 0.6528678157
H  6.2851427792, 3.0574984248, 0.8836903797
H  7.5851326735, 1.852477195, 1.4706474984
