CN  0.095, 0.181, -0.217
H  -0.4080607273, -0.7205094388, -0.7316606184
H  0.7396299982, 0.0131768081, 0.6035391058
CN  -0.0765586307, 1.4727180958, -0.7533888831
H  0.4197995027, 2.3093599666, -0.2650212112
H  -0.744488581, 1.5852002601, -1.625650779
CP  3.622, 0.965, -0.383
H  3.2539229245, 1.3502588209, 0.5163810342
H  4.0213457286, 1.6225397013, -1.1591281151
CP  3.6851346934, -0.3371998103, -0.6195210147
H  4.1575474485, -0.6554768944, -1.5725302112
H  3.3720096696, -1.0868471619, 0.0480300205
CN  7.149, 1.749, -0.549
H  7.4315618667, 2.5184250625, -1.1739521998
H  6.3940341681, 1.1316420303, -0.8776616654
CN  7.7705264519, 1.4570548539, 0.577023886
H  7.5037975662, 0.6188819924, 1.1686163734
H  8.5340682621, 2.1430339799, 0.9124645774
