CN  0.095, 0.181, -0.217
H  0.267169111, 0.5953613353, -1.2275920731
H  0.6281741031, -0.6517952884, 0.2624012072
CN  -1.0503080657, 0.6117162984, 0.4307702827
H  -1.1887179643, 0.2472951031, 1.4344337215
H  -1.6903622001, 1.4307162508, 0.013127213
CP  3.622, 0.965, -0.383
H  3.8859296892, 1.9747885748, 0.0067082082
H  3.0641862052, 0.9034902633, -1.3254946561
CP  4.0119209936, -0.0610279148, 0.3398216444
H  3.9368090933, -1.0876550945, -0.1314222453
H  4.6652889782, 0.0817382393, 1.2485823615
CN  7.149, 1.749, -0.549
H  6.3647699685, 2.2340469613, -0.0209927105
H  7.549199005, 2.2676902633, -1.3729564719
CN  7.5890516236, 0.5497349436, -0.2879363576
H  8.3826797246, 0.1288911242, -0.8941153493
H  7.2542992622, -0.0493866613, 0.6182133753
