CN  0.095, 0.181, -0.217
H  1.0465719142, 0.6100927909, 0.300703055
H  -0.7328490705, -0.1938262305, 0.3509930266
CN  0.0077930511, 0.2038942683, -1.611649953
H  -0.904459856, -0.1006331097, -2.0641919624
H  0.852081374, 0.6039111011, -2.1655379028
CP  3.622, 0.965, -0.383
H  3.9218918748, 0.4845426243, -1.3003368498
H  3.5904395238, 0.4084243104, 0.5621297852
CP  3.2047105461, 2.2041375911, -0.486840736
H  2.7974210952, 2.7361114545, 0.3540002182
H  3.1450424312, 2.7484067438, -1.3824308549
CN  7.149, 1.749, -0.549
H  7.6703102529, 1.7201093596, 0.4229994852
H  6.3768293959, 1.0474326132, -0.8265430157
CN  7.6518142222, 2.6736682109, -1.3550341028
H  7.3261029729, 2.7801362593, -2.3821213353
H  8.4502703263, 3.3564913315, -0.9766714381
