CN  0.095, 0.181, -0.217
H  -0.5904655021, 1.0014634096, -0.5151767057
H  0.7035031177, 0.2846290354, 0.6045792672
CN  0.1908938196, -0.9498283037, -1.0144692743
H  0.9010961752, -1.7152156123, -0.7395264085
H  -0.3262226419, -1.0525865803, -1.9518614363
CP  3.622, 0.965, -0.383
H  3.271851288, 0.2295728543, -1.1954157861
H  3.8585204796, 1.9466621002, -0.6740499476
CP  3.7468968356, 0.5367603605, 0.8523017002
H  4.0795288063, 1.1956316308, 1.6289456905
H  3.5053186961, -0.5501417458, 1.0380484288
CN  7.149, 1.749, -0.549
H  7.4239491844, 0.8535303254, -1.0413866286
H  6.8101168557, 1.6979381715, 0.5429083827
CN  7.2173298755, 2.9406086741, -1.2006482986
H  6.9001796791, 3.8599950889, -0.7385130513
H  7.6510007853, 2.9955777066, -2.2543950983
