CN  0.095, 0.181, -0.217
H  -0.4161280199, -0.6228444372, 0.3127405708
H  1.0789199673, -0.0419818716, -0.6250158815
CN  -0.4382681115, 1.4796359157, -0.2592956122
H  0.278697205, 2.1487486035, -0.6662516208
H  -1.4236684676, 1.7141287735, 0.1708276857
CP  3.622, 0.965, -0.383
H  3.2613536351, 1.823605485, 0.253623728
H  4.1789582144, 0.1887574115, 0.0634490917
CP  3.4102585463, 0.8891481648, -1.6901837004
H  3.8288210557, 0.0392213081, -2.1963523736
H  2.9174449799, 1.6853319951, -2.3103872338
CN  7.149, 1.749, -0.549
H  6.9877633589, 2.1787199734, -1.5327913266
H  6.4810130952, 1.0314674416, -0.1081538499
CN  8.2771023523, 1.9812187959, 0.1053897574
H  8.4401112598, 1.4087736069, 1.0341329891
H  9.0670212878, 2.6467180146, -0.2646661764
