CN  0.095, 0.181, -0.217
H  0.9212141705, -0.3344793497, -0.6635677315
H  0.2268793619, 0.8503453443, 0.5998819844
CN  -1.1827988431, -0.1860680297, -0.6317110654
H  -1.9460175786, 0.3327722485, -0.0356123513
H  -1.3004827991, -0.8136053474, -1.4932707283
CP  3.622, 0.965, -0.383
H  3.3989921523, -0.1035859095, -0.4471990983
H  4.2221162017, 1.4874555671, -1.193849821
CP  3.4154558948, 1.6210206772, 0.7373207971
H  3.8196051033, 2.6825425651, 0.7420530307
H  3.0851924424, 1.1619457166, 1.6688290019
CN  7.149, 1.749, -0.549
H  6.7317494403, 2.3378128046, 0.2839317057
H  6.8734655024, 2.0477155821, -1.5440693379
CN  7.8946104534, 0.6558533792, -0.4152434741
H  8.358195332, 0.223827512, -1.3303067799
H  8.2131269635, 0.2946126642, 0.6105177879
