CN  0.095, 0.181, -0.217
H  0.3597980652, -0.16332559, -1.2459061658
H  0.8720568237, 0.4816197121, 0.4915943
CN  -1.2127855701, 0.3538059177, 0.2625430077
H  -1.4008227439, 0.6949018931, 1.2223899058
H  -2.0476465617, 0.1004820794, -0.3884609329
CP  3.622, 0.965, -0.383
H  2.9716992426, 1.7888307191, -0.7773086673
H  3.915309878, 0.9601157123, 0.6492029433
CP  4.2057170073, 0.0718606003, -1.1960524637
H  4.9538181375, -0.6783534025, -0.9198850651
H  3.9334929877, 0.1058279133, -2.2807936317
CN  7.149, 1.749, -0.549
H  7.4361092544, 0.8130682381, 0.005181509
H  6.4359554849, 2.344407335, -0.046789404
CN  7.6087809346, 1.9662197413, -1.7392485181
H  7.3852903848, 2.882539965, -2.1713130867
H  8.3132039576, 1.2549848376, -2.1916867947
