CN  0.095, 0.181, -0.217
H  0.3641908007, -0.7853933125, 0.207977767
H  0.3628091967, 1.0865211904, 0.3218396565
CN  -0.4578648254, 0.251974345, -1.4736576078
H  -0.6305437854, 1.1972500001, -1.987866568
H  -0.6525320267, -0.6632002128, -1.9857164325
CP  3.622, 0.965, -0.383
H  3.2409992157, 1.8889883753, -0.661135512
H  4.1471165604, 0.3699232481, -1.1583452199
CP  3.4899145311, 0.5350881828, 0.8649416904
H  3.7360268527, -0.4746168741, 1.0795502611
H  2.9411530592, 1.1613190969, 1.6361800207
CN  7.149, 1.749, -0.549
H  7.1166188872, 0.6645528662, -0.604977825
H  6.4015070273, 2.289280168, 0.049207996
CN  8.0882133197, 2.4625515646, -1.1131249514
H  8.1225174038, 3.5520822597, -0.9338318123
H  8.910380879, 1.9590626214, -1.6139110981
