CN  0.095, 0.181, -0.217
H  0.3332467537, 1.2487159884, 0.0792791492
H  0.5123740187, -0.3018162099, -1.08798354
CN  -0.7278154126, -0.5917343794, 0.6503222465
H  -1.0630236847, -1.5817145659, 0.414066059
H  -1.1154545575, -0.1519432808, 1.5484576716
CP  3.622, 0.965, -0.383
H  4.1923311743, 0.115702399, -0.6586416784
H  3.1357525785, 1.0070256388, 0.5641565185
CP  3.588694139, 2.0974482563, -1.1358627282
H  2.942363982, 2.8902474854, -0.8749977381
H  4.2190018164, 2.236165219, -2.0678307902
CN  7.149, 1.749, -0.549
H  7.3846134824, 0.867169294, -1.1186531973
H  6.6938685848, 1.7071779029, 0.47728365
CN  7.2551998952, 2.941948131, -1.1109305235
H  6.9578315632, 3.7739428692, -0.5337219951
H  7.5962516514, 3.0367498949, -2.1478710257
