CN  0.095, 0.181, -0.217
H  0.7796251833, -0.2300708117, 0.5124579515
H  0.0257457623, -0.1317179317, -1.2453062892
CN  -0.695720459, 1.2594870083, 0.1981919622
H  -1.4445081268, 1.716094919, -0.4647046113
H  -0.6036224263, 1.686640953, 1.1778850286
CP  3.622, 0.965, -0.383
H  3.3404661828, 2.0326548259, -0.4977738331
H  3.8269610931, 0.5485963098, 0.596055288
CP  3.5403895497, 0.1196474478, -1.4053938519
H  3.7160447274, -0.9432472671, -1.2393922777
H  3.2749802959, 0.5237396123, -2.4118845805
CN  7.149, 1.749, -0.549
H  7.1540400035, 2.7984905289, -0.6511906877
H  6.3796655357, 1.230114566, -0.0164351009
CN  8.1021114406, 1.0733679787, -1.1647440388
H  8.211145453, 0.024315937, -1.0979841058
H  8.8181546728, 1.5864852144, -1.7222741203
