CN  0.095, 0.181, -0.217
H  0.879705954, -0.4929940623, -0.1513595832
H  -0.0687203333, 0.9755317434, 0.4417219099
CN  -0.8831140045, -0.19296255, -1.1558463481
H  -1.8279098176, 0.3292069133, -1.0847742864
H  -0.8021429422, -1.0948445574, -1.7771501616
CP  3.622, 0.965, -0.383
H  2.7454582874, 1.4954342265, -0.0007568751
H  4.0433147743, 1.3213412463, -1.3500931972
CP  4.0104326285, -0.2030024314, 0.1418508946
H  4.8832746459, -0.6596315745, -0.3337342022
H  3.5235852575, -0.6414044512, 1.0562938079
CN  7.149, 1.749, -0.549
H  7.0775780159, 0.834929998, 0.067308325
H  6.2287812707, 2.1850309579, -1.0152371822
CN  8.3190181575, 2.316325422, -0.8330821212
H  8.3568354169, 3.1703174122, -1.4475903264
H  9.2944576165, 1.9616643388, -0.503105746
