CN  0.095, 0.181, -0.217
H  0.6847638917, 1.0623356811, -0.0623215381
H  -0.1580864884, -0.4600212867, 0.6162920229
CN  -0.4731021543, -0.0631582236, -1.4730992265
H  -1.1362790896, -0.9132378686, -1.6632697829
H  -0.2313691585, 0.6069335667, -2.2610555505
CP  3.622, 0.965, -0.383
H  2.9036197269, 1.5680216522, 0.1960457559
H  4.2559228577, 1.4793864318, -1.0375289687
CP  3.7760443705, -0.3809965323, -0.3252120256
H  4.4974414659, -0.8705225917, -0.9505039992
H  3.1376802286, -0.9431399019, 0.3956209433
CN  7.149, 1.749, -0.549
H  6.4498891974, 1.8669492352, 0.3119043847
H  7.5981402765, 2.6245865942, -1.0095692397
CN  7.2910486649, 0.4815164661, -0.8339267224
H  8.0198165642, 0.1398026904, -1.5074654843
H  6.7065210404, -0.2439058489, -0.2913483972
