CN  0.095, 0.181, -0.217
H  -0.5456862552, -0.3186473457, 0.4610607709
H  0.7072151333, 1.0303444956, 0.1517209366
CN  0.0556397513, -0.0587743602, -1.5996702132
H  0.6887438729, 0.5755902863, -2.2827056605
H  -0.5826230062, -0.8238376745, -1.9722850055
CP  3.622, 0.965, -0.383
H  4.3312710331, 0.8621717441, -1.2583814924
H  3.1197200937, 0.1060304905, 0.0665141456
CP  3.4156911492, 2.1145202303, 0.2448904461
H  2.7658328953, 2.251662423, 1.0878806043
H  3.9004843799, 3.0605279722, -0.0995060579
CN  7.149, 1.749, -0.549
H  6.8083346686, 1.0426693941, 0.1917501372
H  7.5790486446, 1.3064249615, -1.4451334035
CN  7.0614007685, 3.055203328, -0.3636104827
H  7.4959396893, 3.6942847722, -1.0670721556
H  6.7324884337, 3.4703722246, 0.6105306991
