CN  0.095, 0.181, -0.217
H  0.8083458361, -0.4589000441, -0.747255222
H  0.4400759563, 0.926401344, 0.471636272
CN  -1.2838284149, -0.0855926676, -0.3815366093
H  -2.0377092499, 0.433240008, 0.0946442996
H  -1.4706281107, -0.8804273151, -1.0823079617
CP  3.622, 0.965, -0.383
H  3.8029800001, 0.2706109655, 0.476399398
H  3.5569245892, 2.052513814, -0.2778413891
CP  3.4091365114, 0.488423653, -1.5791790435
H  3.0161153383, 1.2204106233, -2.2739067116
H  3.5464246154, -0.5444424291, -1.7640659314
CN  7.149, 1.749, -0.549
H  6.5174306063, 1.177256244, -1.2130983897
H  6.7887675935, 2.1100760283, 0.3651984088
CN  8.4338184184, 1.9917900128, -0.7989623027
H  9.0403695722, 2.5387954815, -0.0698556446
H  8.9166996469, 1.5225772784, -1.6026104318
