CN  0.095, 0.181, -0.217
H  0.6342051506, 0.1807101918, 0.6919641865
H  0.552457922, 0.0235851599, -1.1713006833
CN  -1.2504522094, 0.549908763, -0.1604289654
H  -1.8557295037, 0.6105063594, -1.1011559881
H  -1.7207986486, 0.7484276436, 0.7958792458
CP  3.622, 0.965, -0.383
H  3.1635329988, 1.6972556731, 0.2616783717
H  4.2801825756, 0.1508957436, -0.0244211126
CP  3.5429679951, 1.0666790935, -1.6909154398
H  4.0693071629, 0.3688787767, -2.3137026877
H  2.9813778512, 1.8703959738, -2.1191830579
CN  7.149, 1.749, -0.549
H  6.6934865694, 2.4687649644, -1.2447864756
H  6.5666090653, 1.295641236, 0.2370744782
CN  8.4633076789, 1.5560952768, -0.5394528832
H  8.9081863187, 0.9617201367, 0.2399660466
H  9.1076347937, 1.9590005114, -1.2756127199
