CN  0.095, 0.181, -0.217
H  0.2685955205, 1.0959390896, 0.3513287743
H  0.9692432952, -0.3735166184, -0.4935754132
CN  -1.143640533, -0.3803619006, -0.4579876995
H  -1.1814292858, -1.3859188755, -0.9794624957
H  -2.0332690705, 0.2231788232, -0.2591680776
CP  3.622, 0.965, -0.383
H  3.2625221278, 1.0288668373, 0.6170937279
H  4.00902033, -0.0241026934, -0.7793647424
CP  3.3833367822, 1.9087779768, -1.2111289933
H  3.76562983, 1.8094346543, -2.2552545151
H  2.9035272227, 2.8320458713, -0.8926486889
CN  7.149, 1.749, -0.549
H  6.7611286223, 0.9344857572, -1.1749316901
H  6.6204448246, 1.8687738657, 0.402743676
CN  8.1479332227, 2.4374688569, -1.0185974368
H  8.6925938851, 3.1035413239, -0.3600107979
H  8.4994892549, 2.2056431915, -2.05011991
