CN  0.095, 0.181, -0.217
H  0.4296549755, 0.5913482993, -1.1413627121
H  -0.6349877113, 0.7365628211, 0.3985589993
CN  0.4716408079, -1.0665154096, 0.2589697173
H  0.1070404817, -1.5160715866, 1.1579106405
H  1.1706760959, -1.6694024886, -0.3224094429
CP  3.622, 0.965, -0.383
H  4.1652155164, 1.559017945, 0.2743535472
H  3.0296073974, 0.1673761416, 0.0124147993
CP  3.7606432451, 1.2373293697, -1.6526480048
H  3.3606436189, 0.4741161882, -2.2902689899
H  4.2865410459, 2.1239605301, -2.0743139166
CN  7.149, 1.749, -0.549
H  6.5936023602, 0.9497412347, -0.0630219983
H  6.6421999749, 2.627394043, -1.0618222993
CN  8.4623312668, 1.7925914866, -0.5100647538
H  9.0599746466, 2.6034746028, -0.9568805511
H  8.9506642302, 1.0227788647, 0.1271438014
