CN  0.095, 0.181, -0.217
H  -0.0295059664, 0.9342678211, -1.059830915
H  0.8492511402, -0.5906355215, -0.3479768702
CN  -0.5564659353, 0.4270916397, 1.0212532407
H  -0.3976278641, -0.2383494804, 1.8323168302
H  -1.3317527086, 1.1653366685, 1.0463298858
CP  3.622, 0.965, -0.383
H  3.4396723752, 1.4319390938, -1.3334014628
H  3.7081692931, 1.5757528, 0.5603501289
CP  4.0364347832, -0.2622815138, -0.3928073874
H  4.2287235202, -0.8303081746, 0.5543205368
H  4.010693327, -0.7912537798, -1.2976588321
CN  7.149, 1.749, -0.549
H  6.5971655049, 0.9687477642, -1.0456597574
H  7.1041215684, 1.7909596556, 0.5685032196
CN  7.9279279073, 2.5207538465, -1.3075528625
H  8.5591510581, 3.2945590843, -0.872466109
H  7.9331982171, 2.299401922, -2.3806721845
