CN  0.095, 0.181, -0.217
H  -0.4509264947, -0.6489470885, 0.1869981735
H  0.9518459198, -0.036663987, -0.8204002788
CN  -0.329519317, 1.4804797125, -0.005836074
H  0.177311093, 2.3098105713, -0.5127266558
H  -1.2066948241, 1.6531780751, 0.672561361
CP  3.622, 0.965, -0.383
H  2.8235741887, 1.4398367573, -0.9328093873
H  4.2506286794, 1.4864983409, 0.326878384
CP  3.9663302415, -0.222446189, -0.779632352
H  4.724163261, -0.8465447923, -0.3154998378
H  3.3248579931, -0.7299845597, -1.4395457528
CN  7.149, 1.749, -0.549
H  6.6716684618, 1.7075340792, -1.5074591345
H  6.532107265, 1.9270097072, 0.329880123
CN  8.4395606548, 1.4855333414, -0.3679122462
H  8.788180923, 1.3764878972, 0.6073348459
H  9.0707176613, 1.3280225985, -1.2343905638
