CN  0.095, 0.181, -0.217
H  -0.4803932524, -0.7503194195, -0.3376746747
H  1.140664013, 0.0316801412, -0.2708202509
CN  -0.5241783716, 1.4285292722, -0.1925650682
H  0.107183347, 2.2792799902, -0.0656431399
H  -1.6227491058, 1.5635756793, -0.2867886649
CP  3.622, 0.965, -0.383
H  3.2827747563, 1.1371825287, 0.6137304897
H  4.0823465468, 0.0369537219, -0.6688929988
CP  3.5322744673, 1.9600174505, -1.2521491191
H  3.9962602005, 1.8681446502, -2.2445040951
H  3.1908116574, 2.9260051417, -0.9295176952
CN  7.149, 1.749, -0.549
H  7.8281967187, 1.1835400416, -1.1064004184
H  6.2965073426, 1.236622367, -0.0557302955
CN  7.2826817332, 3.0756804739, -0.5825632861
H  6.6096317232, 3.7033982844, 0.0586013566
H  8.1305408262, 3.4062190909, -1.1929188421
