CN  0.095, 0.181, -0.217
H  0.7818053206, 0.2193072914, 0.6238546929
H  0.5148810342, 0.1879578393, -1.2377867368
CN  -1.2543083971, 0.1367882682, 0.0535899552
H  -2.0095348064, 0.214384448, -0.7444173084
H  -1.6104107346, 0.2043093234, 1.0471261693
CP  3.622, 0.965, -0.383
H  4.1391610214, 0.7722597248, -1.3394834553
H  3.1555986433, 0.1297373084, 0.1633925784
CP  3.502724726, 2.2438101192, 0.0035674134
H  3.0366097207, 2.4808971078, 0.9223524295
H  3.8438688379, 3.0521475572, -0.5590962042
CN  7.149, 1.749, -0.549
H  6.6470855151, 2.3736121068, -1.302062194
H  7.3390682727, 2.1676957163, 0.4566881948
CN  7.5854930075, 0.5318138055, -0.8441061396
H  8.2298815759, -0.0910971195, -0.1921277681
H  7.3619383912, 0.2074815077, -1.867339965
