CN  0.095, 0.181, -0.217
H  0.7534862889, -0.586319872, -0.5865872469
H  0.4590724143, 1.2188156406, -0.0890209588
CN  -1.2349239418, -0.1625876966, 0.0358205566
H  -1.8971365292, 0.5584632479, 0.4079233258
H  -1.4808457926, -1.1464397679, -0.2150696772
CP  3.622, 0.965, -0.383
H  3.4208303235, 0.5618674397, -1.3901022333
H  4.1773862411, 0.2838465582, 0.2769137423
CP  3.4431859192, 2.2310924941, -0.0815914029
H  3.7323232446, 2.5815079279, 0.8632788861
H  3.1057583866, 3.0134984473, -0.8100816686
CN  7.149, 1.749, -0.549
H  6.6831635796, 2.2096808732, -1.4292754121
H  7.4403401145, 0.6721633747, -0.6076536589
CN  7.3515805081, 2.3860658141, 0.589415609
H  7.8303762683, 1.8422876154, 1.4472907007
H  6.8931147209, 3.3553608974, 0.752570653
