CN  0.095, 0.181, -0.217
H  0.6649900445, 0.0966946938, 0.616524794
H  0.535656215, 0.5692941762, -1.1233698355
CN  -1.2119496183, -0.2913031612, -0.1522977231
H  -1.8121156455, -0.245782208, -0.9968343696
H  -1.6276128587, -0.6580213149, 0.7116963977
CP  3.622, 0.965, -0.383
H  3.2384691497, 1.8306255919, -0.9032879871
H  4.1355558561, 1.0242763597, 0.5648562608
CP  3.5838316198, -0.2252348762, -0.981214397
H  4.0120937371, -1.0356177964, -0.5119970333
H  2.9941040924, -0.3788638019, -1.9025172207
CN  7.149, 1.749, -0.549
H  7.5353268703, 0.7236177896, -0.3421623764
H  6.7675154053, 1.9972687619, -1.5622466524
CN  7.1767206231, 2.6508149358, 0.4115074269
H  6.8071285729, 3.6326416078, 0.2566937872
H  7.5745075575, 2.408491896, 1.3963742344
