CN  0.095, 0.181, -0.217
H  0.6787045089, 1.0594938982, -0.4118576547
H  0.1750813944, -0.3346208198, 0.769675031
CN  -0.8696428743, -0.2251828278, -1.1689416503
H  -1.4442501165, -1.1672392413, -0.9475572597
H  -1.0740291631, 0.326956298, -2.100523563
CP  3.622, 0.965, -0.383
H  3.606252358, 0.4168349302, 0.4888937233
H  3.9443502807, 0.4944343467, -1.2517776925
CP  3.4119007255, 2.2863330969, -0.309660219
H  3.3632321874, 2.8775990002, -1.2195876728
H  3.0225792779, 2.7544145904, 0.5803640637
CN  7.149, 1.749, -0.549
H  6.8474879573, 2.6338580492, -1.0700100989
H  7.0588436963, 1.7179705614, 0.5010300005
CN  7.7630506326, 0.7967585438, -1.1920693284
H  8.1017396436, -0.153071427, -0.638348517
H  7.8413713372, 0.9684671261, -2.2736980659
