CN  0.095, 0.181, -0.217
H  0.7245316054, -0.6649142512, -0.0665037032
H  -0.4735931246, 0.6693791733, 0.610349042
CN  0.0605776544, 0.8103537956, -1.4667821076
H  -0.5894880062, 1.6505399949, -1.6446289869
H  0.5174817917, 0.437209138, -2.3819360598
CP  3.622, 0.965, -0.383
H  4.3449153469, 1.7268226414, -0.3329903777
H  2.7979732339, 1.0629178726, -1.0509620332
CP  3.6972802059, -0.2207530964, 0.2363542181
H  2.9798547863, -0.992982539, 0.0244609553
H  4.482921305, -0.3867457526, 0.9761468038
CN  7.149, 1.749, -0.549
H  6.734863244, 1.1999747856, 0.3180968026
H  7.407933295, 1.2753670447, -1.4916005294
CN  7.2298033381, 3.0421091389, -0.35417989
H  7.6684805568, 3.6801127805, -1.1718926589
H  7.0766995396, 3.4882328601, 0.6461306741
