CN  0.095, 0.181, -0.217
H  0.6367267813, 0.3823576935, -1.1132335317
H  -0.2704385426, 0.9658283991, 0.3379892291
CN  -0.0726239221, -1.0773678338, 0.355071453
H  -0.5315407813, -1.2022334187, 1.3070949605
H  0.4191385131, -1.9203522115, -0.1056615796
CP  3.622, 0.965, -0.383
H  4.4035123792, 1.4633361185, 0.1964464629
H  2.9409715546, 0.2581601305, 0.1291003087
CP  3.5654404722, 1.0811980788, -1.6966466898
H  2.8051066833, 0.5689275754, -2.305792895
H  4.3136099644, 1.6579004719, -2.1578063726
CN  7.149, 1.749, -0.549
H  6.8199591448, 2.626791102, -0.9574983896
H  7.3184400251, 0.8568446944, -1.250276563
CN  7.4421713546, 1.6456904054, 0.7317076399
H  7.7361455185, 0.6748433404, 1.2001573333
H  7.2750776017, 2.4957838288, 1.3992996729
