CN  0.095, 0.181, -0.217
H  0.309753691, 1.0389902438, -0.8111054362
H  0.1357941122, -0.8237633396, -0.7073227062
CN  -0.1688557638, 0.2813204916, 1.1566661446
H  -0.3029666123, -0.6419881086, 1.7605950372
H  -0.0810415159, 1.251764456, 1.5876129061
CP  3.622, 0.965, -0.383
H  3.7006161933, 0.8787271253, -1.5046281407
H  3.6743521684, 0.0894903392, 0.2397049835
CP  3.5013740762, 2.1585542398, 0.1376166998
H  3.4006278887, 2.2538174954, 1.2116906005
H  3.5777791754, 3.0711290073, -0.4544473701
CN  7.149, 1.749, -0.549
H  7.0167562344, 0.6549762659, -0.3597650465
H  6.731852793, 2.4616646004, 0.1230174778
CN  8.0373645212, 2.2120640534, -1.4393134781
H  8.1558783073, 3.2589071204, -1.6782092698
H  8.6815875688, 1.5489506908, -2.0211724917
