CN  0.095, 0.181, -0.217
H  0.186518996, 1.2538896117, -0.0867034802
H  0.7256749259, -0.3326128831, -0.9155238053
CN  -0.8180039443, -0.5256400745, 0.5755876499
H  -0.974697202, -1.5948800464, 0.4505448552
H  -1.4995950957, 0.0758520489, 1.2547420718
CP  3.622, 0.965, -0.383
H  4.1943912779, 1.7073898492, -0.9476556394
H  2.7734624682, 1.2611258634, 0.1779710863
CP  3.9727556994, -0.3680993011, -0.4150511993
H  3.3897015764, -1.0858179836, 0.1794506294
H  4.836038193, -0.7139185226, -0.8716011608
CN  7.149, 1.749, -0.549
H  6.512308673, 0.9468313478, -0.1868711766
H  6.7967815882, 2.7896184839, -0.4789021226
CN  8.3425771576, 1.6023627561, -1.1662144429
H  8.9037178345, 2.4765108696, -1.4896332084
H  8.7267663693, 0.5645351851, -1.3229738433
