CN  0.095, 0.181, -0.217
H  -0.065469985, 1.2592674551, -0.0884832987
H  1.0108355068, -0.2756253046, 0.0492630641
CN  -0.9355822886, -0.4694621644, -0.8836200446
H  -0.761917718, -1.5400171453, -1.1213920479
H  -1.8799635299, 0.0154369421, -1.324384786
CP  3.622, 0.965, -0.383
H  4.3108557346, 1.5009509333, 0.2352849817
H  2.7049569896, 1.3462897658, -0.7495659377
CP  3.964170761, -0.2542901296, -0.766491909
H  3.3661054621, -0.8183935285, -1.4010990584
H  4.9589715549, -0.6537189882, -0.4157698445
CN  7.149, 1.749, -0.549
H  6.121171946, 1.5362942836, -0.7383319012
H  7.4130970626, 2.4124302677, 0.3036270614
CN  8.0758071651, 1.2899297752, -1.375288454
H  9.1867852328, 1.3745250562, -1.1895592796
H  7.7355879412, 0.6674343341, -2.2274350689
