CN  0.095, 0.181, -0.217
H  1.1229128811, -0.1326551245, -0.201234234
H  -0.2055010534, 0.9554609957, -0.8304603141
CN  -0.8226269599, -0.4728832349, 0.606806868
H  -1.8647776225, -0.1651577597, 0.5795075854
H  -0.5399912457, -1.3040658138, 1.2303949708
CP  3.622, 0.965, -0.383
H  3.8616822122, 0.4489284399, 0.5179442588
H  3.9211708261, 0.5609824088, -1.3324578653
CP  3.109517866, 2.1803339361, -0.4520591031
H  2.9592857929, 2.7181373055, -1.4127792547
H  2.7279725644, 2.643738627, 0.4853019705
CN  7.149, 1.749, -0.549
H  6.2437416242, 1.8474732674, -1.2240957935
H  7.2098839072, 2.5073991106, 0.3097882276
CN  7.9792379752, 0.7684360957, -0.7265726283
H  8.8407383777, 0.6667401251, -0.0350859034
H  7.8033025484, 0.0441945374, -1.5365322454
