CN  0.095, 0.181, -0.217
H  1.1678208769, 0.2824684107, -0.322070587
H  -0.3533166457, -0.2690809201, 0.6577179167
CN  -0.7170329182, 0.597691622, -1.270785718
H  -1.7862581214, 0.4684593117, -1.1087344981
H  -0.3160832583, 0.9860694405, -2.2027215278
CP  3.622, 0.965, -0.383
H  3.678979159, 2.0350331225, -0.1939233714
H  3.5482798343, 0.5785968107, -1.4094937328
CP  3.6082166172, 0.1432405179, 0.6317251347
H  3.6310837273, -0.8979441109, 0.45996875
H  3.7313833359, 0.4948171169, 1.7001047058
CN  7.149, 1.749, -0.549
H  6.7995732235, 1.017246625, 0.1325293788
H  7.742442579, 2.6428809438, -0.2700626619
CN  7.0481470394, 1.5611700586, -1.8762369131
H  7.4941863185, 2.3180319592, -2.5129647662
H  6.5139054263, 0.6721480122, -2.2986516851
