CN  0.095, 0.181, -0.217
H  0.4432223392, -0.2624085382, 0.7254463553
H  0.7740805086, 0.6396222285, -0.9360025527
CN  -1.2820972599, 0.170444847, -0.5107448628
H  -1.7624765337, 0.4940702921, -1.4210979707
H  -1.9350441596, -0.2605991236, 0.2189315444
CP  3.622, 0.965, -0.383
H  3.0033838067, 1.7853670383, -0.6546819531
H  4.0353688456, 0.2869355229, -1.1449544887
CP  3.7643833262, 0.7299852386, 0.890855638
H  4.4976768058, -0.1090003335, 1.1751402126
H  3.3966939776, 1.3988484, 1.5947497766
CN  7.149, 1.749, -0.549
H  6.4828860194, 1.9810561363, 0.3278070853
H  7.2014152322, 0.74066809, -0.884304185
CN  7.9239926854, 2.7423602223, -0.9430928578
H  8.6110132383, 2.4813964076, -1.7262434469
H  7.8063533926, 3.6813174825, -0.4996019258
