CN  0.095, 0.181, -0.217
H  0.3384380033, -0.5691739353, -0.9509319094
H  0.9202254228, 0.7713969166, 0.2390418239
CN  -1.2124842861, 0.277067212, 0.3080531088
H  -1.4574587175, 1.0123698874, 1.0586118402
H  -1.9772818003, -0.4247791878, 0.0517061285
CP  3.622, 0.965, -0.383
H  2.9651597124, 0.8818511482, -1.2445769493
H  3.9560721822, 1.911456612, 0.0404306935
CP  4.1603569376, -0.1320844255, 0.1129898343
H  4.9827830104, 0.0100147561, 0.8292759299
H  3.9579662305, -1.1110101933, -0.3096811904
CN  7.149, 1.749, -0.549
H  7.1478515594, 2.4366547527, -1.3914392679
H  6.6946175699, 2.1335143277, 0.3838908776
CN  7.8083194823, 0.5655602053, -0.6221000642
H  7.9880814165, -0.05173682, 0.2828105748
H  8.3600624005, 0.3207698027, -1.5951711581
