CN  0.095, 0.181, -0.217
H  -0.7223279146, 0.2105299553, -0.8886996984
H  0.8064366637, 0.9478637195, -0.2331785267
CN  0.1408187852, -0.9641873762, 0.6257563925
H  0.8812609725, -0.98482739, 1.4526375497
H  -0.7269978048, -1.6402216122, 0.6235569757
CP  3.622, 0.965, -0.383
H  3.9971821742, 0.2461686278, 0.2534040242
H  3.2311381668, 0.603281096, -1.3657519283
CP  3.6457240731, 2.2550180918, -0.1011929883
H  3.3041213819, 2.9294437826, -0.8191633365
H  3.973144255, 2.5829702361, 0.9053820771
CN  7.149, 1.749, -0.549
H  6.8256432867, 0.831675789, -0.1100531207
H  6.7793238751, 2.6718613808, -0.1947293509
CN  8.0530319961, 1.6239956812, -1.4962329794
H  8.5088143971, 2.5041770926, -1.9669687564
H  8.4207821448, 0.6286560944, -1.7331613275
