CN  0.095, 0.181, -0.217
H  0.1102952755, 0.9915536036, 0.57741935
H  -0.3597457268, 0.4069745365, -1.1859880036
CN  0.4332720592, -1.1170727148, 0.0872773547
H  0.2541325026, -1.8844100424, -0.6455832413
H  0.8166980952, -1.2922170819, 1.1307458602
CP  3.622, 0.965, -0.383
H  4.3279827001, 0.6123253732, 0.386375085
H  3.181644982, 0.2105768412, -0.9846885253
CP  3.2611107868, 2.2416658507, -0.4845048771
H  2.5213540135, 2.5617599235, -1.2974172636
H  3.7057065221, 2.9473629036, 0.1798486207
CN  7.149, 1.749, -0.549
H  6.7398704911, 2.7059913897, -0.8601473206
H  7.5775380649, 1.7054794379, 0.4838145729
CN  7.2493093022, 0.7921011326, -1.4514531254
H  7.758464753, -0.1370917672, -1.3204053587
H  6.8072636506, 0.9927369578, -2.4188780664
