CN  0.095, 0.181, -0.217
H  0.2883534238, -0.8957094856, -0.3973644494
H  0.8905411929, 0.8408631646, -0.0632167682
CN  -1.1760441549, 0.7137319708, -0.315690881
H  -1.3512930033, 1.7718379406, -0.2468182431
H  -2.0211703465, 0.0264059867, -0.4879276685
CP  3.622, 0.965, -0.383
H  4.0461312141, 1.9387814162, -0.2359583328
H  3.1485044557, 0.7772889548, -1.3186543121
CP  3.6518099175, -0.0169562077, 0.51896587
H  3.1675004716, -0.8939367894, 0.2658576737
H  4.1355187856, 0.0941627293, 1.4638091426
CN  7.149, 1.749, -0.549
H  6.8566465815, 0.8401836977, -0.0936404793
H  6.7718271373, 2.71527464, -0.2307742229
CN  7.9609010246, 1.7439906366, -1.5752048844
H  8.1826192031, 2.7626304803, -1.99638369
H  8.3720521125, 0.7821750575, -1.9347161935
