CN  0.095, 0.181, -0.217
H  1.1626711511, 0.0830861646, -0.0602941648
H  -0.1931755792, 0.7688388427, -1.1195904656
CN  -0.8224652866, -0.4942962104, 0.6056609082
H  -1.9376792588, -0.4121141833, 0.5283159596
H  -0.5158998191, -1.0088518546, 1.4720988599
CP  3.622, 0.965, -0.383
H  3.1579049985, 0.58211412, 0.5789123732
H  4.3034895652, 0.2756894349, -0.8378114987
CP  3.4689282744, 2.2310841777, -0.719206626
H  4.0714236122, 2.6944596068, -1.4644413302
H  2.7215046422, 2.8248369624, -0.1530484098
CN  7.149, 1.749, -0.549
H  6.8308890512, 0.7089657874, -0.4466178213
H  7.1781015092, 2.4911611639, 0.2585553479
CN  7.6097088485, 2.2279628883, -1.6969707733
H  8.0191399386, 3.2181232853, -1.7940161512
H  7.6394936398, 1.529295686, -2.5247475825
