CN  0.095, 0.181, -0.217
H  -0.0361509533, -0.9202401101, -0.2294220172
H  0.6640165605, 0.6307686484, -1.0562978136
CN  -0.5525696745, 0.9412787661, 0.836679496
H  -0.4387751616, 2.0309316388, 0.7689864114
H  -1.1010887723, 0.4171438165, 1.6274078932
CP  3.622, 0.965, -0.383
H  3.0246348575, 1.692346043, -0.8927094046
H  3.8592888118, 1.1411700051, 0.6911090547
CP  4.066270548, -0.0785221191, -1.0190946801
H  4.7684156375, -0.8207550046, -0.5069990322
H  3.8641054642, -0.1252176551, -2.0793859248
CN  7.149, 1.749, -0.549
H  7.2669564876, 1.6462844777, -1.6220185074
H  6.3777596966, 1.2693629544, -0.0157988415
CN  7.9396571944, 2.6520574047, 0.0514229899
H  7.76932991, 2.8475865616, 1.1540681795
H  8.6530558526, 3.2069011282, -0.5518655701
