CN  0.095, 0.181, -0.217
H  0.4579926731, -0.8478283563, -0.0665040863
H  -0.1796176543, 0.8416363879, 0.6238708941
CN  -0.1059589401, 0.647953852, -1.5418219855
H  -0.3693830178, 1.6616082595, -1.7524890622
H  0.0855205889, -0.056478423, -2.3386772739
CP  3.622, 0.965, -0.383
H  3.7245208427, 1.6917149647, 0.4562745809
H  3.5095505021, -0.0453526629, -0.1392113944
CP  3.644730661, 1.391688574, -1.6213584148
H  3.3740246452, 0.6782917635, -2.4530503054
H  3.8603395529, 2.4072799137, -1.8206776806
CN  7.149, 1.749, -0.549
H  7.1574268958, 2.7081665623, -0.0451518873
H  6.7906801315, 1.6119277302, -1.5892519566
CN  7.6515854739, 0.7068025516, 0.064794067
H  7.7561169953, -0.3135023175, -0.4208743739
H  7.9743445256, 0.796479529, 1.1096316356
