CN  0.095, 0.181, -0.217
H  0.5500219868, 0.7754592947, -1.1051931895
H  -0.7066335339, 0.6166493771, 0.3764667756
CN  0.5467005389, -1.1038148456, 0.1670791077
H  0.0075570396, -1.5473635949, 1.0157047966
H  1.3215677205, -1.6397998991, -0.3959959534
CP  3.622, 0.965, -0.383
H  3.0203158838, 0.9004815089, 0.538654213
H  4.4895345481, 0.3720302265, -0.4066760461
CP  3.3335705314, 1.7739773601, -1.3923386895
H  3.9817167837, 1.9454676049, -2.2938282999
H  2.4692732103, 2.3829300029, -1.3194777288
CN  7.149, 1.749, -0.549
H  7.2012969824, 0.7862110026, -0.0461039729
H  7.1432228763, 1.7621577528, -1.6379918812
CN  6.9938604174, 2.8362327374, 0.17513727
H  6.922899018, 3.8039020894, -0.3197044439
H  6.8915388214, 2.7924350331, 1.2847146142
