CN  0.095, 0.181, -0.217
H  0.5835425098, 1.0373489002, 0.208457916
H  0.5826754946, -0.305146113, -1.0468209721
CN  -1.1358905029, -0.2485911601, 0.259301479
H  -1.6780248976, -1.0822190085, -0.1268565807
H  -1.5696580298, 0.1909808365, 1.1725685829
CP  3.622, 0.965, -0.383
H  3.7127292318, 1.6073990805, 0.479410153
H  3.7752658233, -0.1162207972, -0.2919954415
CP  3.1728207031, 1.4823354979, -1.5485980409
H  2.984064648, 0.8609980883, -2.4360991126
H  2.9692471073, 2.5453589897, -1.6732165926
CN  7.149, 1.749, -0.549
H  6.0869996999, 2.0663188797, -0.7550282468
H  7.7068275301, 2.403238201, 0.0680024626
CN  7.707593786, 0.7304323637, -1.1683867623
H  8.754309297, 0.5380209492, -0.9692901829
H  7.1119363973, 0.0767670693, -1.820952959
