CN  0.095, 0.181, -0.217
H  -0.4002820436, 1.0873866991, 0.1597727665
H  0.1369460711, -0.0869818199, -1.2498770861
CN  0.4999109503, -0.7780923878, 0.6856379237
H  0.7723984525, -1.7971689976, 0.5074334391
H  0.4066661354, -0.5206891077, 1.7568805296
CP  3.622, 0.965, -0.383
H  2.9438483571, 0.1028627021, -0.5054130487
H  4.1661495519, 1.0279279052, 0.6107971561
CP  3.7244957933, 1.8378384953, -1.3804011144
H  4.4307610177, 2.6397168097, -1.2615864508
H  3.1845535501, 1.7311625284, -2.2935573995
CN  7.149, 1.749, -0.549
H  6.9537351977, 2.88777431, -0.5548740359
H  6.3392942078, 1.0420532258, -0.7489507892
CN  8.3399696781, 1.2580864537, -0.243735135
H  8.4558030737, 0.1540713098, -0.1717358267
H  9.1551329797, 1.9406297443, 0.0090584137
