CN  0.095, 0.181, -0.217
H  -0.0956956686, -0.2548817051, -1.2031910174
H  1.0177979193, -0.0073074988, 0.3164678494
CN  -0.8464860502, 1.0712724906, 0.3456487775
H  -0.5771106908, 1.6609416046, 1.2216815141
H  -1.7178520334, 1.3893961763, -0.2403501534
CP  3.622, 0.965, -0.383
H  3.0472793545, 1.6776522302, 0.1843698101
H  3.9110952821, 1.2803689241, -1.3751761171
CP  3.8937471821, -0.225276004, 0.2008164405
H  4.5818555916, -0.98016216, -0.3528046742
H  3.4757308761, -0.5255584888, 1.1848857477
CN  7.149, 1.749, -0.549
H  6.8914773891, 2.2698060837, -1.4599732046
H  6.6805731036, 0.7836053548, -0.5019889689
CN  8.0396848437, 2.1164987663, 0.3291926036
H  8.1950836736, 1.5732316406, 1.2468803089
H  8.508691213, 3.0748482049, 0.1873603925
