CN  0.095, 0.181, -0.217
H  -0.6786025515, -0.2272714794, -0.9214742901
H  1.0149172316, -0.3311852191, -0.1233172209
CN  -0.1494011586, 1.3555937686, 0.4895169007
H  0.5753988601, 1.7903439689, 1.1409507362
H  -1.0768332275, 1.9045002485, 0.3645456256
CP  3.622, 0.965, -0.383
H  3.9579981206, 1.9768046457, -0.376463566
H  3.7420421272, 0.315100499, 0.5571134046
CP  3.1619740518, 0.484888625, -1.5052258983
H  2.8812772274, -0.5810161179, -1.5392838127
H  2.9800642394, 1.1155437874, -2.4191432974
CN  7.149, 1.749, -0.549
H  6.0802350887, 1.9855311229, -0.3316913061
H  7.7535001741, 2.4801157882, -1.0361158661
CN  7.6873379439, 0.6289031799, -0.06873126
H  8.685042103, 0.4117433737, -0.2837766167
H  7.0954190446, -0.080454414, 0.4781615948
