CN  0.095, 0.181, -0.217
H  0.3972837131, -0.5101298849, -1.036381668
H  0.7012958578, 0.2041063191, 0.6809467244
CN  -1.0872405115, 0.9456385858, -0.2904993197
H  -1.2968795149, 1.6550126442, 0.4807658854
H  -1.7141765397, 0.8761037932, -1.0958393366
CP  3.622, 0.965, -0.383
H  3.2650152327, 0.6435121705, 0.6018036805
H  3.9588557602, 1.9596877991, -0.5985521464
CP  3.7791800971, 0.0614519403, -1.3455220934
H  4.1744593392, 0.4010241586, -2.3071565102
H  3.5720991056, -1.0583594921, -1.2294128184
CN  7.149, 1.749, -0.549
H  7.806607613, 0.9061067367, -0.8316340313
H  6.2549023037, 2.009753802, -1.1089968843
CN  7.3538135716, 2.4798289209, 0.5510400389
H  6.5695430841, 3.234288262, 0.8516843387
H  8.2663728163, 2.3289582062, 1.1212484806
