CN  0.095, 0.181, -0.217
H  -0.6615330201, 0.242146768, 0.609724609
H  1.0697595213, 0.6036668615, -0.0955126362
CN  -0.3422072482, -0.426679323, -1.4290905961
H  0.3088600131, -0.5781915427, -2.310633034
H  -1.3723107778, -0.8783677504, -1.4455744555
CP  3.622, 0.965, -0.383
H  3.1961949535, 1.6027792021, 0.4096874244
H  3.5866190997, 1.2641964986, -1.4217767799
CP  4.1590982811, -0.1507695138, 0.0335882348
H  4.6531655319, -0.7586373904, -0.7544698751
H  3.9511669419, -0.4798173175, 0.9919071716
CN  7.149, 1.749, -0.549
H  6.3550294546, 1.1339091547, -0.896448132
H  6.968407827, 2.785746245, -0.4564542178
CN  8.2477582921, 1.1854072337, -0.0350283186
H  9.0172231255, 1.8652126665, 0.3598765597
H  8.2594975571, 0.0720196016, -0.0221896542
