CN  0.095, 0.181, -0.217
H  0.6075573151, 0.5410915019, 0.6714374533
H  0.5856691662, -0.0935012426, -1.1167140398
CN  -1.2793300141, -0.1181906422, -0.0743229484
H  -1.8479516068, -0.5610488479, -0.8799510457
H  -1.6875235509, 0.0177007204, 0.8805339477
CP  3.622, 0.965, -0.383
H  4.125354625, 0.1593157493, -0.8881547414
H  3.3574394781, 0.9206609832, 0.6852464776
CP  3.1942632759, 1.9560744007, -1.1360756195
H  2.7019895723, 2.8049018464, -0.6696390428
H  3.3972935687, 1.89688747, -2.2446140233
CN  7.149, 1.749, -0.549
H  7.63620882, 2.6956470643, -0.8007364698
H  6.1397583792, 1.6548619633, -0.3285179838
CN  7.8307297473, 0.6177427783, -0.522181896
H  7.2189761278, -0.3030426793, -0.3194960743
H  8.8842269848, 0.6911301767, -0.8093290696
