CN  0.095, 0.181, -0.217
H  0.9070027405, 0.5035829455, -0.855624032
H  -0.8361397848, 0.8638250316, -0.1887929394
CN  0.113312837, -0.941428299, 0.6566080141
H  -0.7139895952, -1.1326323498, 1.3402828793
H  1.0008719481, -1.5220511544, 0.6274556207
CP  3.622, 0.965, -0.383
H  3.6130488287, 0.3556126659, 0.5579214114
H  4.1076683292, 0.6110223086, -1.2483400008
CP  3.0801738676, 2.1902555332, -0.4799111418
H  3.1545563313, 2.7656771347, -1.3790156424
H  2.6368611524, 2.522574932, 0.4548905664
CN  7.149, 1.749, -0.549
H  6.8222462575, 1.3835277772, -1.5344391273
H  7.0562365935, 2.8044425572, -0.2758192999
CN  7.6477847658, 0.8940398738, 0.3160886924
H  7.9428845337, 1.1863923831, 1.3293786908
H  7.7879275709, -0.1796348085, 0.010539853
