CN  0.095, 0.181, -0.217
H  0.8135541827, -0.3396631921, 0.4653067316
H  0.3589812756, 0.5821508584, -1.1894322605
CN  -1.211658939, 0.2332871394, 0.2257643237
H  -2.0844169745, 0.6510891582, -0.3536079367
H  -1.4354959354, -0.1873645277, 1.1673754335
CP  3.622, 0.965, -0.383
H  3.7734450424, -0.0491809407, -0.0191206278
H  3.2814620481, 1.2083419928, -1.418165685
CP  3.9257120049, 1.935788076, 0.4261060636
H  3.8176542146, 3.0203497795, 0.1664816138
H  4.3107733, 1.6110318866, 1.4273965484
CN  7.149, 1.749, -0.549
H  6.5972364883, 2.1944280003, -1.3473583807
H  7.4576552885, 0.7014789051, -0.5728271998
CN  7.5833656509, 2.6233491728, 0.3806926705
H  8.2698450035, 2.2728933847, 1.1352005418
H  7.3724135397, 3.6963877048, 0.1993760268
