CN  0.095, 0.181, -0.217
H  1.0643291672, -0.3020668766, -0.3595594587
H  -0.1136013462, 1.1860431104, -0.6169499597
CN  -0.9458393367, -0.4478069863, 0.4482990946
H  -1.8794879329, -0.0092424462, 0.6051611677
H  -0.8817271139, -1.5117567545, 0.7868902428
CP  3.622, 0.965, -0.383
H  3.0825283707, 1.8530268497, -0.2385690367
H  3.9923147543, 0.7617844033, -1.4166372201
CP  3.7851525227, 0.201495294, 0.7183253954
H  4.2937140457, -0.7378553854, 0.7077865307
H  3.3041100857, 0.4977510328, 1.6016778048
CN  7.149, 1.749, -0.549
H  7.1013884264, 1.6768428139, 0.5055422798
H  7.4361414886, 0.8678362229, -1.1471359974
CN  6.4571472506, 2.7692993754, -1.0607959476
H  6.4392623094, 2.8620771099, -2.1564134665
H  6.0120165597, 3.5555981235, -0.4534063596
