CN  0.095, 0.181, -0.217
H  0.0747976292, 0.8261624727, 0.6559683183
H  0.701013506, -0.701875036, -0.1936665288
CN  -0.6661275677, 0.4303301467, -1.3758719149
H  -0.594019402, -0.3106625107, -2.1960787976
H  -1.257853956, 1.3257194353, -1.4432585605
CP  3.622, 0.965, -0.383
H  3.1662608129, 0.0813536992, -0.8031669205
H  4.1920695907, 1.6330111155, -1.057895404
CP  3.4920322459, 1.255777792, 0.8727101815
H  3.8062377167, 2.2271407507, 1.2674233605
H  3.0113902207, 0.5615174857, 1.5540668057
CN  7.149, 1.749, -0.549
H  6.4379469605, 2.5591229202, -0.9175271069
H  7.0894071271, 1.3966196318, 0.4991561092
CN  7.9747022621, 1.0845004627, -1.3909733573
H  8.5096518485, 0.2496657794, -1.0254096072
H  8.0084277527, 1.4502862497, -2.3989673883
