CN  0.095, 0.181, -0.217
H  1.1239176293, -0.2044896501, -0.3861380691
H  -0.6394974603, -0.14258679, -0.9568091265
CN  -0.2663568107, 0.8414437581, 0.9721866948
H  -1.3305375699, 1.1693123144, 1.0959086399
H  0.4416142311, 1.0495072548, 1.719383536
CP  3.622, 0.965, -0.383
H  3.847352555, -0.0025706412, 0.0952819471
H  3.3473866704, 1.8503827856, 0.160118637
CP  3.6810721108, 0.9973572269, -1.6833855746
H  3.4430700009, 1.8607257903, -2.2222539716
H  3.9242406038, 0.1132157106, -2.2090985082
CN  7.149, 1.749, -0.549
H  6.7853566265, 0.8247089023, -0.0836915074
H  7.1332974912, 1.933957018, -1.6662083453
CN  7.5568411067, 2.711968914, 0.2577471407
H  7.6545402171, 3.7213268459, -0.1898327585
H  7.6427707572, 2.4763641345, 1.3198301789
