CN  0.095, 0.181, -0.217
H  0.7846275559, 0.2910428918, -0.9981220543
H  0.1408066133, 0.7761810618, 0.695271929
CN  -0.8832442797, -0.8065381306, -0.3173062978
H  -1.6028705519, -0.9748834236, 0.4579513625
H  -0.9146061272, -1.4296647061, -1.1973260366
CP  3.622, 0.965, -0.383
H  4.285620982, 0.9634865538, 0.4253308278
H  3.0662304475, 0.1238930796, -0.7226908748
CP  3.3965212217, 2.0697463746, -1.0482991734
H  2.5899768801, 2.0592557472, -1.8681542843
H  3.8500880323, 3.021413236, -0.7293985564
CN  7.149, 1.749, -0.549
H  6.4479100596, 2.5824655348, -0.6296772821
H  6.7397517587, 0.7562404383, -0.4537515165
CN  8.4315807585, 2.0072419096, -0.6178455842
H  9.1272033384, 1.187850792, -0.5358686768
H  8.8306503226, 2.9792638295, -0.769802737
