CN  0.095, 0.181, -0.217
H  0.3807952396, 0.3624888968, 0.7839792918
H  0.5906690382, 0.6242858559, -1.0897675042
CN  -1.0599499671, -0.6183273137, -0.4165505281
H  -1.4474306739, -0.8329344902, -1.4176447843
H  -1.5904197697, -1.0153953088, 0.4460546479
CP  3.622, 0.965, -0.383
H  2.690309849, 1.4162909008, -0.0645122664
H  4.2965386471, 1.5728905273, -1.0746661035
CP  3.8700943052, -0.297990973, -0.1356434025
H  4.7482684867, -0.734012342, -0.5131784657
H  3.1321772138, -0.7800108302, 0.5061841582
CN  7.149, 1.749, -0.549
H  6.3741664651, 1.3949287947, -1.2374710977
H  7.9320630243, 1.042117039, -0.2431895224
CN  7.2463744136, 3.0453608796, -0.1658087541
H  8.0581143664, 3.3361678887, 0.4404676162
H  6.5379374716, 3.7785810076, -0.4349447276
