CN  0.095, 0.181, -0.217
H  0.6625841744, 1.1141017121, -0.2552324672
H  -0.5507055672, -0.1448724993, -1.0273670326
CN  0.35466323, -0.7125302145, 0.7760456673
H  -0.1308557709, -1.6283062472, 0.699776895
H  1.1168291865, -0.5396499648, 1.5284805656
CP  3.622, 0.965, -0.383
H  3.7028465962, 0.7268093998, 0.6424719219
H  3.5359255232, 0.0836048857, -1.0838363154
CP  3.5934266658, 2.1630634307, -0.8551026004
H  3.6266310594, 2.2815890431, -1.9588588293
H  3.7638352206, 3.0284328372, -0.174375976
CN  7.149, 1.749, -0.549
H  6.7859390176, 0.9842954785, 0.0789361592
H  6.4882460411, 2.4604997217, -1.016883177
CN  8.4324511879, 1.8974764006, -0.7831614283
H  8.7036083392, 2.7327400605, -1.4270780887
H  9.1212043509, 1.2588499029, -0.2267820406
