CN  0.095, 0.181, -0.217
H  0.7162042078, 0.3981471925, -1.0533509654
H  -0.0884635388, -0.8779270838, 0.0018333703
CN  -0.34473159, 1.2590495277, 0.5423970026
H  -0.8780934043, 1.0602451702, 1.4335933631
H  -0.2285290307, 2.283119272, 0.1977974574
CP  3.622, 0.965, -0.383
H  3.4126816851, 0.6868711423, 0.636724646
H  3.7983804438, 0.1087576669, -1.0308208253
CP  3.5241322708, 2.1962767262, -0.9505306794
H  3.7174197302, 2.3133588231, -1.9693467388
H  3.1480306544, 2.9891441823, -0.2832736893
CN  7.149, 1.749, -0.549
H  6.611128679, 1.48575931, 0.3404762314
H  7.5781098431, 2.7331906315, -0.6452638684
CN  7.1578489589, 1.0043460759, -1.6621585247
H  7.7324192362, 1.285408338, -2.559001653
H  6.7220550954, 0.0248746694, -1.6584352777
