CN  0.095, 0.181, -0.217
H  -0.9872556403, 0.0523406663, -0.5367318496
H  0.9748227056, 0.2654003377, -0.9018257695
CN  0.316497141, 0.0248705314, 1.1527586739
H  1.3036085419, 0.0497963134, 1.6469948334
H  -0.5636728177, -0.0167116063, 1.8092251672
CP  3.622, 0.965, -0.383
H  2.9902855983, 1.8333033766, -0.3822622582
H  4.0871743867, 0.6323929535, 0.5199036839
CP  3.9616679057, 0.4221470233, -1.556665794
H  4.7341757619, -0.3603400747, -1.6265071477
H  3.5530801407, 0.8768748359, -2.4700730085
CN  7.149, 1.749, -0.549
H  7.609922241, 0.9132444782, -1.0535478202
H  6.4194196268, 2.3148341862, -1.0791488283
CN  7.3990556343, 2.1471007122, 0.7221978854
H  6.7154007429, 2.9339954078, 1.2147350458
H  8.2203212884, 1.6688135097, 1.273731732
