CN  0.095, 0.181, -0.217
H  0.5973458812, 0.2659832075, 0.7669704432
H  0.1181725968, 0.9334454486, -1.0584800079
CN  -0.8461792111, -0.8159010177, -0.3234863459
H  -1.4526268144, -0.9250410901, -1.2079017544
H  -0.9192471093, -1.4776475623, 0.5291604045
CP  3.622, 0.965, -0.383
H  2.7043700957, 0.3634601722, -0.1752546409
H  4.549425333, 0.4929502635, -0.2339875103
CP  3.4758553951, 2.1863158944, -0.8636847823
H  4.3125993574, 2.8553542742, -1.1844360665
H  2.4663487524, 2.5375181565, -1.0912710284
CN  7.149, 1.749, -0.549
H  7.5212956512, 1.8967074772, -1.57489783
H  6.3482898436, 2.3337638315, -0.1839806161
CN  7.7408005073, 0.8504823937, 0.2403082956
H  7.5748191648, 0.9098898931, 1.2994770983
H  8.6084310326, 0.3489054628, -0.0985480379
