CN  0.095, 0.181, -0.217
H  0.1041176696, -0.3518257413, 0.7243210747
H  0.4070621803, -0.3341412047, -1.1177697317
CN  -0.2954151268, 1.5039730283, -0.3868005288
H  -0.2196073639, 1.9380992142, -1.4004154165
H  -0.5698098474, 2.1240531226, 0.4486978596
CP  3.622, 0.965, -0.383
H  3.7941609543, 0.0938557638, 0.2300474639
H  3.5953251284, 1.9550012453, 0.0470784909
CP  3.7460881718, 0.7882171075, -1.6786442024
H  3.5797958335, 1.7445807521, -2.2969296571
H  3.9252264962, -0.1264958225, -2.1387063919
CN  7.149, 1.749, -0.549
H  6.6858394025, 0.939136572, -1.1233020247
H  6.6392987679, 2.1163276502, 0.302477378
CN  8.3216368737, 2.2912613544, -0.8312145396
H  8.7290826922, 3.0591460132, -0.1558022232
H  8.827594685, 1.9871520833, -1.799509813
