CN  0.095, 0.181, -0.217
H  0.3644158356, -0.5425361507, 0.5634142464
H  -0.0024249832, -0.1246868989, -1.268322554
CN  -0.1349031821, 1.4796357294, 0.1964520501
H  -0.5634855841, 2.2749056644, -0.4704882521
H  -0.1050093696, 1.7201903969, 1.2287292934
CP  3.622, 0.965, -0.383
H  3.0450324112, 0.4793928774, -1.1744350511
H  4.0649016285, 1.9195781888, -0.4853576136
CP  3.784621583, 0.2119618801, 0.6619430194
H  4.3069957651, 0.5271386402, 1.6010229563
H  3.2713421381, -0.7771153705, 0.7002485173
CN  7.149, 1.749, -0.549
H  7.8376509696, 0.9696100882, -0.5406955547
H  6.423776772, 1.8317350905, -1.356057838
CN  7.061079751, 2.5645503768, 0.5057696427
H  6.2570766565, 3.2560426695, 0.5134782735
H  7.8211069841, 2.4954768808, 1.229843355
