CN  0.095, 0.181, -0.217
H  -0.07605136, 1.24793588, -0.3794973438
H  0.4527794983, -0.1735728009, 0.7189240036
CN  -0.1072370437, -0.7047865263, -1.255219381
H  0.158863381, -1.7168282096, -1.170096509
H  -0.3921341745, -0.3682064565, -2.2507508466
CP  3.622, 0.965, -0.383
H  4.2076847732, 0.5264882412, -1.1537937787
H  3.1839851199, 0.3666497248, 0.4234696607
CP  3.3645865426, 2.2622401348, -0.287569693
H  2.6780761081, 2.6518649548, 0.5227879153
H  3.8128285453, 2.9069965976, -1.0306998108
CN  7.149, 1.749, -0.549
H  6.2846626797, 1.1655311496, -0.2566933188
H  7.7153979371, 2.2794762902, 0.1815015929
CN  7.634830618, 1.6792949131, -1.760941003
H  8.5628922933, 2.1138337532, -2.1671421842
H  7.0768392227, 1.1068475173, -2.5149527491
