CN  0.095, 0.181, -0.217
H  0.1537922089, 0.7937497344, 0.6989853888
H  0.045840336, -0.8978594316, -0.0746170036
CN  -0.0862055601, 0.7492239926, -1.4939801006
H  -0.3085508078, 0.0747229312, -2.3839189526
H  -0.1315105918, 1.8347597414, -1.5265061763
CP  3.622, 0.965, -0.383
H  2.7026611704, 1.0194149346, 0.241451382
H  4.5964295411, 0.8074545141, 0.0549087239
CP  3.5086956205, 1.3371276398, -1.6382711266
H  4.3557857787, 1.3649681657, -2.2624011952
H  2.5066581869, 1.5806936984, -2.0158474039
CN  7.149, 1.749, -0.549
H  6.3420843823, 2.4622164806, -0.2846744107
H  6.9601722158, 0.6983113997, -0.6160855616
CN  8.3986381085, 2.114376613, -0.6343614936
H  9.1683971132, 1.4405656554, -0.9838554775
H  8.5610620631, 3.1555815469, -0.5175704574
