CN  0.095, 0.181, -0.217
H  0.1965399329, 0.4912883976, -1.2726706639
H  0.1227019805, 0.8632600795, 0.6758936142
CN  0.1000116468, -1.1582754679, 0.0656270194
H  0.040569217, -1.4638630497, 1.0771356772
H  0.2044881184, -1.9500146536, -0.7377765871
CP  3.622, 0.965, -0.383
H  4.2191203254, 1.8073318683, -0.638801337
H  2.8078130986, 0.6275100807, -1.0529914903
CP  3.875640356, 0.320098849, 0.7407885369
H  3.1144288575, -0.4448406502, 1.0206414512
H  4.7266847668, 0.5727013734, 1.4145813493
CN  7.149, 1.749, -0.549
H  7.2921894857, 1.2862682813, 0.4271016125
H  6.6884454834, 2.779154229, -0.6166853758
CN  7.6398045575, 1.1611627374, -1.6175844368
H  7.5543596917, 1.65226991, -2.5914758293
H  8.2019353186, 0.19989651, -1.5453365615
