CN  0.095, 0.181, -0.217
H  0.0064739115, 0.6536967566, -1.1949197375
H  0.7158841469, 0.7118549373, 0.4691456421
CN  -0.586435617, -1.0137160313, 0.0835992858
H  -0.490780365, -1.4052480723, 1.0807360672
H  -1.0632319312, -1.6188353095, -0.6939578386
CP  3.622, 0.965, -0.383
H  4.2323256406, 0.4653302953, -1.2109929649
H  3.4990470792, 0.4906381951, 0.6354202732
CP  3.2202827139, 2.1501240847, -0.6857776136
H  2.7694380724, 2.8142822566, 0.0584605276
H  3.5540585848, 2.6280627951, -1.5696590999
CN  7.149, 1.749, -0.549
H  7.3677779511, 1.0564067519, 0.2327857179
H  7.0928635115, 1.339076871, -1.5528058325
CN  7.0182873389, 3.0576255317, -0.3367892222
H  6.8412630219, 3.7697268243, -1.1021451764
H  7.1536320938, 3.4029568174, 0.6868792965
