CN  0.095, 0.181, -0.217
H  1.0466992362, -0.2654433476, -0.5666045588
H  -0.3774609794, 0.9099415754, -0.8736781125
CN  -0.583763649, -0.4032810081, 0.8353076129
H  -1.575417586, -0.0935714488, 1.060767319
H  -0.084731406, -1.191933659, 1.3899314485
CP  3.622, 0.965, -0.383
H  3.9412537071, 0.4853470783, -1.2664652868
H  3.2464388124, 2.0025454281, -0.4151909175
CP  3.7102422156, 0.3397271167, 0.7931856672
H  3.4263880265, 0.730501798, 1.6886124037
H  4.0711054906, -0.687301358, 0.8011478632
CN  7.149, 1.749, -0.549
H  6.5083868461, 2.5093207177, -0.9186306615
H  6.8419448008, 0.7185979832, -0.3979469419
CN  8.3290226091, 2.1335568859, -0.1620616685
H  9.058569947, 1.4559614691, 0.3536584523
H  8.5668724747, 3.2388857977, -0.1786882363
