CN  0.095, 0.181, -0.217
H  0.1773033341, 0.5851896805, 0.7889676442
H  0.9725631481, -0.2329968667, -0.7171306356
CN  -0.9925944133, 0.4830597677, -1.0199002859
H  -0.9313026894, 0.2290503574, -2.0683808721
H  -1.8659252209, 1.0212860426, -0.5653739944
CP  3.622, 0.965, -0.383
H  3.7766396445, 0.6336475918, 0.6440150753
H  4.1134667581, 0.3940450686, -1.1972319378
CP  2.9315457437, 2.0859979742, -0.5829963526
H  2.7261729844, 2.4365765165, -1.6057761282
H  2.4842055938, 2.6724824631, 0.2661660568
CN  7.149, 1.749, -0.549
H  6.7313342555, 2.7321695116, -0.2168060878
H  7.2879925653, 1.6023573419, -1.6286316255
CN  7.2803900336, 0.7374782688, 0.2621249742
H  7.5967656319, -0.2863620355, -0.0605697509
H  7.1266883381, 0.9897649414, 1.352124382
