CN  0.095, 0.181, -0.217
H  0.492535478, 1.163682836, -0.5198845708
H  -0.0725464274, 0.011661085, 0.7919168354
CN  -0.3192353318, -0.7637410867, -1.1830577201
H  -0.7203479555, -1.7227593562, -0.9460428854
H  -0.4457553134, -0.4111684565, -2.206619455
CP  3.622, 0.965, -0.383
H  2.9988534596, 1.1784932664, -1.2307183765
H  4.2876018581, 1.6911155636, 0.0647002384
CP  3.6683597745, -0.2796210335, 0.0247898176
H  4.408133991, -0.6040114621, 0.685360387
H  3.0066738776, -1.0415904694, -0.425594952
CN  7.149, 1.749, -0.549
H  6.4702360292, 2.5859772386, -0.4904505822
H  6.8852738529, 0.6944571832, -0.4683990622
CN  8.3786580909, 2.0082079063, -0.8215398694
H  9.1659714635, 1.2884774924, -1.0113571714
H  8.6137917195, 3.0381175012, -0.840298739
