CN  0.095, 0.181, -0.217
H  0.0493435363, 0.6738790066, 0.750467172
H  0.642371725, -0.7371585456, -0.2921128928
CN  -0.435265721, 0.774851449, -1.3692107014
H  -0.2070966516, 0.2968931158, -2.3288191588
H  -0.8450509503, 1.7969959853, -1.2714956061
CP  3.622, 0.965, -0.383
H  3.5966213675, 0.1094474647, -1.0767891507
H  3.6657305785, 0.7840606705, 0.6526688016
CP  3.6967746308, 2.1999711233, -0.9207275186
H  3.7786907437, 3.0969133202, -0.2898531346
H  3.6391601147, 2.3189317043, -1.9629563694
CN  7.149, 1.749, -0.549
H  6.2891342608, 1.5672556378, 0.143377472
H  7.6154441619, 0.9001207404, -1.001924475
CN  7.7810706568, 2.8692446618, -0.7868234744
H  8.731526276, 2.9246206932, -1.3248265583
H  7.4918007543, 3.7283059828, -0.1997259057
