CN  0.095, 0.181, -0.217
H  -0.4876095744, 1.0476343986, -0.2277683385
H  0.9354335636, 0.0948101727, 0.4280502311
CN  -0.3043556761, -0.9133708529, -0.987891388
H  0.2498655001, -1.8173398148, -0.9736519632
H  -1.1485703226, -0.8340073696, -1.63146088
CP  3.622, 0.965, -0.383
H  3.1662538261, 0.8799658807, -1.2852557382
H  4.0389365621, 0.1116432023, 0.1065437347
CP  3.7455372573, 2.1297376722, 0.2033419726
H  4.2401076979, 2.2880454591, 1.2034052089
H  3.3872475214, 2.9640011418, -0.3093867967
CN  7.149, 1.749, -0.549
H  6.9093677449, 1.6343268977, 0.5121516103
H  6.4809493693, 2.244745409, -1.2895062969
CN  8.2619832532, 1.2632382755, -1.0769735204
H  8.4898663763, 1.3891572175, -2.1133222559
H  8.9114605082, 0.7287114929, -0.4384871525
