CN  0.095, 0.181, -0.217
H  -0.8148515876, -0.1270063075, -0.8216409936
H  1.0419804386, -0.2178940753, -0.533237233
CN  -0.0559777006, 1.0563942851, 0.8835632968
H  0.7750304033, 1.3059132034, 1.5266480867
H  -0.9855865891, 1.5071656313, 1.1402970636
CP  3.622, 0.965, -0.383
H  3.5147644453, 0.6392376878, 0.6161424624
H  3.7205900521, 0.2670719987, -1.22657218
CP  3.3831941546, 2.2557174216, -0.5167813673
H  3.3964513002, 2.7527396386, -1.4368946949
H  3.319043927, 2.8478845046, 0.428166981
CN  7.149, 1.749, -0.549
H  6.6853088025, 0.7868906175, -0.6418266408
H  6.5747234573, 2.6426988533, -0.2418476294
CN  8.490230533, 1.8447739948, -0.7172074044
H  8.9836060272, 2.733444293, -0.5718225306
H  9.047920313, 0.9562693398, -0.9454668743
