CN  0.095, 0.181, -0.217
H  1.0184117835, -0.1146995618, -0.6498982488
H  -0.5569864885, 0.8546903887, -0.7479213453
CN  -0.2573564095, -0.313410102, 1.05769288
H  -1.231341465, -0.1043800159, 1.5030763201
H  0.4125182867, -1.0877144539, 1.4464337863
CP  3.622, 0.965, -0.383
H  4.1851005941, 1.0270787561, 0.5279963988
H  2.8858377745, 1.7274838254, -0.5673602826
CP  3.7402471901, -0.0170312496, -1.2017508414
H  3.0641491691, -0.0571479586, -2.0211865879
H  4.4724542271, -0.8061379964, -1.1014722087
CN  7.149, 1.749, -0.549
H  7.4921878789, 1.2241964206, -1.408564897
H  6.4741833187, 2.6071725904, -0.5709680693
CN  7.5903481442, 1.402008879, 0.6174653187
H  7.2861490749, 1.9484286077, 1.5359706399
H  8.3364879209, 0.6058132499, 0.7403830424
