CN  0.095, 0.181, -0.217
H  0.3397157948, 1.2751390337, -0.2718213824
H  -0.1849821826, -0.1736673157, 0.8018608454
CN  0.1599527278, -0.5687242294, -1.3896258191
H  -0.0489767717, -1.6152124265, -1.371677265
H  0.3223730512, -0.0142465628, -2.3218668481
CP  3.622, 0.965, -0.383
H  4.2242741626, 1.8636750849, -0.3137795899
H  2.7852514882, 0.8387333878, 0.2801227255
CP  4.1948484183, -0.0657179861, -0.9839594009
H  3.6704453164, -0.9973315405, -1.0446625659
H  5.1628024809, 0.0853009626, -1.5224973053
CN  7.149, 1.749, -0.549
H  7.2522266638, 2.4901669067, -1.3218258155
H  6.4818535242, 1.8997844698, 0.3010378708
CN  7.9876910928, 0.7412719869, -0.600770578
H  7.98763533, -0.1109143942, 0.0482537304
H  8.7688293002, 0.7305017373, -1.389105826
