CN  0.095, 0.181, -0.217
H  0.0027123611, -0.7013998842, -0.8128049029
H  0.3450287959, 1.1000395887, -0.6519755589
CN  -0.2212589705, 0.1022842867, 1.1416396866
H  -0.0662751177, 0.9398558375, 1.7633167583
H  -0.567965612, -0.7933133572, 1.6415420098
CP  3.622, 0.965, -0.383
H  3.5057885598, 1.7827889792, -1.091865746
H  4.0813603682, 0.0411744616, -0.6605053395
CP  3.4623706817, 1.3032192115, 0.8659321005
H  3.7574656559, 0.5965846861, 1.6554597505
H  3.0386445939, 2.2677422133, 1.0319116329
CN  7.149, 1.749, -0.549
H  7.5860880875, 1.4658693007, -1.5283864768
H  6.1404456393, 2.0831945164, -0.4982226541
CN  7.9385526048, 1.6792998011, 0.4882290131
H  7.6585593066, 1.9851813147, 1.4675943162
H  8.9644710829, 1.3587125589, 0.3545232473
