CN  0.095, 0.181, -0.217
H  1.1395590421, -0.1285822354, -0.5286602374
H  -0.7083334975, -0.0097993703, -0.9149474089
CN  -0.2823697725, 0.6140566005, 1.0426351653
H  -1.3101860597, 0.9931558221, 1.3298492815
H  0.4343827482, 0.5543608435, 1.8178592096
CP  3.622, 0.965, -0.383
H  3.5706295473, 1.1227510549, 0.6967997304
H  4.0868362497, 0.0765517339, -0.7541656107
CP  3.099901781, 1.9154640228, -1.1565177498
H  2.9689991956, 1.679406262, -2.1878000341
H  2.5999387129, 2.8214044105, -0.7712565707
CN  7.149, 1.749, -0.549
H  6.7238294894, 1.4317490091, 0.3959763553
H  6.4688793832, 1.8075320974, -1.380601521
CN  8.406219204, 2.1853589871, -0.6430595391
H  8.6955069703, 2.5506198193, -1.624330922
H  9.1263192057, 2.0924067204, 0.2398673816
