CN  0.095, 0.181, -0.217
H  0.8203630779, 0.1578146614, -0.9361879366
H  0.3946495683, 0.1251101484, 0.8541971848
CN  -1.2107148261, 0.4870738943, -0.5518622114
H  -1.9597458228, 0.597402954, 0.2474133869
H  -1.4383980577, 0.5908234031, -1.6226462319
CP  3.622, 0.965, -0.383
H  4.4600897041, 0.4416447224, -0.7316439119
H  3.0416788632, 0.5442767458, 0.3932884454
CP  3.3383287927, 2.1280507016, -0.8871361567
H  2.4727869896, 2.6615955493, -0.4099202503
H  3.891184451, 2.6268844088, -1.6571633431
CN  7.149, 1.749, -0.549
H  7.5738080273, 2.7716970278, -0.5976854779
H  6.7740677926, 1.3076385412, -1.420849663
CN  7.0909701016, 1.0981658144, 0.6009615558
H  6.7328020411, 0.0539402059, 0.6455125111
H  7.4084716743, 1.5475629043, 1.4726793915
