CN  0.095, 0.181, -0.217
H  0.176834226, 0.9964657925, 0.4936607076
H  0.9453567112, -0.1596207726, -0.8512501569
CN  -1.1812388599, -0.3313431734, -0.4068585278
H  -1.3401954061, -1.163643265, -1.124696051
H  -2.0624243272, 0.0835910154, 0.0759342136
CP  3.622, 0.965, -0.383
H  3.8681957103, -0.1096033419, -0.4587132647
H  3.1500404727, 1.4056103439, -1.2744083743
CP  3.831634616, 1.5833766631, 0.790809836
H  3.5587800448, 2.5751084232, 0.8945611835
H  4.1858277404, 0.9768195771, 1.5973485733
CN  7.149, 1.749, -0.549
H  6.4335764453, 2.5393198399, -0.8199373021
H  7.1634448247, 0.8204170594, -1.0593931807
CN  7.9752323709, 2.0179529053, 0.4485717058
H  8.7059360722, 1.2255726798, 0.8158528134
H  7.9945958696, 3.0060204701, 0.9421753779
