CN  0.095, 0.181, -0.217
H  -0.191617382, 0.4932391889, 0.8245706852
H  0.9670140486, -0.4761790239, -0.3142772582
CN  -0.6087901769, 0.6984349909, -1.2926875592
H  -0.3469633432, 0.570149658, -2.3253308616
H  -1.4296402644, 1.3635822226, -1.0226394651
CP  3.622, 0.965, -0.383
H  3.5150030975, 0.6608187422, -1.4054045944
H  3.3762992461, 2.0090711239, -0.0647215174
CP  3.9449739633, 0.1358151967, 0.5658789247
H  4.0012324492, 0.4134128943, 1.626880766
H  4.1762652716, -0.8600721591, 0.2584062791
CN  7.149, 1.749, -0.549
H  6.2510653353, 2.2422350894, -0.9714791727
H  7.0434507597, 1.0320187362, 0.2493182805
CN  8.3555413461, 2.0575994978, -1.0582030312
H  9.2529159156, 1.6340341496, -0.7290440114
H  8.375905235, 2.8097921704, -1.8553813491
