CN  0.095, 0.181, -0.217
H  -0.203716792, -0.7552253884, 0.1647475696
H  0.5525517783, 0.8484933222, 0.4251964588
CN  -0.1151984557, 0.5314447356, -1.5610259357
H  0.1120620582, 1.5486436807, -1.8503097027
H  -0.4592717306, -0.0983818612, -2.3369511699
CP  3.622, 0.965, -0.383
H  4.1745267825, 1.0331618983, 0.4884119458
H  2.8186989097, 1.6379929561, -0.5752240768
CP  3.677741677, -0.1970674491, -1.0058374976
H  3.0338803242, -0.4272669164, -1.8412357298
H  4.3983614521, -0.9793081079, -0.7734273541
CN  7.149, 1.749, -0.549
H  7.3085253751, 1.688930097, -1.5595545021
H  6.2733102465, 2.252682114, -0.188911988
CN  7.989752274, 1.1858120763, 0.3119952107
H  7.7730030001, 1.155675854, 1.3859436841
H  8.8814227847, 0.7414369748, -0.1212958796
