CN  0.095, 0.181, -0.217
H  0.5763574862, -0.5437540715, 0.465462784
H  -0.1157432182, 1.2022485295, 0.2235995003
CN  -0.2431780351, -0.1502490934, -1.5259360133
H  -0.8526700815, 0.5003428333, -2.1399115095
H  -0.083082283, -1.1311609777, -1.9042490124
CP  3.622, 0.965, -0.383
H  2.6485224636, 0.6810362425, -0.7735073553
H  4.3303060516, 1.3024411181, -1.1270686437
CP  3.8510349609, 0.7529346029, 0.8865266775
H  4.7989934731, 0.9765243117, 1.3931259459
H  3.0495736807, 0.2298388302, 1.3824508985
CN  7.149, 1.749, -0.549
H  6.4826637571, 0.945012818, -0.3333426744
H  6.742967758, 2.756517964, -0.5402584155
CN  8.4384424681, 1.6422466335, -0.8323943765
H  9.0950988282, 2.5239329933, -0.9346789717
H  8.8710576245, 0.6565026443, -0.997477263
