CN  0.095, 0.181, -0.217
H  0.4093451745, 0.2760702091, 0.8609610986
H  0.0713476961, 1.0158473486, -0.8989637276
CN  -0.125276223, -1.0842734999, -0.7445221158
H  -0.3280539983, -1.1774266581, -1.8014260003
H  0.0866537518, -1.958217172, -0.1367595615
CP  3.622, 0.965, -0.383
H  4.3473511112, 1.7555861772, -0.7271961655
H  2.9165806291, 0.4532062487, -1.0065226912
CP  3.7229200527, 0.5914603699, 0.8878205921
H  3.1552468521, -0.2645674692, 1.2884141449
H  4.5209917932, 1.023923403, 1.4600156337
CN  7.149, 1.749, -0.549
H  7.1231441323, 0.7827879278, -0.1121637537
H  6.474366619, 2.4800550487, -0.183152542
CN  7.9940664366, 1.895824928, -1.5598528156
H  8.0931837087, 2.832122739, -2.1200192075
H  8.6503536674, 1.0730269612, -1.7570355753
