CN  0.095, 0.181, -0.217
H  0.9495776434, -0.4299895794, -0.3964482913
H  0.1044314047, 1.2996691628, -0.2410567294
CN  -1.1364201191, -0.4599218415, 0.1314293618
H  -2.0067434635, 0.2267769939, 0.3276207663
H  -1.3241579923, -1.5235404128, 0.1449800225
CP  3.622, 0.965, -0.383
H  3.1203418231, 1.7589695024, -0.9554170554
H  3.9671302324, 0.0121201376, -0.8146438808
CP  3.8341640045, 1.2061802282, 0.9085069403
H  4.2803924226, 0.46043158, 1.6008570732
H  3.7153135472, 2.2366494752, 1.2622868651
CN  7.149, 1.749, -0.549
H  7.4935110275, 1.0650960367, 0.1947537668
H  6.3879590998, 2.5090006852, -0.288912323
CN  7.5187498119, 1.6603907571, -1.8624175113
H  7.0639089531, 2.3848598959, -2.4920541354
H  8.2246519808, 0.8868309797, -2.1861140929
