CN  0.095, 0.181, -0.217
H  -0.284153853, -0.5203980198, 0.5216640071
H  0.7757127636, -0.1719416414, -1.0042591522
CN  -0.3055324239, 1.5077448583, -0.2548435575
H  0.0084449293, 2.2546445026, -1.039149531
H  -0.9837570331, 1.8735707064, 0.5109088008
CP  3.622, 0.965, -0.383
H  3.4010225811, 0.0461574721, -0.9729213832
H  4.1728274324, 0.9862908245, 0.5715010218
CP  3.1701962809, 2.1165297206, -0.92343821
H  3.3117801343, 3.0706674771, -0.3245067425
H  2.6689215847, 2.073925145, -1.8168606452
CN  7.149, 1.749, -0.549
H  6.4143563267, 1.3646495194, -1.2007355153
H  7.0970177948, 1.6250377079, 0.5203349831
CN  8.1733086205, 2.3988041772, -1.1164307277
H  8.9251783235, 2.9207753801, -0.5465732105
H  8.3416916372, 2.3568870291, -2.1802525188
