CN  0.0, 0.0, 0.0
H  -0.0002633061, -0.0012569983, -0.0001393599
H  0.0004095268, -0.0005787476, 0.0005707116
CN  8.86988e-05, 1.81937e-05, -6.31942e-05
H  -1.83265e-05, -0.0007132088, -0.0008664597
H  -0.0008602631, -0.0001445626, -0.0004453154
CP  0.0, 0.0, 0.0
H  0.0010473313, -0.0002150294, 0.000285451
H  -0.0002805155, 8.0194e-06, 0.0006728187
CP  -0.0003576211, 0.0001566118, 6.43755e-05
H  -0.0002089104, 5.21019e-05, 6.04431e-05
H  -7.3888e-05, -0.0002133304, -0.0006165641
CN  0.0, 0.0, 0.0
H  0.0002013797, 0.0008453722, 1.96047e-05
H  0.0007737926, -0.0001196534, 0.000113327
CN  2.17904e-05, -5.08166e-05, 0.0002900891
H  0.001500202, -0.0007109367, -0.0012054959
H  -0.0003619361, -0.0004310336, -0.0002554994
