CN  0.0, 0.0, 0.0
H  -0.0001606342, -0.0002152899, 0.0003796622
H  0.0004896542, -0.0003107349, -0.0004782567
CN  -3.73073e-05, -0.000348785, 7.52e-08
H  0.0001576608, 0.0003142635, -0.0003766537
H  0.000213226, 0.0007703001, 0.0009572282
CP  0.0, 0.0, 0.0
H  0.0004791174, -0.0006281712, -0.0006578904
H  -0.0014162185, 0.000631755, -6.30348e-05
CP  1.66826e-05, 1.38387e-05, -3.4099e-06
H  -0.000297488, 0.0004984017, 0.0006497644
H  0.000419128, 3.77791e-05, -0.0004067291
CN  0.0, 0.0, 0.0
H  -0.0003975214, -1.73903e-05, 0.0011182452
H  -0.0001150156, 0.0001786552, 4.4861e-05
CN  -0.0003146101, -0.0001480277, -0.0003154792
H  0.0006209975, -0.0001582726, 0.0001889904
H  -0.000340007, 0.0001717428, -1.39711e-05
