CN  0.0, 0.0, 0.0
H  0.0008298549, -0.000103577, -0.0001103613
H  0.0008543116, 7.6238e-05, 0.0007185904
CN  0.0002509062, -4.33209e-05, -8.02702e-05
H  0.0002931023, -0.0003763095, 0.0013886955
H  0.0008939111, 5.66493e-05, -0.0006387681
CP  0.0, 0.0, 0.0
H  7.04383e-05, -1.45316e-05, -6.1847e-05
H  2.49929e-05, 0.0009352911, -0.0006896142
CP  5.63856e-05, 7.42735e-05, -2.60088e-05
H  -0.0003071326, -0.0005293212, 0.0003063758
H  0.0005795644, 0.000866699, 0.0002740796
CN  0.0, 0.0, 0.0
H  0.0003900065, -0.0007001698, 0.00077946
H  -0.000276488, 0.0010199137, -0.0001503874
CN  -2.315e-05, -0.0002882064, 0.0002179476
H  0.0005681681, 0.0007043544, 0.0007790816
H  6.36839e-05, -0.0003567454, 1.3197e-06
