CN  0.0, 0.0, 0.0
H  -0.0007085392, -1.57612e-05, -0.0009890311
H  -6.49269e-05, -0.0001799032, 0.0006588748
CN  -8.8565e-06, -1.80797e-05, 0.0001198147
H  0.0004038581, 5.59794e-05, 0.0005338486
H  0.0002169603, 0.0005978972, 0.0002683382
CP  0.0, 0.0, 0.0
H  -0.0009387587, 0.0002501037, 0.0007333534
H  -0.0005657956, 0.000351971, -0.000241055
CP  0.0003251993, -0.0002287273, -0.0005089322
H  0.0004959743, 0.0004641347, 0.0006511694
H  -0.0011169365, -0.0003500486, 0.0006621226
CN  0.0, 0.0, 0.0
H  2.19657e-05, -0.000798872, -0.0003433693
H  0.0002473925, 0.0001745597, 0.0005293118
CN  0.0001967355, -0.0002767687, -8.70198e-05
H  -0.000703377, 0.0002583607, -9.31284e-05
H  0.000527071, -0.0004642619, -0.0003172293
