CN  0.0, 0.0, 0.0
H  0.0001113226, 0.0003354203, 0.0011775914
H  0.0004613542, 0.0006348948, -0.0007508073
CN  0.0001012123, -0.0004679885, -0.0002368546
H  0.0002880123, -0.0002332801, -0.0002706121
H  0.0001053124, -0.0018393923, 0.0002511502
CP  0.0, 0.0, 0.0
H  -0.000239487, -0.0002239596, 0.0006596244
H  0.0003034717, -1.76688e-05, -1.43022e-05
CP  -4.06212e-05, 0.0001360421, 4.48534e-05
H  -0.0005528084, -2.0871e-05, -0.0007650959
H  -0.00086395, -0.000403939, -0.0005985833
CN  0.0, 0.0, 0.0
H  0.000286411, 9.50018e-05, 0.0001628787
H  -0.0001687316, -0.0007206382, -8.16104e-05
CN  0.0001545294, -7.41374e-05, 0.0002439298
H  0.0005413335, 0.0003598502, -0.0007727646
H  0.000387391, -0.0003219752, 0.0004326319
