CN  0.0, 0.0, 0.0
H  0.0005297346, -0.0006812571, 0.0002117172
H  0.0007342278, 0.000417796, 0.0007251466
CN  0.000256317, -3.35351e-05, -0.0001307042
H  0.0003017088, 0.0002698102, -0.0006507473
H  0.0009790247, -0.0003230389, 0.0004179129
CP  0.0, 0.0, 0.0
H  0.0003607551, -4.72279e-05, -0.0008236306
H  0.0007129034, -0.0005394572, -0.0005585831
CP  0.0003098658, 7.01714e-05, 0.0001366963
H  0.000502969, 0.0005184264, -0.000139418
H  0.0006468383, -0.0003981405, -0.0001948592
CN  0.0, 0.0, 0.0
H  0.0001354043, -0.0003181911, 0.0010086966
H  0.0001826916, -0.0002926803, 4.17714e-05
CN  4.50713e-05, 0.0001596823, 0.0002335406
H  -0.0005918108, -0.0003856557, -0.0002408579
H  -0.0002917001, 0.0002648245, 0.0003263912
