CN  0.0, 0.0, 0.0
H  -4.59567e-05, 0.0003611437, 0.0001370272
H  -0.0006678257, -0.0014490176, -0.0014172916
CN  0.0004528769, 0.0001194208, -6.00944e-05
H  -0.0003371847, -0.0002678464, 0.0003369563
H  0.0007165869, -0.0005810991, 0.0004589629
CP  0.0, 0.0, 0.0
H  -0.000569052, 0.0001754977, 0.0001634757
H  -0.0005983222, -0.0008827077, -7.91918e-05
CP  0.0003753967, 1.76001e-05, -0.0002763183
H  0.00110007, 0.0005347329, -0.0009626203
H  6.11213e-05, -0.0003855527, -0.000154106
CN  0.0, 0.0, 0.0
H  0.0010211963, -0.0005241279, 0.0004025198
H  0.0005179097, -5.13513e-05, -5.26224e-05
CN  0.0001408209, -0.0001456959, -0.0002041659
H  -0.0001447006, -0.0001840959, -0.0002496985
H  -0.0004055647, 2.65944e-05, -0.0004481929
