CN  0.0, 0.0, 0.0
H  0.000190221, -0.0001119067, -0.0005625736
H  0.0007047541, 0.0001230935, -0.0008001502
CN  3.4517e-06, 0.0001848894, 6.23265e-05
H  -0.0004494286, -0.000105569, -0.0001512962
H  0.0003646513, 0.0005644498, -0.0001788466
CP  0.0, 0.0, 0.0
H  0.0005041409, -0.000604558, 0.0007004506
H  0.0006754114, 0.0004610312, -0.0004171963
CP  -0.0004530631, -1.89366e-05, 0.0002169557
H  0.0012417472, -0.0005924779, -0.0009253976
H  0.0001253806, -0.000475818, -0.0006360622
CN  0.0, 0.0, 0.0
H  0.0003021023, -0.0005523361, 0.0006636772
H  -0.0006481077, 0.0001537219, -0.0001257459
CN  0.0001571809, 0.0002028669, 9.979e-06
H  0.0003633099, 0.0005311857, -0.0005898073
H  0.0007023111, 0.0002016006, -0.0011993476
