CN  0.0, 0.0, 0.0
H  -0.0004625771, -0.0012228761, -0.0006909585
H  -0.0007254378, 0.0015010644, -0.0005632627
CN  3.39289e-05, -5.21042e-05, -0.0002044937
H  0.0010565514, 0.0005049048, 0.0005519576
H  0.0001293575, -0.0004223193, -0.0001905614
CP  0.0, 0.0, 0.0
H  0.0010088267, -0.0003041726, -0.0006095322
H  0.0003258643, -0.0009415612, 8.71243e-05
CP  7.399e-06, 0.0002242577, 0.0002198672
H  -0.0004878101, -1.24372e-05, -0.000223152
H  0.0003591992, 0.0003958906, -0.0002436447
CN  0.0, 0.0, 0.0
H  -0.0002395491, 0.0001978192, -0.0003231135
H  -0.000299522, 0.0007544333, -0.0008457884
CN  -1.1239e-05, 0.0002527869, -7.95963e-05
H  0.0009944169, 0.0001561223, 0.0008736153
H  -0.00040898, 8.60031e-05, 0.0009303942
