CN  0.0, 0.0, 0.0
H  -1.9449e-05, 0.0001501956, -0.0002694382
H  0.000299966, -0.0013362517, -5.55216e-05
CN  0.000195376, -1.42813e-05, 0.0001227671
H  0.0007296514, 0.0004782998, -0.0004182953
H  0.0004671126, 0.0003101832, -0.0003833186
CP  0.0, 0.0, 0.0
H  0.0009361783, -5.57352e-05, -0.0003161091
H  -5.25367e-05, -9.64376e-05, 0.0009308281
CP  -3.04638e-05, -0.000137453, -0.0002038353
H  0.0003355666, 0.0001224472, 0.0010758937
H  0.0005367856, -0.0002999616, 0.0001756518
CN  0.0, 0.0, 0.0
H  6.20366e-05, -0.000308409, -0.000105679
H  0.0003290002, -3.62437e-05, 0.0007887824
CN  -3.65894e-05, -5.54869e-05, -3.43038e-05
H  0.0004053282, 9.3841e-05, -0.0003952325
H  0.0009485616, -0.0009420225, 0.0006047604
