CN  0.0, 0.0, 0.0
H  -0.0002044932, -3.92199e-05, -0.0003599098
H  0.0009597076, -0.0004326949, -0.0007014348
CN  -0.0004511492, -5.9464e-05, 3.42147e-05
H  -0.000607996, -0.0004451253, 0.0005836866
H  -4.42377e-05, 0.0001395162, -0.0001931711
CP  0.0, 0.0, 0.0
H  -0.0001010735, 0.0003409684, -0.0008552544
H  -0.0008335934, 5.8235e-05, 0.0009125796
CP  -3.79223e-05, 0.0002096994, -0.000131502
H  -0.0004051689, -0.0002755541, 0.000116324
H  -0.0001840325, -0.0002084469, 0.000988144
CN  0.0, 0.0, 0.0
H  0.0010100996, -0.0001011895, 0.0010990434
H  -0.0005278168, -0.0001990091, 1.808e-07
CN  9.33549e-05, 0.0001404645, 0.0003828401
H  0.0014906038, -0.0001186781, 0.0006614302
H  0.0013492621, 7.91724e-05, 0.0006837974
