CN  0.0, 0.0, 0.0
H  -0.0008785914, -0.0001972036, -0.0009066411
H  -0.0012245727, -0.0006177306, 0.0007194625
CN  0.0001399793, 8.43513e-05, 0.0001268439
H  -0.0002805758, 0.0004016012, 0.000125514
H  -0.0009038592, -0.000526962, 5.99451e-05
CP  0.0, 0.0, 0.0
H  -0.0005981226, -0.000302493, 0.0010437929
H  0.0013578049, -0.0003533732, -0.0011981169
CP  9.02959e-05, 0.0003728404, -4.50801e-05
H  0.0005736423, 1.24959e-05, -0.0002575431
H  0.0013492902, -0.0001240629, 0.0001463023
CN  0.0, 0.0, 0.0
H  0.0006452139, -0.0007494792, 0.0007171499
H  0.0002924063, 6.14194e-05, -0.000748
CN  0.0001538259, 0.000375241, 0.0002039916
H  0.0002393927, -3.35127e-05, 0.0006184428
H  1.83147e-05, 0.0002466351, -0.00036154
