CN  0.0, 0.0, 0.0
H  -0.0002430707, 0.0007232444, 0.0004463215
H  -9.26011e-05, -0.0005555746, -0.0003834762
CN  0.0001751403, -6.53697e-05, -1.27352e-05
H  0.000203037, -0.0006426299, 0.0001328311
H  7.40588e-05, 3.58505e-05, -0.000659141
CP  0.0, 0.0, 0.0
H  -0.0007140069, -0.0013355254, -0.0011440737
H  -0.0001201752, 0.0003064326, 6.06758e-05
CP  5.06267e-05, -0.000119094, 0.0001959693
H  -0.0009662713, -0.0003220654, -0.0002610121
H  -0.0007291341, -0.0004851298, -4.02078e-05
CN  0.0, 0.0, 0.0
H  -0.0013404666, -0.0006345824, -0.0005691398
H  -0.0004500881, -2.50163e-05, 0.00014762
CN  4.13791e-05, -5.39077e-05, 0.0001316421
H  0.0001792384, 0.000204303, 0.0011926492
H  -0.0003668248, 0.0005049376, 0.0005039375
