CN  0.0, 0.0, 0.0
H  0.0001630004, 0.0002706363, -0.0002427414
H  0.0004365903, -0.0004173774, -0.0006566068
CN  -0.0003818881, -0.0004224674, 2.3059e-05
H  -0.0005031258, -0.0002255644, 0.0003493498
H  0.0002278059, 0.0002619769, -0.0002037614
CP  0.0, 0.0, 0.0
H  0.0002597832, 0.0008397302, 4.58453e-05
H  0.0006814289, -0.0001437227, 0.0004424574
CP  -0.000184998, -0.0004479385, 0.0002059656
H  0.0006340621, -0.0003535683, 0.0005707198
H  0.0003334438, 0.0012781273, 0.0009323596
CN  0.0, 0.0, 0.0
H  0.0006273774, -0.000306191, 0.0009397668
H  0.0002325204, -0.0006966617, -0.0001851105
CN  0.000247937, -0.0001276134, -0.0004098574
H  0.000304129, -0.0001021457, -0.0011230811
H  0.000384049, 0.0003032251, 0.0014862136
