CN  0.0, 0.0, 0.0
H  -0.0006508874, -0.0013761954, 0.0004153672
H  -0.000327332, -1.47352e-05, -0.0003554772
CN  -0.0002735046, 0.0002873966, -8.44135e-05
H  -0.000298476, 0.0010703728, 0.0001551501
H  -0.0002530297, -0.0001258743, 0.000857385
CP  0.0, 0.0, 0.0
H  -0.0001997517, -0.0002936793, 0.0002511103
H  0.0003537953, -0.0009914842, -0.0005829738
CP  3.43823e-05, 1.95163e-05, 0.0001630511
H  -0.0005886287, 0.0006727286, 3.16857e-05
H  0.00113246, 0.0001280576, 0.000208835
CN  0.0, 0.0, 0.0
H  -0.0004933976, 0.0002336544, 0.0003353518
H  -7.57372e-05, 0.00124498, 0.0006384803
CN  4.35188e-05, -3.9289e-05, -0.0001047741
H  0.0002359057, 0.0007465231, 7.24756e-05
H  -7.786e-05, 0.0010019032, -0.0009278251
