CN  0.0, 0.0, 0.0
H  0.0008269151, -0.0010291942, -3.23228e-05
H  0.0005938464, 0.0004323903, -0.0010078119
CN  0.0001132698, -3.04676e-05, -0.0001478636
H  -0.0005104007, 9.09856e-05, -0.0004490296
H  0.0002130615, -0.000410677, -6.33075e-05
CP  0.0, 0.0, 0.0
H  0.0006622013, -0.0007430988, 0.0001755672
H  -0.0001455003, -0.0002374653, 0.0007398082
CP  1.63847e-05, 6.16998e-05, 8.88813e-05
H  -0.0001435068, -0.000152896, 0.0015492004
H  -0.0001325665, 0.0004723889, 0.0001758086
CN  0.0, 0.0, 0.0
H  -0.0004443265, -0.0008919248, -0.0002116779
H  0.0005521512, 0.0007381963, 9.811e-07
CN  -0.0002289638, 0.0002264659, -4.60592e-05
H  0.0007882586, 0.0004766552, 1.93636e-05
H  0.0002695968, 0.0003545759, 0.000805956
