CN  0.0, 0.0, 0.0
H  -0.0001664366, 0.0002220965, -0.000781458
H  -0.0001006762, -0.000371061, 0.0001567654
CN  0.0001390807, 0.0004911858, 0.0001379995
H  -0.0004055364, 0.0001995182, 0.0002846206
H  0.0006254811, -0.000369954, 0.0001515935
CP  0.0, 0.0, 0.0
H  0.0004800891, 0.0006928169, -0.0003007649
H  -0.0001686819, 0.0003395962, -0.0001429111
CP  0.0001245327, 0.0002309945, -0.0003769548
H  -1.06737e-05, 0.0006502023, 3.48246e-05
H  4.30589e-05, 0.0007134336, -0.0009627946
CN  0.0, 0.0, 0.0
H  0.0001819943, 0.000786535, -0.0005705175
H  6.6713e-05, -0.0003121757, 0.0003212604
CN  -7.78566e-05, 5.86365e-05, 7.24538e-05
H  0.000585438, 8.18645e-05, -0.000585858
H  0.0003032515, -0.0005019859, 0.0006006709
