CN  0.0, 0.0, 0.0
H  -5.16338e-05, 0.0007467446, 0.0006014566
H  -0.0003489988, 0.000935298, -0.0013669069
CN  -1.22965e-05, -0.0001114025, -0.0001614343
H  -0.0003617758, -0.0001775881, -0.0005448241
H  0.0002987842, 0.0001146263, -0.0002334365
CP  0.0, 0.0, 0.0
H  6.41237e-05, -0.000250978, 0.0005696288
H  0.0006669999, 0.0005372435, -0.0004125095
CP  -0.0003423398, -3.14426e-05, 0.0001759699
H  0.0008429274, -0.0002931862, -0.0002888037
H  0.000362051, -0.0001120244, -0.0006704881
CN  0.0, 0.0, 0.0
H  -0.0005840622, 0.0001181614, 0.0013401757
H  5.27499e-05, -0.0003929643, 0.0014131787
CN  0.000117242, -0.000303111, -8.0134e-05
H  3.55807e-05, 0.0003992416, -0.0011657582
H  -0.0007890501, 6.27792e-05, 0.0007875379
