CN  0.0, 0.0, 0.0
H  -0.0007359495, -4.8825e-05, -0.0004752641
H  0.00015735, -0.0014238715, -0.0006844986
CN  -3.24252e-05, 0.000307282, -0.0002188461
H  0.0005255625, -0.0010154659, -0.0003206835
H  0.0009460588, -3.35847e-05, 0.0001196308
CP  0.0, 0.0, 0.0
H  0.0016182263, -0.0001299566, 0.0002772165
H  -0.0009171436, -0.0003539755, 0.0005468955
CP  0.000326634, -3.1677e-06, 5.99936e-05
H  0.0011039696, 8.27349e-05, 0.000110172
H  -0.0003071554, 3.10551e-05, -0.0013773377
CN  0.0, 0.0, 0.0
H  0.0008231549, 0.0001590645, -0.0004508704
H  -0.0003521093, 0.0001800729, -0.00014283
CN  0.0001061053, 0.00013611, -0.000276027
H  0.0006788396, -0.0008199815, 0.0003437981
H  0.0003205244, 0.0001620602, -0.0002249424
