CN  0.0, 0.0, 0.0
H  -4.62883e-05, 4.53047e-05, -0.0001313001
H  0.0006841607, -0.0009599878, -8.66657e-05
CN  0.0001718652, -9.79096e-05, 5.12962e-05
H  0.000409064, -0.0003182916, 0.0002641906
H  -8.50913e-05, -0.0002713278, 6.62979e-05
CP  0.0, 0.0, 0.0
H  -0.0013160741, 0.0004281967, 0.0005444419
H  0.0001844499, 0.0004547249, -0.0004998329
CP  -2.5946e-06, 5.02459e-05, -0.0003259715
H  -0.0002609198, 0.0008254944, 0.0008479167
H  0.0002106153, -0.0001360424, -0.0002886415
CN  0.0, 0.0, 0.0
H  -0.0007347229, -0.0001864266, -0.0005116191
H  0.0006302476, -0.0010457008, -0.0004998159
CN  2.40768e-05, 8.00212e-05, 0.0002684866
H  0.00049537, 0.0010666093, 4.81732e-05
H  0.0005749037, 0.000407586, 0.0003730722
