CN  0.0, 0.0, 0.0
H  -2.99824e-05, -0.0010925435, -0.0004576977
H  0.0003219429, 0.0011597846, -0.0004857897
CN  0.0001670715, -0.0001965874, 0.0002923513
H  -0.0004880346, -2.40658e-05, -0.0004722345
H  -0.0002339728, -0.0004331284, 0.0003910178
CP  0.0, 0.0, 0.0
H  0.0001909064, 0.0001709377, 0.0009235322
H  0.0007256137, -0.0017756289, 0.0003119664
CP  6.94918e-05, -3.21066e-05, -0.0001220116
H  0.000548228, -0.0002472385, -0.0004866502
H  1.8953e-06, 0.0004395946, 0.0003609815
CN  0.0, 0.0, 0.0
H  -0.0001781847, -0.0007264574, -0.0007440059
H  0.0005792641, -4.28192e-05, -0.000465685
CN  -6.12325e-05, 0.0002549812, 0.0001244535
H  0.0005164226, 0.0014180591, -0.0003012508
H  0.0010338573, 0.0004103656, 0.0004293795
