CN  0.0, 0.0, 0.0
H  -0.0009052188, -0.0007892188, -0.0001141304
H  0.0008719937, -0.0003099487, 0.000394515
CN  -0.0001031105, 4.20667e-05, -4.8815e-05
H  0.0012142735, -0.0004437248, 0.0005028562
H  -0.0004714726, -0.0007767655, 0.000465195
CP  0.0, 0.0, 0.0
H  2.61762e-05, 0.0001419353, -0.0010623627
H  -0.0005934886, -0.0003404247, -0.0004391309
CP  0.0001037322, -1.12472e-05, 6.24593e-05
H  -6.00045e-05, 0.000186097, 0.0004902133
H  -0.0002253082, 3.70033e-05, -0.0013575816
CN  0.0, 0.0, 0.0
H  -0.0018325468, -0.0004117033, -0.0002667424
H  -9.53645e-05, 0.0002029961, -0.0001387772
CN  -0.0004489039, 2.7174e-05, 0.0001573308
H  -0.0003862405, 0.0002979536, -0.0002990473
H  0.0004829363, -0.0005299903, 0.0003967
