CN  0.0, 0.0, 0.0
H  0.00078025, 0.0010219295, 0.0005717439
H  0.0006270667, 0.0012618536, -8.53639e-05
CN  -0.0001066389, -0.0001852533, -5.42768e-05
H  -0.0010835916, 0.0005204934, -0.0004062116
H  0.0001245098, 0.0003375139, 0.0002259229
CP  0.0, 0.0, 0.0
H  1.48735e-05, -2.22161e-05, 0.0005909545
H  -0.0003066019, -0.0004859543, -1.7859e-06
CP  0.0001208205, -0.000115738, 0.0002261216
H  0.0007786661, -5.594e-06, 0.0004881674
H  0.0004828358, -0.0007662427, 0.0006318473
CN  0.0, 0.0, 0.0
H  0.0004884107, -0.0008679177, 0.0001212348
H  5.16861e-05, -0.0006058711, -0.0002915196
CN  -3.44125e-05, -0.0004694777, -8.10514e-05
H  -0.0002073967, -0.0003654943, 0.00023651
H  0.0001679986, -0.0007895454, -0.0003256237
