CN  0.0, 0.0, 0.0
H  0.0002863182, -9.2719e-06, -0.0001096899
H  0.0005210049, -0.000593611, -0.0009955039
CN  0.0001837295, 1.94857e-05, -0.0001231816
H  0.0014462949, 0.0001721994, 0.0008799473
H  -0.0014782511, 0.0009896432, 0.0011413407
CP  0.0, 0.0, 0.0
H  0.000806954, 0.000313577, 0.0007263001
H  -0.0001010934, 0.0006562832, -0.0001102659
CP  -0.0001054305, 0.0001584698, 3.88571e-05
H  -0.0003650522, 0.000874313, 0.0005305281
H  -0.0006777085, 0.0004637794, 0.0005944182
CN  0.0, 0.0, 0.0
H  8.75548e-05, -0.0006045057, -0.0007639159
H  -0.000112091, 2.41092e-05, -0.0007030625
CN  0.0001205596, 0.0003230747, -0.0001539145
H  -7.97191e-05, 0.0006833079, -0.0003704195
H  0.0002358735, 0.0002144518, -0.0006201496
