CN  0.0, 0.0, 0.0
H  -0.0003876847, -0.0008647494, 0.0005369042
H  -0.0004596882, -0.0004646063, 0.0007617252
CN  0.000105016, -0.0002582372, 3.36114e-05
H  -0.0001809361, -0.0008055885, -0.0003103643
H  0.0005968183, 0.000402104, -0.0005537229
CP  0.0, 0.0, 0.0
H  0.0008987362, -0.0003568904, -0.000143102
H  -0.0008128891, -0.0006096991, 0.0005992031
CP  0.0003648752, -4.46618e-05, 0.0003138755
H  0.0001805576, 0.0005360341, 3.37438e-05
H  0.000573562, 0.0001167808, 4.79251e-05
CN  0.0, 0.0, 0.0
H  -0.000461301, 0.0003127179, -5.60063e-05
H  -0.0002100663, 0.0008598341, 0.0006006243
CN  6.64469e-05, -6.73533e-05, 4.77939e-05
H  0.0001530031, 0.0005125399, -0.0004456978
H  -9.8703e-05, 0.0010471718, -0.0007685335
