CN  0.0, 0.0, 0.0
H  8.34659e-05, 0.0004828021, -0.0005501907
H  -0.0003503725, 3.85954e-05, 0.000217885
CN  -4.62931e-05, 0.0001958828, 0.0001440216
H  -0.0005774611, -0.0008035406, 0.0003106529
H  0.0001007851, -0.0002020664, -0.00019019
CP  0.0, 0.0, 0.0
H  -0.0005010587, -0.0007920015, 0.0007966214
H  0.0007827205, -0.000550708, -0.0004284413
CP  -6.09995e-05, 0.0001203634, 0.0003487323
H  0.0015843797, -0.0006993759, 0.0001763106
H  -0.0002164539, 0.0013432325, 0.0009934315
CN  0.0, 0.0, 0.0
H  2.33612e-05, -0.0004152439, -0.0002464793
H  0.0003928202, 0.0004066589, -0.0010783563
CN  -3.77313e-05, 8.69645e-05, -0.0003341779
H  -0.0006044812, 5.85901e-05, -0.0002084065
H  -0.000676308, -0.0001498781, -0.0004364309
