CN  0.0, 0.0, 0.0
H  -3.4908e-06, -0.0005418195, -0.0001045449
H  -0.0011776381, -4.67949e-05, -6.1084e-05
CN  5.0957e-05, 5.11869e-05, 2.87233e-05
H  4.25763e-05, -0.0004627218, 0.000238
H  -0.0003653924, -8.24469e-05, -0.0011056006
CP  0.0, 0.0, 0.0
H  0.001327499, -0.0006121134, 0.0005785716
H  -0.0016056722, 0.0007130107, -0.0006748515
CP  -7.4277e-06, -2.57702e-05, -0.0001839434
H  0.0007085492, -0.0001519307, 0.0001360657
H  -9.76403e-05, -0.0002480961, 3.26081e-05
CN  0.0, 0.0, 0.0
H  -0.0003644752, -0.0001022883, -0.0005709282
H  0.0023223362, 0.0009578508, 0.0004457098
CN  -7.48006e-05, -9.3083e-05, 1.56881e-05
H  0.0001287558, 0.0006901963, 0.0004060506
H  0.0002569233, 0.0008195158, -0.0002884097
