CN  0.0, 0.0, 0.0
H  0.0004981197, 0.0001930341, -0.0005093376
H  -0.0001335542, 0.0001378044, 0.0004522658
CN  0.0002519043, -7.2085e-05, 3.20085e-05
H  -0.0004977196, 0.0008899188, 0.0006798858
H  -0.0002666372, 0.0003858217, -6.52083e-05
CP  0.0, 0.0, 0.0
H  -0.0001700047, -0.0011164308, -0.0005028857
H  0.000289033, -0.0007535106, 0.0010231726
CP  -6.56692e-05, 0.0001765221, -0.0002367592
H  0.0006585474, -0.0001931808, 0.0004323369
H  -0.0002496826, 0.0003216115, 0.0003568817
CN  0.0, 0.0, 0.0
H  0.0009298828, -0.0007478641, -1.22076e-05
H  -0.0003470072, -0.0003078606, -9.48191e-05
CN  -7.96495e-05, -8.34071e-05, 3.63774e-05
H  -0.0005778711, -0.0008542658, 0.0004935362
H  0.0005937381, 0.0005142311, -0.0004646411
