CN  0.0, 0.0, 0.0
H  0.000308925, -3.32344e-05, 0.0002636257
H  0.000217711, -0.0007308759, -0.0005760554
CN  -0.0002585373, -7.0903e-05, 5.18519e-05
H  -0.0012699644, -0.0003293562, 0.000119093
H  -0.0002058973, -4.9283e-06, 9.16827e-05
CP  0.0, 0.0, 0.0
H  -6.50742e-05, -0.0002236937, 2.5457e-05
H  -0.0004439844, 6.62565e-05, 0.000227591
CP  6.25469e-05, 0.0001517607, -0.0001107992
H  -0.0005960031, -0.0006166974, -7.79616e-05
H  -0.0003489586, 0.0006744998, 0.0006640416
CN  0.0, 0.0, 0.0
H  0.0013800172, -0.0014501182, -0.0002144766
H  0.0007830514, 0.0015118671, -0.0005617783
CN  0.0001587835, -0.0002882978, 0.0001990517
H  0.0010943414, 0.0002582864, 0.0004445913
H  0.0009097314, -0.0005062665, -0.0005966651
