CN  0.0, 0.0, 0.0
H  -0.0001379341, -8.49777e-05, -6.3644e-05
H  0.0002796317, 3.45529e-05, 0.0002728672
CN  -0.0002509259, 0.0003825667, 0.0001675267
H  -0.0007666834, 0.0003694332, 0.0003426897
H  0.0001395545, -0.0003240103, -0.0003206918
CP  0.0, 0.0, 0.0
H  -0.0007562279, -0.0003002662, 0.0002743052
H  -0.000346259, -0.0002518033, 0.0004187444
CP  -5.53745e-05, 7.84403e-05, -0.0003158809
H  -0.0004709277, 0.0001226433, 0.0004184692
H  -0.0010261541, -0.0005924918, -0.0001928999
CN  0.0, 0.0, 0.0
H  0.0008536706, -0.0005986213, 0.0007773754
H  -0.0004387679, -9.01244e-05, 0.0004562385
CN  -0.0002172326, 1.24979e-05, -0.0001718285
H  0.0002859235, -0.0007783354, 0.0003131493
H  -0.000126518, -0.0009660563, 0.0001463317
