CN  0.0, 0.0, 0.0
H  0.0002357984, 0.0003807147, 0.0005225373
H  -0.0002808367, 0.0008811809, 0.0004407299
CN  7.7206e-06, 0.0002917406, 0.0001280055
H  0.0001610502, 0.0001418268, 4.58917e-05
H  0.0002318633, 0.0008080143, -0.0004227597
CP  0.0, 0.0, 0.0
H  0.000589594, 0.0006038664, -0.0007199054
H  -0.0003537844, -0.0002635834, 0.0009813345
CP  -0.0001283163, 0.0001251333, -0.0001163333
H  -0.00054356, 0.0006698032, -0.0010430086
H  -0.0001302888, -0.0008656798, 0.001302458
CN  0.0, 0.0, 0.0
H  -0.0001177251, -0.000873839, -0.0003868331
H  0.0007052386, 0.0005056169, -0.0003645435
CN  4.34042e-05, 0.0004791644, -2.98633e-05
H  -0.0002457626, 0.0001953682, -9.3348e-06
H  0.0007695044, -0.0004069917, -0.0001944492
