CN  0.0, 0.0, 0.0
H  -0.0005165597, -0.0006491573, 0.0004537088
H  -0.0006486122, 0.0004023907, 0.0001332764
CN  0.0001178002, -5.67422e-05, 0.0001920014
H  -0.000317327, 0.0005045127, 0.0011914477
H  0.0006492229, -0.0001992933, -0.0009869431
CP  0.0, 0.0, 0.0
H  -0.0003464881, -0.0003190897, -0.0001889769
H  -1.15249e-05, 0.000335136, -0.0002672003
CP  0.0001144575, 6.31435e-05, 0.0002572211
H  -0.0011712302, -0.0007434025, -8.47424e-05
H  -0.0004031942, -0.0001448109, 0.0007709433
CN  0.0, 0.0, 0.0
H  0.0005005039, 2.578e-06, 0.0002282199
H  0.0001622182, 0.0001846431, -0.0007404096
CN  -0.0003389582, -0.0002051329, 0.0001684854
H  -0.0003000276, 0.000509725, 0.0001704786
H  -0.0002073856, -0.0002087353, 0.0009273572
