CN  0.0, 0.0, 0.0
H  -0.0004909941, -0.0009071318, -0.0005043314
H  -6.84073e-05, 1.20956e-05, -0.0001345443
CN  -0.000190557, 2.49941e-05, -3.8209e-05
H  0.0002584527, 1.6977e-05, 1.1029e-06
H  0.0001475074, -0.0005690688, 0.0007978162
CP  0.0, 0.0, 0.0
H  -0.0001229463, -0.000355292, -0.0008277517
H  0.0001710579, 8.59232e-05, 0.0002891759
CP  7.92612e-05, -1.34988e-05, -0.0001877481
H  0.0013277337, 0.0005699366, 0.0007071941
H  0.0001555485, 0.0002049554, 0.0004995874
CN  0.0, 0.0, 0.0
H  -0.0004951715, -0.0007844743, -0.0011367755
H  0.000174224, 0.0012761664, 0.000464149
CN  8.93317e-05, -0.0001119533, -0.0001438162
H  -0.0001384632, 0.0006033589, -0.0014649585
H  -0.0001324307, 0.0002897055, 0.0001970622
