CN  0.0, 0.0, 0.0
H  0.000432131, -8.71589e-05, 0.0001489432
H  0.000199448, 0.0004268412, -0.0003617962
CN  -0.0001497866, -3.06196e-05, 0.0002812929
H  0.0001879834, -0.0002491478, -0.0011868827
H  -1.48207e-05, -0.0004845089, 0.0011196423
CP  0.0, 0.0, 0.0
H  -0.0007637558, -0.0012110953, -0.0007813553
H  0.0003890345, -7.11702e-05, 4.9057e-06
CP  -3.66796e-05, -0.000216221, -4.56651e-05
H  -0.0004967299, -0.0007154338, -0.0005280044
H  -0.0002559286, 0.0010895846, -0.0001392379
CN  0.0, 0.0, 0.0
H  0.0001201351, 0.0007988421, 0.001125323
H  -0.000821307, 0.0010058528, 7.27395e-05
CN  -5.77617e-05, 0.000340301, -7.70093e-05
H  5.17933e-05, -0.0007400191, 0.0007833076
H  0.0004051319, -0.0002655069, -7.1416e-05
