CN  0.0, 0.0, 0.0
H  -0.0001084574, -7.29462e-05, -0.0009572227
H  5.8354e-06, -0.0003045166, 0.0007179235
CN  0.0001153355, -5.02068e-05, -0.0003775811
H  -0.0004715624, 0.0003456274, -0.0001013895
H  -0.0001870439, 0.0003201435, 0.0006975354
CP  0.0, 0.0, 0.0
H  0.0007066391, -0.0001521255, 2.96611e-05
H  0.0013580274, 0.0001450054, 0.000315563
CP  -0.0001250355, 7.90299e-05, 0.0001824831
H  0.0004252426, -0.0004795251, -0.0011033806
H  0.0003223694, -0.0012593404, 0.0006596445
CN  0.0, 0.0, 0.0
H  0.0006692343, -0.0008229044, -0.0004352951
H  -0.0007622713, -0.0001694682, -0.0001228961
CN  -0.0003182083, 6.02623e-05, -4.1743e-05
H  -0.0001642505, 0.0001492323, 9.12316e-05
H  -0.0003557974, -0.0003142999, -0.0001439831
