CN  0.0, 0.0, 0.0
H  -0.0006291005, 0.0010424001, -0.0002232149
H  -9.8817e-05, 6.62129e-05, -0.0010196493
CN  5.1858e-05, 0.0001667634, -0.0001239069
H  0.0009479209, -0.0003276881, -0.0004082296
H  -0.0003441952, -0.0002109756, -0.000696601
CP  0.0, 0.0, 0.0
H  -0.0008533006, 0.0003923335, -0.0002922522
H  -0.0002790262, 0.0002911106, 9.24752e-05
CP  -4.9277e-06, 0.0002036805, -8.6236e-06
H  0.0006910081, 0.0011795554, -0.0003625768
H  0.0013759933, 0.0004743003, 0.0006189667
CN  0.0, 0.0, 0.0
H  0.0003449315, 0.0002700044, -0.0003737786
H  0.0002151396, -0.0006735353, 0.0009291082
CN  0.0003725962, 8.55311e-05, 0.0001077303
H  0.0008904596, -7.42691e-05, 5.89073e-05
H  -0.0003256726, 7.39972e-05, -0.0006041372
