CN  0.0, 0.0, 0.0
H  0.0002766955, -0.0001207002, 0.0001921277
H  0.000894055, 0.0004335567, -0.0009957314
CN  0.0001661775, -0.0001156465, 1.76421e-05
H  -0.0005736094, -3.90131e-05, 0.0002987727
H  -0.0003589182, 0.0001106625, -0.0011253049
CP  0.0, 0.0, 0.0
H  5.40161e-05, 0.0004888517, 0.0007646723
H  -0.0003201388, -0.0002462241, 2.2877e-06
CP  -0.0002112862, 5.39561e-05, 0.0001863343
H  -0.0007800287, -0.0006388661, -0.0010254279
H  -8.43569e-05, 0.0007790771, 0.0010174432
CN  0.0, 0.0, 0.0
H  0.0006211752, 0.0013515954, -0.0005277704
H  -0.0004968223, 0.0002922109, -0.0002455663
CN  -0.0004111533, 9.15639e-05, -0.0001098573
H  0.0007577694, -0.000338877, 0.0006896042
H  -0.0009316504, 0.0001756436, 0.0008346854
