CN  0.0, 0.0, 0.0
H  0.0009011764, -9.66961e-05, 0.00095681
H  -0.001270333, -0.0001588463, -0.0001960703
CN  0.0001570321, 0.0001182701, -0.0002566076
H  -0.000981872, -0.0003380706, -2.68966e-05
H  0.0002270944, 0.0007403624, -0.0001754781
CP  0.0, 0.0, 0.0
H  0.0008246491, -0.0001316617, 0.000166796
H  0.0006182622, 8.38692e-05, -0.0002213691
CP  0.000351545, 0.0002080783, -0.0001576436
H  -3.2642e-06, -0.00064374, -0.0004875534
H  -0.0004201281, 0.0008492797, 0.001026025
CN  0.0, 0.0, 0.0
H  -2.67516e-05, 0.0006272906, -0.0006253767
H  -0.0007740637, 0.0006502137, 0.0008588771
CN  -3.86284e-05, -0.0001326487, 5.02539e-05
H  0.0002183149, 0.000396246, -0.0004627211
H  -0.0004684762, -0.0005155982, 0.0002997684
