CN  0.0, 0.0, 0.0
H  0.0006143885, -0.0004957132, -6.49582e-05
H  0.0011865453, -0.0010786989, 0.0003088558
CN  -6.5007e-05, 1.53802e-05, -0.0001407387
H  -0.000281223, 0.0003815518, 0.0004800646
H  -0.0001018514, -0.0003499053, 0.0003570913
CP  0.0, 0.0, 0.0
H  -0.0006876445, 0.0007837579, -0.0001515739
H  0.0001169263, -0.001495929, -0.0004961539
CP  -0.0002918509, -0.0002849648, -3.85378e-05
H  0.0003825791, 0.0002043764, -8.65736e-05
H  0.0001786543, -0.0008379813, 0.0003592351
CN  0.0, 0.0, 0.0
H  0.0005134352, 1.08462e-05, 0.0001186854
H  -0.0002508319, -0.0001028237, -6.57405e-05
CN  5.99189e-05, 0.0002539133, 5.52326e-05
H  -5.32702e-05, 0.0005191027, -5.84053e-05
H  0.0006956999, 0.0006115511, 0.0006803326
