CN  0.0, 0.0, 0.0
H  -0.0001423788, 0.0002507613, -5.69423e-05
H  -0.0009296207, 0.0003358728, -0.0003468143
CN  0.0002472598, 0.0001330164, 9.36339e-05
H  0.0013404006, -0.0001366148, -0.0001520961
H  0.0007905809, 0.0003462788, 5.47858e-05
CP  0.0, 0.0, 0.0
H  -9.90803e-05, -0.0010081257, 0.0007168471
H  -0.0013048103, -0.0004414818, 0.0003931113
CP  0.0002176231, -4.79438e-05, 6.0402e-05
H  0.0006913934, -0.0006213562, 0.0006707035
H  0.0007888476, -0.0001253783, -3.02982e-05
CN  0.0, 0.0, 0.0
H  -0.0002673609, -0.0001979647, -0.0001329912
H  -0.0001109032, 0.0001136323, 0.0001809073
CN  -0.0001506132, 5.17518e-05, 7.80759e-05
H  -0.0001436067, -0.000769266, 0.0006672929
H  -0.0012796683, 0.0001201312, -0.0009172977
