CN  0.0, 0.0, 0.0
H  -0.0007080001, -0.0002655111, -0.0007049815
H  0.0008549055, 0.0005516414, -1.44333e-05
CN  -7.99775e-05, 0.0001972133, -7.56708e-05
H  -0.0002661742, 0.0004240187, -0.0006885757
H  -0.0006066961, -0.0005773814, -0.0001700255
CP  0.0, 0.0, 0.0
H  -0.0011043994, 0.0002293672, 0.0001625486
H  -0.0006854145, 0.0010560281, 0.0013469889
CP  0.0001511996, -8.4985e-06, 4.01124e-05
H  -0.0005878534, 2.86168e-05, -0.0007873947
H  0.0002780418, 0.0003780327, -0.0006326777
CN  0.0, 0.0, 0.0
H  0.00022544, -5.24124e-05, 6.45257e-05
H  0.000468675, 3.7058e-05, -0.0002904703
CN  -0.0002338333, 3.89947e-05, 0.0001892078
H  -0.0009825167, -0.0004623987, -0.0007848675
H  -0.0010478682, -3.16921e-05, -9.49094e-05
