CN  0.0, 0.0, 0.0
H  -0.0004087689, -0.0008666462, 4.12228e-05
H  -0.0003780549, 0.0001203031, -0.0003337645
CN  5.2676e-05, 0.0002242479, 0.0001101752
H  0.0001076317, -0.0004205975, -0.0002636885
H  -0.0002456207, 0.0002724682, -0.0001128886
CP  0.0, 0.0, 0.0
H  -0.0003899082, -0.0002154296, 3.56367e-05
H  0.0005724273, -0.0007252776, 0.0008398616
CP  -0.0001118965, 0.0001236257, 0.0002864394
H  0.0006314004, -0.0003049979, -0.0006333109
H  0.0002330792, 2.47371e-05, 0.0004078272
CN  0.0, 0.0, 0.0
H  -0.0016497759, -0.0002562374, 0.0013134235
H  0.0007016828, -0.0005051795, -0.0002965035
CN  -0.0002530317, 0.0001694328, -0.0003030114
H  -7.9788e-06, -0.0003232665, 0.0001486522
H  -0.0005936981, -0.0010577112, 0.0005603365
