CN  0.0, 0.0, 0.0
H  -0.0009313469, -8.80275e-05, 0.0004462508
H  -0.0005079859, -0.0004142435, -0.0001534312
CN  -0.0001587725, 0.0001063863, -9.15288e-05
H  0.0003397907, 9.31644e-05, -0.0001706989
H  0.0006837607, 0.0005425483, 0.0006751851
CP  0.0, 0.0, 0.0
H  -2.32565e-05, 0.0001272363, -0.0002489951
H  -0.0004300547, 0.0003490192, -0.0003050098
CP  0.0005287445, -3.35726e-05, -5.42423e-05
H  0.0004839852, -0.0003035916, -0.0004819531
H  -0.0001087035, 0.0004907916, 0.0006562244
CN  0.0, 0.0, 0.0
H  0.0004743088, 0.0008918931, 0.0005599283
H  0.0004817331, -8.25173e-05, 0.00010948
CN  -8.8346e-06, -0.0001847587, -7.27401e-05
H  -0.0008279842, 0.0005960531, 0.0002533163
H  -0.0004312622, -5.73771e-05, 0.0003803184
