CN  0.0, 0.0, 0.0
H  -0.0010743804, -0.001378905, 0.0004228699
H  -0.00041323, -0.0004289998, 0.0007133525
CN  9.84847e-05, 6.39457e-05, -9.23768e-05
H  0.0001844723, 0.0006607116, -0.0008642821
H  0.0002933936, -0.000495244, -0.0009219787
CP  0.0, 0.0, 0.0
H  -0.0016443325, -0.000453439, -0.0005646472
H  0.0001418736, -0.0006822113, -0.0010410988
CP  -0.000157268, -5.52148e-05, -0.0002561244
H  -0.0003097453, 0.0001070534, 0.0004483465
H  -0.0002789148, 6.63012e-05, 0.0003499784
CN  0.0, 0.0, 0.0
H  5.57993e-05, 0.0001734373, 0.0009172505
H  0.0006380473, -0.0002428589, -0.0002188709
CN  -1.51661e-05, -0.0001995995, 2.16211e-05
H  0.000153979, 0.0004642309, -0.0003924745
H  -0.000595336, -0.0003923694, 0.0006382995
