CN  0.0, 0.0, 0.0
H  -0.0004910526, -0.0006340818, -0.0002860664
H  0.0002758358, 0.0003300833, 0.0003186028
CN  8.13945e-05, 0.0001602289, -0.000346896
H  0.0002195672, -0.0003931134, -0.0004669593
H  -0.0006070047, -0.0005335287, -0.0011421692
CP  0.0, 0.0, 0.0
H  -0.0003811202, 2.33555e-05, 0.0006468728
H  -0.0006363478, -3.04062e-05, 0.0008378342
CP  -0.0001303186, 8.58106e-05, 0.0001276134
H  -0.0005379789, 5.19374e-05, 0.0008336343
H  0.0003838635, -0.000166766, 0.001343454
CN  0.0, 0.0, 0.0
H  -0.0009120337, 0.0002336992, -0.0002698465
H  0.0002344194, -0.0008559492, -0.0005534685
CN  -0.0001557329, 0.000281601, 8.65685e-05
H  0.000161475, 0.0005527612, 0.0006014492
H  -0.0001215586, -0.0007278963, 0.0004743664
