CN  0.0, 0.0, 0.0
H  0.0003272108, 0.0001288152, -0.0007046644
H  0.0007632623, -1.66535e-05, 0.0003225431
CN  -2.32101e-05, 0.0003874187, 1.39781e-05
H  0.0005241467, 0.0003765216, 0.0003643442
H  -0.0001757373, -0.0004730191, -0.0009467748
CP  0.0, 0.0, 0.0
H  0.0003259909, 0.0002644778, -0.0002327432
H  0.0003380897, -0.0007651968, -0.0007986168
CP  -0.0003300034, -0.0001061175, -0.0001503384
H  -0.0001015233, -0.0006301971, -0.0002961971
H  -4.67723e-05, 0.0010089893, -0.0006518162
CN  0.0, 0.0, 0.0
H  0.0007321394, -3.76212e-05, 0.0013805901
H  3.15332e-05, 3.1795e-05, 1.02832e-05
CN  -0.0002461133, 0.0002034479, 1.41492e-05
H  -0.0008252064, 0.0003915866, -5.25112e-05
H  -0.0003451011, -0.0011766537, 2.1169e-05
