CN  0.0, 0.0, 0.0
H  0.0005644062, -5.49841e-05, 0.0005460229
H  0.0004444149, 0.0002931944, 4.80342e-05
CN  -0.0001117393, -0.0002489905, 6.20827e-05
H  -0.0003509114, 0.000745971, 0.0008522047
H  -0.0002998683, 0.000176929, -5.65764e-05
CP  0.0, 0.0, 0.0
H  -0.000428863, -0.0005197635, 0.000313005
H  -0.0004565868, -0.0004625332, -0.0004832382
CP  -0.0001301668, -0.0002462452, -7.01499e-05
H  0.0013552299, 0.0003848112, -0.000306428
H  0.0002295743, -0.0008972857, -8.74422e-05
CN  0.0, 0.0, 0.0
H  0.0001723999, 8.25596e-05, -0.0003486256
H  -0.0003161366, -0.0010295004, -0.0005109822
CN  -4.14615e-05, 0.0002130121, -8.11119e-05
H  0.000601478, -0.0007442086, 0.0011583665
H  -0.0002948741, 0.0008712798, -0.0002121728
