CN  0.0, 0.0, 0.0
H  0.0005888679, -0.0004033816, -0.0003079064
H  -0.0007548967, 0.0018244787, -0.0002123417
CN  -7.71734e-05, 0.0002325899, 0.0001392413
H  -0.0008530895, 0.0002385298, 0.0001675237
H  0.0001026438, -0.000483792, -6.66057e-05
CP  0.0, 0.0, 0.0
H  0.0008040506, 0.0006371912, 0.0005012726
H  -0.0001071524, -0.0001132622, -0.0001183054
CP  -0.0001426214, 0.0001620828, -2.42136e-05
H  0.0013187126, -0.0008356436, -0.0009889767
H  -0.0005420729, 0.0014818291, 0.0001916829
CN  0.0, 0.0, 0.0
H  0.0001823143, 0.000405031, -0.0001327116
H  -0.0003571205, -0.0003560383, 0.0003635782
CN  6.0842e-05, -0.0001741992, -8.89365e-05
H  0.0005150589, 0.0005654913, 0.0001474391
H  -0.0001499175, -0.0004583916, 0.0007466017
