CN  0.0, 0.0, 0.0
H  -0.0006166976, -0.0004427173, -0.0002774054
H  0.0003434898, 0.000833658, -0.0004899731
CN  -0.0001552925, 0.0003092222, 5.53926e-05
H  0.0003185084, 0.0001353137, -0.0009781736
H  -0.0002266779, 9.12178e-05, -0.0005435772
CP  0.0, 0.0, 0.0
H  2.95893e-05, 0.000449667, -0.00056744
H  0.000174326, -0.0010323064, 0.0006233169
CP  -0.000267995, -7.23037e-05, 0.0003783117
H  0.0005080426, -0.0002089219, -4.8614e-05
H  -0.000865844, 0.0007381524, 0.0004490646
CN  0.0, 0.0, 0.0
H  -9.21338e-05, 0.0003964538, -0.0009127293
H  -0.0005632747, -0.0015329633, 0.0009902387
CN  -0.000162752, -0.0002597166, -0.000308452
H  0.0001037355, -0.0006330105, -0.0002361004
H  -0.0003868048, -0.0010635837, 0.0001389869
