CN  0.0, 0.0, 0.0
H  -0.0008662974, 0.0001278626, 2.87119e-05
H  0.0001465054, -0.0007499951, -0.0001906867
CN  -0.0002455072, -0.0002237904, -0.0001466188
H  -0.0001539115, 0.0006448361, -0.0006672772
H  -0.0007479324, -0.00023036, 0.0005016705
CP  0.0, 0.0, 0.0
H  -4.01393e-05, 0.0002914459, 0.0003611379
H  -0.0004640693, 0.0003318158, -8.85405e-05
CP  -0.0001330886, -3.92997e-05, -6.0084e-06
H  -0.001174707, -0.0020708539, -0.000208173
H  0.0001086428, -0.0001885613, -0.0003403311
CN  0.0, 0.0, 0.0
H  -0.0010141135, -0.0005734329, -0.00020722
H  0.0001720755, 0.0003236619, -0.000485011
CN  0.0001518603, -6.26887e-05, -0.0001243925
H  0.0002663934, -0.001009479, 0.0004664893
H  0.0002293391, 0.000122541, -7.50995e-05
