CN  0.0, 0.0, 0.0
H  -0.000165778, -3.87201e-05, -0.0004962183
H  0.0011301747, -0.0001991934, 0.0003228843
CN  0.0001482156, 0.000205211, -5.31243e-05
H  5.87241e-05, 0.0002774915, -0.0009817743
H  -6.43753e-05, -0.0004199634, -0.0005676377
CP  0.0, 0.0, 0.0
H  -0.0003284573, -0.0001097146, -0.0002260913
H  -2.96007e-05, -0.000298034, -0.0004262265
CP  8.1302e-06, 6.86973e-05, 5.26426e-05
H  0.0003150386, 0.0012456565, -0.0003748239
H  -0.0009115265, 0.0005237392, 0.0004557769
CN  0.0, 0.0, 0.0
H  0.0002338708, 1.28241e-05, 0.0011595341
H  0.0002377927, 2.15637e-05, -0.0001885086
CN  -6.94295e-05, 9.88479e-05, 0.0001119705
H  -0.0007301287, 0.0008588107, 0.000122059
H  0.0003637094, 6.9203e-06, -0.0003696852
