CN  0.0, 0.0, 0.0
H  0.0001607942, -0.0003153292, -0.0002396207
H  -0.0002222529, -0.0003864599, -4.8039e-05
CN  0.0002894607, 0.0002012456, -5.81387e-05
H  0.0008056666, 8.3949e-05, 0.0011896196
H  0.000443483, 7.4206e-06, -0.0009032608
CP  0.0, 0.0, 0.0
H  -0.0001055382, -0.001294152, 0.000127363
H  0.0013133145, -0.0005367908, -0.0006841772
CP  0.000145446, 2.34336e-05, 0.0001399142
H  -0.0008753749, -1.94798e-05, 0.000403509
H  -0.0006378487, -0.0004365277, -0.0002592681
CN  0.0, 0.0, 0.0
H  0.0003638755, 0.0002229593, 0.0010193983
H  -4.60741e-05, -0.0016140186, -0.0008215921
CN  1.32067e-05, -0.000120516, -8.55679e-05
H  -6.21978e-05, 0.000719028, 0.0003198787
H  0.0006687263, 0.0003489598, 1.94519e-05
