CN  0.0, 0.0, 0.0
H  -0.000740846, 0.0010913222, 0.0005236702
H  0.0005413597, -0.0002313199, 0.0002909198
CN  -8.99253e-05, -6.6435e-06, 0.0002372068
H  0.0005619591, -0.0002374753, 6.62488e-05
H  -0.0013953225, -0.0005264755, -0.0009745712
CP  0.0, 0.0, 0.0
H  -0.0003535292, 0.0002309511, 0.0005744971
H  -0.0004863655, -2.98477e-05, -8.72066e-05
CP  -1.94622e-05, -0.0003534849, 0.0001112664
H  0.0006294594, -0.0006206897, -0.000188165
H  0.000597153, -0.0002066431, -0.0003281286
CN  0.0, 0.0, 0.0
H  0.0004988863, -0.0012088958, -1.44686e-05
H  -0.0003537237, -0.0001452087, -6.9808e-06
CN  -0.0003061148, -0.0002868632, -0.0001587557
H  -0.0001934706, -0.0004361306, -0.0003624694
H  0.0001484123, -1.14131e-05, -0.0002564967
