CN  0.0, 0.0, 0.0
H  -0.0002510393, -0.0005778839, 0.0010804172
H  -0.0008653189, -0.0003819477, -0.0007563386
CN  -0.0001176411, -0.0001814804, -0.0002261761
H  -0.0004928149, 0.0012081312, 0.0003310411
H  0.0004501327, 0.0011199974, -0.0004337321
CP  0.0, 0.0, 0.0
H  -0.0001955539, -7.05019e-05, 0.0002976978
H  -0.0003856631, -5.50163e-05, -0.0001352272
CP  -0.0001262736, -3.90614e-05, 2.29387e-05
H  -0.0009051311, 0.0002887818, -0.0005615515
H  0.0004757053, -0.0002281006, 0.0002000792
CN  0.0, 0.0, 0.0
H  -0.0011549474, -9.319e-07, 0.0005736131
H  -0.0013657418, -0.0001804606, -0.0001949844
CN  0.0002473573, 7.9369e-05, 6.63804e-05
H  7.74156e-05, -0.0001233624, 0.0005214949
H  -0.0008694862, -0.0003334453, 0.0003382689
