CN  0.0, 0.0, 0.0
H  0.0003900977, -8.18416e-05, -0.0001016868
H  0.0013654779, 0.0001693811, -0.0008672818
CN  0.0003002367, 5.189e-05, 1.83147e-05
H  0.0004041674, -0.0006665695, 7.08603e-05
H  -0.0001643866, 0.0017608493, -0.0006998207
CP  0.0, 0.0, 0.0
H  0.0012159682, -0.0006791092, 0.0002932135
H  -0.0001571893, 7.10768e-05, -0.0006899743
CP  -0.0005800605, 0.000101021, 6.43895e-05
H  0.0003133052, -0.000203148, -0.0004382368
H  0.000446191, 0.0001199694, 0.0004443025
CN  0.0, 0.0, 0.0
H  -0.0014021822, 0.0004403143, 1.00747e-05
H  -0.0015545722, 0.0002817088, 0.0009209552
CN  7.81954e-05, 1.9465e-05, 0.00010579
H  0.0003508269, -0.0001853503, -7.69623e-05
H  -0.000205333, 0.0001850936, 0.0001562892
