CN  0.0, 0.0, 0.0
H  -9.83224e-05, -0.0001097021, 0.0006061322
H  -0.0001609807, -0.0007097588, 0.00042776
CN  0.0002587915, -0.0003091616, 0.0001093602
H  0.0006759338, -0.0012360813, -4.46167e-05
H  0.0003556392, -0.0003512317, -0.0002786455
CP  0.0, 0.0, 0.0
H  -0.0004993632, 0.000189209, -0.0001230151
H  0.0009095576, -8.3253e-05, -0.0014821944
CP  0.0001326596, -3.80127e-05, -0.0001926729
H  -0.0002240577, -0.0010010013, 0.0001969625
H  0.0011091191, -0.0010654509, -0.0007527355
CN  0.0, 0.0, 0.0
H  -0.0002193923, 0.0007569581, -0.0002079041
H  0.0005763581, -8.6618e-05, 0.0005040681
CN  0.0001199565, -0.0002097519, -0.0001754909
H  0.0015534538, 2.07174e-05, 0.0002522043
H  -0.0005385188, 0.0004993794, -0.0002499338
