CN  0.0, 0.0, 0.0
H  0.0004041765, 0.000267591, 0.0004296438
H  -0.0001796605, -0.000271358, 0.0003982842
CN  0.0002271312, -9.63762e-05, 0.0002585939
H  0.0005979831, 0.0003090439, -9.27922e-05
H  0.0006140962, 0.0005773506, -0.0005105479
CP  0.0, 0.0, 0.0
H  -0.0001460278, 0.0001133172, 0.0009782398
H  -0.0005768919, 0.0010389662, 0.0001881517
CP  -1.59954e-05, 0.0001653952, -1.5895e-05
H  -0.0004755364, -0.000133756, -0.0005054949
H  -0.0002027654, -0.0001944443, 0.0006849572
CN  0.0, 0.0, 0.0
H  0.0004954637, 0.0012409075, 5.74833e-05
H  0.0002867945, 0.0004367078, 0.000834433
CN  -0.0001846827, 0.0001899035, -0.0004142379
H  0.0008342556, -9.07946e-05, 0.000461873
H  0.0008519886, 0.0009820403, -0.0002123142
