CN  0.0, 0.0, 0.0
H  -0.0005615705, -0.0006691674, -1.758e-05
H  -0.0006074093, -0.0007072572, -0.0010902015
CN  8.33768e-05, 0.0002136823, -6.07121e-05
H  0.0015577879, 0.001002321, -0.0005182466
H  0.0008867356, -0.0013841704, -0.0003337798
CP  0.0, 0.0, 0.0
H  0.0003237104, 0.0007095068, 6.59019e-05
H  -0.0007005798, 0.0001564526, 0.0003468963
CP  -9.81907e-05, -5.7025e-05, 8.16661e-05
H  -0.0002442428, 0.0003351476, 0.0015095014
H  9.36942e-05, 5.2006e-05, -3.69663e-05
CN  0.0, 0.0, 0.0
H  0.0003592052, 0.0010077778, -0.0009604285
H  0.0008402473, 0.0007955302, 0.0002181404
CN  7.3183e-05, 5.90817e-05, 0.0002509896
H  0.0007093574, -0.0005981153, 0.0002242762
H  0.0007068531, 0.0006436753, -0.0004967875
