CN  0.0, 0.0, 0.0
H  0.0007258294, 0.0003655668, -0.0003256558
H  -0.000110853, 9.10385e-05, -6.44079e-05
CN  -0.0001214377, -0.0002103761, 0.0004245169
H  -0.0011025916, 0.0003496283, 0.0005951342
H  -0.0007392878, -0.000909515, 0.0002171012
CP  0.0, 0.0, 0.0
H  0.0003658988, 0.0005375494, 0.000131663
H  0.0003082808, -0.0002983252, 0.000585583
CP  -4.17186e-05, 3.0022e-05, -3.0286e-06
H  -0.0008526206, -7.30451e-05, -0.0001079339
H  0.0002361107, 0.000460947, -0.0004209183
CN  0.0, 0.0, 0.0
H  0.0001161909, 0.0004795299, 0.0005577359
H  -0.0002060389, 0.0006045654, -3.27543e-05
CN  0.0001474059, 0.0002824803, 0.0001788869
H  0.0001637401, -0.0005026996, 0.0002451788
H  -0.0010421078, 0.0004759669, -0.0001612344
