CN  0.0, 0.0, 0.0
H  0.0004028206, -0.000214065, -0.0003188074
H  -0.000253957, 0.0002852771, -0.0007969653
CN  0.0001167024, 0.0001251059, -0.0001858129
H  -0.000906487, 0.0002035556, 4.40902e-05
H  0.0005193161, -0.0003821203, 0.0003805269
CP  0.0, 0.0, 0.0
H  0.0009004465, 0.0004723189, -0.0001739919
H  0.0005453242, -0.0001285488, 0.0011234969
CP  6.76949e-05, -1.62613e-05, 0.0002123601
H  -0.000312972, -0.0003192076, -0.0001398057
H  0.0002508245, 0.0006039237, -0.000598895
CN  0.0, 0.0, 0.0
H  -0.0015944765, -0.0004275166, -0.0013088754
H  0.0011243961, 0.0003206079, -0.0006642835
CN  -0.0001164375, 0.0003019039, 0.000381888
H  0.0005959288, -0.0003796167, 0.000104836
H  1.38007e-05, -0.0004825228, 0.0007006782
