CN  0.0, 0.0, 0.0
H  -0.0003352163, -1.40259e-05, 0.0003253813
H  -0.0002165963, -0.0001537766, 0.0001501951
CN  0.0002440682, 0.000243699, -9.23778e-05
H  0.0002028301, 0.0011204308, -0.0005289417
H  0.0006123324, -0.001213993, 0.000519225
CP  0.0, 0.0, 0.0
H  -9.9077e-05, 0.0003038394, -0.0001901215
H  0.000512451, 0.0009740293, -0.0002049254
CP  2.75448e-05, -2.16153e-05, -0.0001590111
H  0.0014378775, 9.70947e-05, -0.0001921566
H  0.0004472778, -0.0002378802, -0.0011206948
CN  0.0, 0.0, 0.0
H  0.0001402269, -0.0001624602, -5.03747e-05
H  0.0001664252, 0.0001063382, 0.0007559705
CN  -0.0002676056, -3.45904e-05, -0.0004188998
H  -0.0007274108, 0.0002548468, 0.0008503123
H  -0.0010468951, 0.000673189, -0.0001522254
