CN  0.0, 0.0, 0.0
H  2.67599e-05, 0.0003041396, -0.0002774444
H  -0.0002174089, 0.0002757188, -0.00081324
CN  6.0594e-05, -4.6099e-05, 5.29718e-05
H  -0.0001845535, 0.0004603489, -0.0014305299
H  0.0002633966, 0.0002558091, 0.000365313
CP  0.0, 0.0, 0.0
H  0.0001087027, 0.0005087541, -0.0008031495
H  -0.0001196053, -0.0004326807, 0.0007343205
CP  0.0002340887, -0.0001016018, 0.0004481872
H  0.0006648612, 0.0005856867, 0.0002955122
H  0.0009734587, 2.19674e-05, 0.0002318726
CN  0.0, 0.0, 0.0
H  0.0004021657, 0.0002353611, -8.98875e-05
H  -0.0003575272, -0.0005980137, -0.0001179034
CN  9.8911e-05, 0.0002742228, -0.000137776
H  -0.0002409003, 0.0001387695, 0.0005693514
H  0.0001728298, -5.7357e-06, 0.0001576903
