CN  0.0, 0.0, 0.0
H  -0.0003106829, 0.0013672551, -0.0003211359
H  0.0012941302, 0.0002210947, -5.52783e-05
CN  1.04607e-05, -6.18341e-05, 0.0001159563
H  -0.0012399624, -5.3652e-05, -0.0006018407
H  -0.0004336393, -0.0004253186, 0.0003027352
CP  0.0, 0.0, 0.0
H  -0.0010727858, 0.0001540124, 0.0001102285
H  0.0004415564, 0.0004095403, -0.000226168
CP  -0.000391308, -2.55418e-05, -1.73238e-05
H  -0.0007017597, 0.000557405, -0.0011115755
H  0.0001998213, -0.0002465305, 0.0002020612
CN  0.0, 0.0, 0.0
H  0.000917165, 0.0006761345, -0.0006981298
H  0.0004276262, 0.0008844586, 0.0011982127
CN  5.47458e-05, -0.000192412, 0.0002635351
H  -0.0002745915, -0.0007901788, -0.0005676642
H  0.0007932736, 0.0006714658, 0.0006969766
