CN  0.0, 0.0, 0.0
H  -0.0003424301, -6.81729e-05, 0.0003320421
H  0.0002684641, -0.0004374993, -0.0004952023
CN  8.27717e-05, 0.0001294424, -0.0001723986
H  0.0007630876, -0.0001869539, -0.0005331505
H  0.0005509524, -0.0004990362, -0.0010050625
CP  0.0, 0.0, 0.0
H  -0.0005218551, 0.0010278016, 0.0002733114
H  0.0007184874, -0.0011255941, 0.0009354766
CP  -1.63696e-05, -3.1914e-06, -7.86254e-05
H  -0.0001011213, 0.0003902337, -0.0010470146
H  -0.0008809078, 0.0003761375, 0.0007894945
CN  0.0, 0.0, 0.0
H  -0.000221386, 0.0001521656, 0.0004826261
H  0.0002669964, 0.0007369627, 0.0008283542
CN  -4.521e-07, -0.0001254233, 0.0002369307
H  0.0007954835, 0.0003735082, 0.0008115752
H  0.001124962, 0.0004749563, 0.0002855721
