CN  0.0, 0.0, 0.0
H  -0.0006789071, -5.15031e-05, 0.0004810734
H  0.000162249, -0.0003514087, 0.0007876472
CN  -6.47482e-05, 0.0003075156, -0.0001887002
H  0.0002741277, 0.0005420516, -4.59499e-05
H  -0.0009116705, 0.0008127355, -3.16728e-05
CP  0.0, 0.0, 0.0
H  0.0004854128, 0.0007335927, -0.001105988
H  0.0002189815, 0.0006310254, -4.87301e-05
CP  3.32243e-05, 2.98118e-05, -0.0002829733
H  0.000240887, -0.0005452899, -0.0002148395
H  0.0004901323, -0.0002997236, -8.11598e-05
CN  0.0, 0.0, 0.0
H  -0.000281079, 8.87718e-05, 0.0002998633
H  0.0005850907, 0.0013079408, -0.000658055
CN  -0.0003636673, -0.0001408832, -7.71324e-05
H  -0.0005922031, 6.92514e-05, -7.59274e-05
H  -0.0010113586, -0.0002496326, -8.38739e-05
