CN  0.0, 0.0, 0.0
H  0.0006963811, 0.0001655608, -0.0003903623
H  -0.0014834619, 0.000611365, 0.000476415
CN  4.78852e-05, 2.6549e-06, 8.67907e-05
H  -0.0009355194, 0.0002491699, 0.0003115076
H  0.0001529998, 0.0004743288, 0.0004898971
CP  0.0, 0.0, 0.0
H  -0.0002262983, -0.000790303, -0.0006686761
H  -0.0010950056, 1.79793e-05, 5.57344e-05
CP  3.9124e-06, -0.0001342268, 0.0001961441
H  0.0004785568, -0.0004595698, -0.0007169636
H  0.001029344, -0.000686008, -0.0005033723
CN  0.0, 0.0, 0.0
H  5.39672e-05, -0.0008226653, 0.0002578325
H  -0.0003990593, -0.0001598303, 0.0005506715
CN  -9.90574e-05, -0.0002466312, 3.6319e-05
H  0.0005682538, 6.5439e-05, 0.0005576225
H  -0.001047645, -6.05395e-05, 7.35628e-05
