CN  0.0, 0.0, 0.0
H  -0.0007158491, 0.0004771748, 0.0004017224
H  0.0007458826, -0.0003731845, 2.19242e-05
CN  0.0003758415, -0.0002022806, -0.0001322944
H  0.0001133617, -0.0009269267, -0.00018246
H  0.0003658772, 0.0006367717, -0.0007721997
CP  0.0, 0.0, 0.0
H  0.0001542673, -0.0009005284, -0.0013396923
H  0.0006884635, -0.0003263483, 0.0007460714
CP  0.0003083219, 0.00026097, -0.0002688943
H  7.383e-05, -0.0009678866, -0.0003242069
H  0.0004549225, -0.0006599943, 0.0001697685
CN  0.0, 0.0, 0.0
H  0.0004967414, 8.51574e-05, 0.0001374942
H  0.0004647568, 2.46999e-05, -0.001433137
CN  0.0001232084, 0.0001913521, 4.71333e-05
H  0.0004136569, 0.0004665629, 5.404e-05
H  0.000284651, 0.0001915586, -0.0004753879
