CN  0.0, 0.0, 0.0
H  -0.0007857005, -8.30692e-05, -0.0001095096
H  -0.0011111326, 0.0006912755, -4.3651e-05
CN  -0.0002467217, 7.98735e-05, -0.0001112454
H  -0.0007510443, -0.0001962309, -0.0004864235
H  0.000359637, 0.0006514311, 0.0004794366
CP  0.0, 0.0, 0.0
H  0.0010992545, 0.0006670039, -0.0004271032
H  -0.0003544601, 2.79575e-05, -0.0002258692
CP  -5.20495e-05, -0.0002051136, -3.98483e-05
H  0.0001509661, -4.31695e-05, -0.0006608406
H  -0.0003546383, -0.000333986, 0.0002039551
CN  0.0, 0.0, 0.0
H  0.0001125455, 0.000695168, -0.0007568303
H  0.0001781571, -0.0004725088, -0.0005987621
CN  -0.000327255, -0.000285192, -0.0001291376
H  -0.0006961439, -0.0010672385, 3.7296e-06
H  -0.0011457205, 0.0007078693, -0.0006458735
