CN  0.0, 0.0, 0.0
H  0.0004224213, 0.0001853689, 0.0010522817
H  -0.000815005, 0.0005208431, -0.00062641
CN  0.0001416502, -0.0002267115, -8.30811e-05
H  0.0010372328, -0.0003549388, -0.0003853091
H  0.0002811273, -0.0003248467, -0.0005622947
CP  0.0, 0.0, 0.0
H  0.0001366195, 0.0009599478, -0.00036812
H  -0.0003465531, 0.0003758779, 0.0003596572
CP  -9.71732e-05, -0.0001446425, -3.30496e-05
H  -0.0005843632, -0.0003458403, -0.0009968815
H  -0.000287701, -0.0007139451, -0.0002073073
CN  0.0, 0.0, 0.0
H  9.82066e-05, -8.82352e-05, -6.18612e-05
H  -0.0008995467, -0.0007436479, -0.0009982212
CN  -0.000296716, 0.0001623736, 9.5869e-05
H  -0.0001710413, 7.25488e-05, 0.0004058995
H  -2.27378e-05, 0.000552577, -0.0010067809
