CN  0.0, 0.0, 0.0
H  -0.0005375059, 0.0003648333, -1.0566e-06
H  -0.0002052305, -0.0002106621, -7.82088e-05
CN  -7.60464e-05, 0.0002881421, 0.0001082528
H  4.88653e-05, -0.0004052523, -0.0006713089
H  0.0007728146, 0.0003303785, 0.0003968801
CP  0.0, 0.0, 0.0
H  0.0002492197, 1.9152e-05, -0.0006448561
H  -0.0005907158, 0.0005499476, 0.0013508667
CP  8.47599e-05, 6.38298e-05, -0.0001266263
H  0.0006897664, 0.0005225423, 0.0004827635
H  -7.51439e-05, -0.000153986, 0.0002304273
CN  0.0, 0.0, 0.0
H  -0.000664726, -0.000515088, 0.0009877011
H  -0.0008880891, 9.27556e-05, -0.000500973
CN  -7.94777e-05, 0.0001210149, -0.0002536545
H  -0.0001529714, -0.0002587213, -0.0006522256
H  0.0001053053, -0.0003445521, 0.0014491018
