CN  0.0, 0.0, 0.0
H  -0.0005829548, 0.0002888414, 0.0003728324
H  0.0002342471, 0.0001101842, 0.000293582
CN  0.0002579133, 1.77816e-05, 0.0002766998
H  -0.0009545843, 0.0002156337, 0.000281866
H  -0.0006304476, 9.63e-08, -0.0009659972
CP  0.0, 0.0, 0.0
H  0.000422156, -0.0004271326, -3.81515e-05
H  -0.0010839589, 0.0014438587, 7.28019e-05
CP  0.0002775928, -2.85332e-05, 3.57723e-05
H  -5.5212e-05, -0.000471904, 0.0002553032
H  -0.0002431354, -8.40806e-05, -0.0002659456
CN  0.0, 0.0, 0.0
H  0.0009031676, -0.0005157057, -0.0007690298
H  -0.0011336469, -3.67895e-05, -0.0010272713
CN  -0.0001280749, 0.0003708732, 0.0001730973
H  -0.0002355972, 0.0001085853, -0.0001247222
H  0.0005213018, -4.88601e-05, 0.0003801535
