CN  0.0, 0.0, 0.0
H  -0.000477342, -0.0003627639, 4.86256e-05
H  0.0006297584, -0.000387157, -0.0001361456
CN  0.0001624045, -6.62638e-05, 6.85377e-05
H  0.0003092349, -0.000511626, -0.0004663021
H  0.0002040445, 0.0005661712, -0.0013309123
CP  0.0, 0.0, 0.0
H  -0.0002907729, 0.0006839155, 0.0011063886
H  -4.98297e-05, -0.0001367348, -0.0005116843
CP  0.0001946044, 0.0002292908, -1.37847e-05
H  8.14073e-05, -0.0011626325, 0.0006542804
H  0.000401382, -0.000633306, 0.0007676643
CN  0.0, 0.0, 0.0
H  0.0001174052, -0.0007636702, -0.0001368321
H  0.0002761639, -0.0001362571, 0.0003405758
CN  0.0003757573, 0.0004775952, 4.31035e-05
H  -0.0001749481, -0.0005177498, -0.0002464484
H  -0.0001787356, 0.0006707203, 0.0004879216
