CN  0.0, 0.0, 0.0
H  -0.0009649357, -0.0005904721, -0.0003431266
H  -0.0003694456, 0.0013270259, -0.0004565296
CN  6.5992e-06, -8.42024e-05, 0.0004301537
H  -0.0007020663, 0.0002534278, -0.0002904995
H  -0.0002796292, -0.0004942809, 0.0003742625
CP  0.0, 0.0, 0.0
H  0.000718256, -0.0001981164, -0.0001455957
H  0.0008612472, -0.0012240158, -0.0002503187
CP  2.08242e-05, 0.0002528932, -5.06007e-05
H  0.0006713267, 0.0001488309, 0.0003542222
H  -0.0001917149, 0.0011171567, -0.0004381882
CN  0.0, 0.0, 0.0
H  1.25998e-05, -0.0012838531, -4.3748e-06
H  0.0004146394, 0.000555431, 0.0008702406
CN  1.20248e-05, -0.000393412, 1.748e-05
H  -0.0004843825, 0.0002935994, -0.0004765176
H  5.86905e-05, -0.0005144579, -0.00034595
