CN  0.0, 0.0, 0.0
H  -0.0004981364, -0.0007515629, -0.0006077042
H  -8.87449e-05, -0.0002503841, -0.0002371389
CN  -0.0003405662, 0.0001381535, 4.96589e-05
H  -0.000157358, -9.1107e-05, 0.0006626603
H  0.0004542688, -0.000994271, -5.36055e-05
CP  0.0, 0.0, 0.0
H  9.5727e-06, 0.0005961977, -0.0001099665
H  0.000692591, 0.0008092422, 0.0009486524
CP  0.000224708, 0.0001060703, 9.70462e-05
H  -4.16959e-05, -0.0009045129, 0.001288074
H  -6.43905e-05, 0.0001473, -0.0006582147
CN  0.0, 0.0, 0.0
H  -0.0003785426, -3.3602e-05, 0.0001923918
H  0.0001842708, 1.96512e-05, 0.0008322307
CN  0.0002676843, 5.4732e-06, 4.91584e-05
H  0.0008353104, 0.0003146455, -0.0004479745
H  -0.0011980202, 0.0011724904, 0.0005838715
