CN  0.0, 0.0, 0.0
H  0.0011631609, -0.0005461568, -0.000172616
H  -0.0002547289, -0.0007099439, -0.00092425
CN  -5.69998e-05, 0.0001641074, -1.55437e-05
H  0.0001921647, 0.001273742, -0.0009898282
H  0.0014156501, -0.000711996, -8.89301e-05
CP  0.0, 0.0, 0.0
H  9.09402e-05, -0.0002023127, 0.0004032036
H  -0.000966199, -0.0001756053, -0.0005035254
CP  -5.10021e-05, 4.48536e-05, -2.00438e-05
H  -9.90528e-05, -0.0004648542, -0.0005451863
H  0.0001090347, 0.0005694867, -0.0006059557
CN  0.0, 0.0, 0.0
H  -0.000844607, -5.30694e-05, 0.0009896808
H  0.000459555, -0.0009547064, -0.0006724381
CN  -2.30041e-05, 8.40936e-05, -3.44875e-05
H  0.0001951298, -1.60107e-05, -0.0009634025
H  0.0004282407, -0.0006612759, -0.0001178333
