CN  0.0, 0.0, 0.0
H  -0.0002122458, -6.4435e-06, -0.0002759118
H  -0.0003544539, -2.37377e-05, 0.0002010471
CN  -7.29026e-05, -0.0003056394, 0.0002014232
H  -0.0002927629, -9.90543e-05, -1.74227e-05
H  0.0002770614, -0.0001042821, 0.000505533
CP  0.0, 0.0, 0.0
H  -0.0008249564, -4.21887e-05, 0.0003647853
H  -0.0004169173, 0.0001310303, -0.0002850787
CP  -0.0005646399, -0.0001005087, 0.0001047882
H  8.94898e-05, -8.1092e-06, -0.0009094283
H  0.0002139545, -0.0002783249, -0.0008078878
CN  0.0, 0.0, 0.0
H  0.0008173528, -0.0006402185, -0.0001094941
H  -0.0011142702, 0.0008826375, -0.0005617228
CN  0.0004895164, 9.54717e-05, 4.06658e-05
H  2.31218e-05, -0.0004099929, -0.0013106142
H  -6.69468e-05, -4.23141e-05, 4.77838e-05
