CN  0.0, 0.0, 0.0
H  0.0009816493, -0.0003335677, -0.0008903532
H  0.0010161678, 0.0001254833, 0.0002014448
CN  -0.0003116794, -1.43557e-05, 0.0001917943
H  -0.0005959322, -0.0004691465, 0.0002820836
H  -0.0005027241, -4.67362e-05, 0.0001006294
CP  0.0, 0.0, 0.0
H  -0.0015509484, 0.0002755722, -6.98082e-05
H  -0.0010725791, 0.0009584095, -0.000198674
CP  -0.0002140956, 7.10331e-05, -0.0001656379
H  -0.0004316737, -0.0002193619, -0.0006470296
H  0.0008746474, -0.0005941551, 0.0009716005
CN  0.0, 0.0, 0.0
H  9.72158e-05, -0.0003966169, 0.0002762406
H  -0.000470012, -0.000466012, 0.0005050733
CN  0.0003648203, -0.0001325483, -0.0001080425
H  0.0001031267, 0.0005350839, -0.0003552693
H  6.95159e-05, -1.3496e-05, -9.47734e-05
