CN  0.0, 0.0, 0.0
H  -8.70506e-05, -0.0006947167, -0.0002477341
H  0.0001405776, -0.0007883798, -0.0003536368
CN  -0.0001198706, 0.0002159057, 3.45544e-05
H  0.0003700465, -0.0002652902, -0.0001123682
H  -0.0006828496, -5.67726e-05, 0.0002322905
CP  0.0, 0.0, 0.0
H  -0.0007925761, -0.0003202046, -0.0006331963
H  0.0004602171, 0.0011168604, 6.79751e-05
CP  0.0003327881, 0.0001764362, -1.65852e-05
H  0.0003728915, -0.0005925756, -0.0003665056
H  -0.0003059137, 0.0001146083, -0.001570136
CN  0.0, 0.0, 0.0
H  -0.0003634961, -0.0005624872, -8.83676e-05
H  -0.0009786285, 6.27877e-05, -0.0006282414
CN  5.48574e-05, -0.0002783909, -6.45338e-05
H  9.20515e-05, 0.0010118889, 0.0003890642
H  0.0010246403, -0.0013567736, 0.0005837953
