CN  0.0, 0.0, 0.0
H  0.0002489039, -0.0001103329, -0.0005470312
H  -0.0002684879, 3.3904e-05, -0.0003624211
CN  8.52082e-05, 0.0001604015, -9.42992e-05
H  0.0004596519, -0.0005744129, 0.0005255651
H  -0.0003233699, -0.0005165198, -0.0006755887
CP  0.0, 0.0, 0.0
H  0.0005843691, -0.0011912927, 0.0009286521
H  0.0001419318, -0.0004945169, 0.0003663318
CP  0.0001901847, 7.63903e-05, 4.01086e-05
H  0.000159322, 0.0001283389, -0.0007931654
H  0.0003043249, 0.0018947216, 0.0002849212
CN  0.0, 0.0, 0.0
H  0.0002731599, 2.48841e-05, -0.0001481857
H  -1.29692e-05, 0.0003265665, 0.0004101644
CN  -1.78718e-05, 0.0001005574, 0.0003760857
H  0.0005187735, -0.0004622714, -0.0001735053
H  -0.0008143888, 6.4124e-05, 0.001668793
