CN  0.0, 0.0, 0.0
H  0.0004241505, 0.0012877166, -0.0007403752
H  -0.0005317857, 0.001541494, 0.0007160629
CN  0.0001043818, -0.0001463941, 0.0002629329
H  -0.00024512, -0.0010919472, 7.451e-05
H  9.58396e-05, -0.0009034957, 0.0003371107
CP  0.0, 0.0, 0.0
H  -0.0005885926, 0.0003555047, 0.0009647122
H  1.85076e-05, 0.0003440904, -0.000641218
CP  0.0001200413, -0.0003015189, 9.06878e-05
H  0.0004664031, 0.0005733029, -0.0005686627
H  0.000110324, -0.0006454419, 0.0005831919
CN  0.0, 0.0, 0.0
H  3.85975e-05, 0.0004292974, -6.82133e-05
H  0.0001657751, -0.0004558587, 0.0002645667
CN  -4.8254e-05, 0.0001878458, 0.0002116051
H  0.0006332571, 4.84483e-05, 0.0005242693
H  -0.0002262163, -0.0004431731, 0.0001563261
