CN  0.0, 0.0, 0.0
H  -9.96254e-05, 0.0008046162, -0.0011872023
H  -9.953e-05, 0.0002527457, 0.0010388171
CN  4.22024e-05, 0.0001997836, 6.20477e-05
H  -0.0004978508, -0.0002907624, 0.0004068317
H  0.0004343604, -0.0003200738, 0.0004404048
CP  0.0, 0.0, 0.0
H  -0.0008111875, 0.0002673896, -0.0003121885
H  0.0001143609, -7.78822e-05, -9.53889e-05
CP  0.0003763721, 0.0001335326, 0.0002933981
H  0.0001779315, 0.0002700816, -0.0002856902
H  -0.0013562365, 0.000185676, -0.0006544951
CN  0.0, 0.0, 0.0
H  0.0009599912, -0.001275953, 0.0003936044
H  -0.0010460156, -0.0002269183, 0.0002471714
CN  -4.71397e-05, -0.0002355443, 0.0002043867
H  0.0008132156, 0.0005764411, 0.0006422087
H  -0.0002812335, 0.0002922893, -0.0012026282
