CN  0.0, 0.0, 0.0
H  -0.0003443597, 0.0008960091, -0.0002677272
H  0.0007265001, 0.0010265404, 0.0001491694
CN  -0.0002095889, -1.37585e-05, -0.0001250733
H  -0.0003969897, 7.37261e-05, -0.0001910065
H  0.0006629274, -0.0003179348, -0.0004021866
CP  0.0, 0.0, 0.0
H  -0.0005807903, 0.0002567259, 0.0002253161
H  -0.0005266358, 0.000328124, 7.3724e-06
CP  0.0002642, 0.0001078458, 0.0002424911
H  0.0005468771, -0.0004000339, 0.0002715203
H  -0.0010288635, -0.0004841954, 0.0003704042
CN  0.0, 0.0, 0.0
H  -0.0005030866, 0.0001839684, 0.0011399329
H  -0.0011629787, -0.0002258544, 0.0005441144
CN  0.0001423047, -0.0003106876, 5.82909e-05
H  6.31756e-05, 0.0008236617, -0.0007643858
H  0.0001653828, -0.0004571928, -0.0002674883
