CN  0.0, 0.0, 0.0
H  8.41801e-05, -0.0011579469, 0.0005500035
H  0.0002225409, -0.0002134804, -0.0003279109
CN  -8.81198e-05, 8.55151e-05, 3.76218e-05
H  8.07084e-05, 0.0005020247, -0.000725544
H  -0.0012025988, 0.000566602, 0.0001266757
CP  0.0, 0.0, 0.0
H  0.0006949184, -0.0010474087, -0.0009044462
H  0.0001764019, -0.0007809299, 0.0006180631
CP  -0.000447365, 6.1057e-06, -2.65093e-05
H  0.0001814459, 0.0006050115, -0.0009480083
H  0.0003825858, 0.0004921902, -0.0010428341
CN  0.0, 0.0, 0.0
H  -4.20881e-05, 3.222e-07, -0.0001953261
H  0.0002990957, -0.000849601, -0.0004722924
CN  0.0001376771, 0.0001296405, 0.0001493566
H  -0.0001286763, -6.04333e-05, -0.0004532548
H  -0.0006437849, 6.52415e-05, -0.0008533431
