CN  0.0, 0.0, 0.0
H  -0.0002671015, -0.0005261789, 0.0002823532
H  0.0003131869, 0.0003133295, -0.0004983287
CN  0.0002182026, 0.0001094418, -0.0003185039
H  -0.000324006, 0.000786716, 0.0009435954
H  -0.0005625825, -0.0008945201, -0.0003836806
CP  0.0, 0.0, 0.0
H  0.0005547584, -0.0006798562, 0.0006995649
H  0.0003334666, -0.0006646013, 0.0001984252
CP  -0.0001333059, 3.3695e-05, 4.9161e-06
H  0.000587143, -0.0005949287, -0.0007263852
H  0.0006386578, -0.0007092312, 0.0008113356
CN  0.0, 0.0, 0.0
H  7.27584e-05, -0.0006494637, -0.0003144061
H  0.0011340471, 0.0001702366, 0.0001659496
CN  -2.00905e-05, -0.0001028503, 7.59472e-05
H  0.0003991986, -0.0006746305, 4.00844e-05
H  -0.0010260166, -0.0002316671, -0.0002643247
