CN  0.0, 0.0, 0.0
H  -0.0009799683, 0.0005224353, -4.79497e-05
H  0.000184927, -0.0009220453, 0.0002360117
CN  -0.0003406239, -0.0001491267, 8.30471e-05
H  0.0004407784, -0.0009136648, -0.0003989072
H  -4.77255e-05, -0.0002226657, 0.0007500354
CP  0.0, 0.0, 0.0
H  0.0003432611, 0.0001313139, 0.0007051082
H  -0.0004386909, 0.0001751573, -0.000314881
CP  0.0002694568, -0.0002018133, -9.71003e-05
H  0.0003530505, -0.0004557294, -0.0004031627
H  -0.0001750611, 0.0002037884, -0.0008715767
CN  0.0, 0.0, 0.0
H  -0.0014712905, -0.0012109697, 0.000564702
H  0.000143113, -0.0005019663, 0.0001866425
CN  8.09067e-05, 0.0001062517, 0.0003386845
H  -0.0002666475, -0.0001396711, 0.0006874742
H  0.0001174792, -0.0003722054, 0.0008385175
