CN  0.0, 0.0, 0.0
H  4.10826e-05, -0.0001272305, -4.93134e-05
H  -0.0003180854, -0.0003768229, -0.0001791451
CN  0.0001235917, -0.0002415299, -6.269e-07
H  0.0003670989, 0.0001766409, -0.0005989195
H  -0.0006397916, 0.0005845548, -0.0005213661
CP  0.0, 0.0, 0.0
H  -0.0003224915, 0.0007276635, 0.000336896
H  0.0007638939, -0.0001604028, 0.0001843585
CP  6.94638e-05, -3.82036e-05, -0.0001341135
H  0.0002092638, 0.0007717041, 0.0005104083
H  0.0001452811, -0.0008895076, -0.0010992992
CN  0.0, 0.0, 0.0
H  0.0004226405, 0.0002525256, 0.0006126904
H  -0.0014796028, 2.65634e-05, -0.0001368167
CN  -0.0002965862, -5.11714e-05, 8.57206e-05
H  -0.0003586735, -0.0003656669, 0.0004131857
H  0.0009795826, -0.0005465283, 0.0005586922
