CN  0.0, 0.0, 0.0
H  3.42679e-05, -2.47768e-05, 0.0001377989
H  -7.09216e-05, -0.0001055666, -0.0002944842
CN  8.53081e-05, 9.17971e-05, 8.65906e-05
H  -0.0001295237, -0.0003553811, 0.0006595329
H  0.0003626459, 0.0010480277, -0.0002973423
CP  0.0, 0.0, 0.0
H  0.0009875039, 0.0011299317, -0.0002358877
H  0.0006605856, 0.0001647364, -0.0004581214
CP  3.56551e-05, 0.0001047811, -0.0001379956
H  -0.0005223922, -0.0001135964, 0.0006545953
H  0.0007749766, 0.0002351733, 0.0003386596
CN  0.0, 0.0, 0.0
H  0.000315281, 0.0004576713, -0.0003512864
H  -0.0011847583, -0.0008012446, -0.0001624275
CN  -5.0329e-05, -9.05138e-05, -9.06594e-05
H  0.0001489229, 0.0001271336, 0.0006392202
H  0.0006471172, -0.0011191687, -0.0001076892
