CN  0.0, 0.0, 0.0
H  0.0004089559, 0.0007533257, 0.0004233232
H  -0.0009448779, 0.0005017054, -0.0003405541
CN  -0.0003974032, -0.0001797623, -9.69454e-05
H  -0.0001905759, -4.01851e-05, 2.2943e-05
H  -0.0002645698, 0.0018214309, -0.0009626518
CP  0.0, 0.0, 0.0
H  2.32098e-05, 0.0002989923, 0.0003990467
H  0.0003142327, 0.0004720124, -0.0009223825
CP  -0.0002263989, -0.0001650647, 3.465e-06
H  -0.0004647117, 0.0006724063, 6.23638e-05
H  -0.0013663688, 9.76885e-05, -0.000752048
CN  0.0, 0.0, 0.0
H  3.89014e-05, 0.0002623522, -0.0001319081
H  -0.0005588218, -0.0003027077, -0.0003534665
CN  0.0001702916, 0.0001464145, 0.0002215164
H  0.0001311356, 0.0006711526, 0.00017368
H  -0.0002631262, -0.000400746, -0.0001028889
