CN  0.0, 0.0, 0.0
H  0.0004916566, 0.000171277, -0.0002897438
H  -0.0006114944, -3.10613e-05, -4.3556e-06
CN  0.0002621241, -2.87936e-05, 0.0001782332
H  0.0003423, -6.3903e-06, -0.0007969978
H  0.0001890018, -0.0004871008, 0.0004418111
CP  0.0, 0.0, 0.0
H  -0.0005238352, 0.000193145, 0.000398747
H  0.0006616543, 0.0007309831, -0.000294096
CP  3.36761e-05, 0.0001289833, 0.0002387107
H  0.0007066522, -0.0001848302, 0.0003825272
H  -1.41842e-05, 0.0011891957, 9.33259e-05
CN  0.0, 0.0, 0.0
H  -0.0003702674, -0.0002908389, -0.0001555153
H  -1.95331e-05, 0.0011777771, 0.0001129205
CN  -0.0001597679, -0.0003930927, -4.28351e-05
H  -0.0001115814, -0.0003404385, 0.0013950352
H  -0.0011240867, 0.0002343448, -2.21805e-05
