CN  0.0, 0.0, 0.0
H  0.0004763137, 7.08213e-05, 0.0004762348
H  -0.0003532583, 0.0002280709, -0.0002924957
CN  2.09773e-05, 5.45137e-05, -0.0003770436
H  0.000293701, 0.0001923813, -4.09257e-05
H  -0.0013116666, 0.0003368797, -0.000822561
CP  0.0, 0.0, 0.0
H  0.0004011537, 0.0013949943, -0.000308788
H  -0.0002743589, 9.20944e-05, -0.0005361877
CP  5.80279e-05, -0.0002005702, -0.0002432925
H  0.0011031275, 0.0008655882, -0.0003002334
H  9.48416e-05, 5.69982e-05, -0.0001696053
CN  0.0, 0.0, 0.0
H  -0.0001416457, 0.0004352264, 0.0010301245
H  -2.87911e-05, -0.0007842003, -0.0004416894
CN  0.000136737, -0.0001264792, -0.0002031336
H  -0.0013136935, -0.0002114601, -0.0006533981
H  -0.0005448284, -0.0001089918, -0.0003549515
