CN  0.0, 0.0, 0.0
H  -0.0006617433, 0.0004962026, 0.0004515163
H  -0.000705927, 0.0008360776, 0.0001611946
CN  -7.3909e-05, 0.0001918735, -0.0003248547
H  0.0007728077, -0.0001219364, -0.0010147776
H  -0.0009367934, -0.0002434121, -0.0007939261
CP  0.0, 0.0, 0.0
H  0.000398114, -0.0003456283, -0.0007427997
H  -0.0002728982, -0.0008508434, 0.0005621709
CP  0.0001816589, 0.000206574, -0.000280495
H  1.73865e-05, 0.0012941335, -0.000666059
H  -0.0011177046, 0.0004783663, -9.26061e-05
CN  0.0, 0.0, 0.0
H  0.0006151528, -0.0004819363, -7.29117e-05
H  3.02745e-05, -0.0006737604, 0.0002626186
CN  -6.39703e-05, 0.0002572354, -0.0002212716
H  -0.0002350346, -0.0005504558, 0.0010838118
H  -0.0001928657, 0.0003522222, -5.19437e-05
