CN  0.0, 0.0, 0.0
H  -7.12095e-05, 0.0005427129, -0.001694227
H  -0.0011072297, -0.0005555351, 0.0001261298
CN  0.0001429945, 9.56081e-05, 5.95121e-05
H  0.0003792124, -0.0003755152, 5.70458e-05
H  -0.000107068, 0.0002299369, 0.0002406407
CP  0.0, 0.0, 0.0
H  0.0001390263, 0.0003116635, -0.0002302052
H  -8.48288e-05, 0.0006244985, -0.0006021724
CP  -0.0001629162, 7.48701e-05, 3.44965e-05
H  -0.0007950457, 0.0005043232, -0.0009720963
H  0.0011412327, -0.0001626211, 0.0005422258
CN  0.0, 0.0, 0.0
H  0.0001625816, -0.0007946261, -0.0002392242
H  1.93763e-05, -0.000167883, 0.0005042659
CN  -7.32968e-05, -0.0001239989, -0.0002876279
H  -0.0011974015, 0.0002144905, 0.00037929
H  0.0003889075, -0.0003323213, 0.00025707
