CN  0.0, 0.0, 0.0
H  -0.0005023915, -0.0021608148, -0.0001841886
H  0.0006572842, -0.0007386947, -2.54722e-05
CN  -0.0001830924, 3.96103e-05, -0.0001315815
H  0.0002792726, -0.0003261193, -0.000311979
H  -4.52088e-05, 0.0001778154, 0.0003293954
CP  0.0, 0.0, 0.0
H  0.0003590849, 0.0008554313, -0.000159263
H  -0.0008841648, 0.0002126269, -0.0002180259
CP  -0.0002732192, 0.0001137607, 0.0002133373
H  -0.0004000187, 0.0004498381, 0.0001299598
H  -0.0010312907, 0.0008327836, 0.0007784456
CN  0.0, 0.0, 0.0
H  -6.83586e-05, 0.0001959066, 0.0002864946
H  0.0006481235, 0.0003609069, -0.0008786867
CN  -0.0002235417, 0.0001575833, 0.0002378169
H  6.99287e-05, 0.0007892338, 0.0002505966
H  0.0011471519, 0.0003598061, 0.0001740548
