CN  0.0, 0.0, 0.0
H  0.00088236, -0.000330607, 0.0002524256
H  -0.0009336571, 0.0005938031, -0.0013160657
CN  0.0001560412, 5.9543e-06, 0.0001534736
H  0.000682602, 0.0015963277, 0.0007422342
H  -9.18742e-05, -0.000894103, 0.0010448908
CP  0.0, 0.0, 0.0
H  0.0008054235, 0.0002097621, 0.0003426955
H  -0.00029995, 0.000480436, -0.0001964462
CP  7.0587e-06, 8.33433e-05, 3.82688e-05
H  6.93669e-05, 0.0011660595, 0.0004388739
H  -0.0005821796, 9.53415e-05, 0.0003938068
CN  0.0, 0.0, 0.0
H  -0.0013886423, -0.0001342962, -0.0007560441
H  0.0004055984, -0.0003432373, -0.0002460743
CN  2.40693e-05, 9.55215e-05, 1.96692e-05
H  -0.0001282531, -0.0009187922, 1.176e-07
H  0.0007814302, -4.73557e-05, -0.0005176545
