CN  0.0, 0.0, 0.0
H  -0.0001295377, -0.000213158, -0.0001193722
H  0.0007656333, -0.0007892047, -0.0009464584
CN  -0.0001285368, -0.0001731537, 0.0001202124
H  0.0006416257, 0.0002280234, 0.0008499903
H  0.0009073827, 0.0009941332, -0.0001131848
CP  0.0, 0.0, 0.0
H  -0.0001121258, -0.000669536, -0.0001267606
H  0.0002251854, -9.96104e-05, 0.0003495035
CP  0.0001695153, 0.000342474, -2.6765e-05
H  -0.0005439605, 0.0002388, 0.0002627721
H  -5.95489e-05, -0.0001730108, 0.0001586501
CN  0.0, 0.0, 0.0
H  7.57129e-05, 0.0003408278, -0.0010915954
H  -0.0003869396, 0.0003349957, 0.0011908175
CN  0.0003503772, -2.7616e-06, -0.0001348087
H  -0.0012609724, 0.0001247721, -0.0003564537
H  0.0013866775, 8.27536e-05, -0.0009193467
