CN  0.0, 0.0, 0.0
H  0.0003384035, 0.0010813313, -0.0002093384
H  -0.0003574099, 2.0915e-05, 0.0002318337
CN  0.0001526742, -0.0002086898, -0.0001111557
H  0.0004231081, -0.0010649868, -0.00031547
H  4.5364e-05, -0.0011205945, -0.0002575635
CP  0.0, 0.0, 0.0
H  -0.0004165158, -0.0003695365, 0.0003454914
H  0.0004241942, -0.0011029488, 0.0008745146
CP  0.0001617489, -0.0001311526, -8.19308e-05
H  -0.0001780346, -6.84907e-05, -0.0001872852
H  0.0004039439, -0.0006121974, 0.00035573
CN  0.0, 0.0, 0.0
H  0.0007103937, 0.0003820814, -0.0001804222
H  0.0007891651, -0.0003956145, 0.000399464
CN  0.0002944696, -0.0001495348, 8.5982e-06
H  -1.73352e-05, 0.0003490279, -0.0001073912
H  0.0004960742, 0.0003729169, 0.0001971329
