CN  0.0, 0.0, 0.0
H  -0.000816219, 0.0001212727, 5.62405e-05
H  0.0005211636, 0.0009898636, -0.0004534563
CN  -0.0002162789, -0.0001668058, 8.31464e-05
H  -0.0004792254, -0.0003484345, 0.0007273417
H  -0.0017725914, 0.0004753118, -2.2888e-06
CP  0.0, 0.0, 0.0
H  0.0003606208, 0.0004954713, 0.0003635623
H  0.0001959152, -0.0012131415, -5.10167e-05
CP  0.0002603685, -6.23651e-05, -0.0001555455
H  0.0002581645, -0.0004670008, -0.0002282809
H  0.000253061, 0.0004644886, -0.0015176128
CN  0.0, 0.0, 0.0
H  -9.8944e-05, 0.0007166153, 7.12615e-05
H  0.0001583288, 0.0007079069, 0.0009105815
CN  8.59531e-05, 9.11694e-05, -9.2101e-06
H  0.0014205036, -0.0005872398, -0.0006230437
H  -0.0002570389, -0.0006972449, 0.0004446508
