CN  0.0, 0.0, 0.0
H  -0.0001945525, -0.0002671345, 0.0008288776
H  -0.000639059, 0.0014986166, 0.0004201539
CN  -1.98178e-05, -0.0001162645, -0.0003409304
H  0.0006784907, -0.0008731448, 0.0004280738
H  -0.0002001541, 0.0005830168, -0.0009282086
CP  0.0, 0.0, 0.0
H  0.0010646924, -0.0001317637, 0.0001982138
H  1.91878e-05, 0.0007251412, 0.0002826304
CP  -0.0001489279, -0.000142433, 0.0002703077
H  0.0004859012, -0.0014938051, -6.9882e-06
H  -0.0002312366, -0.0007301045, -0.0002950811
CN  0.0, 0.0, 0.0
H  -0.0012907389, 0.0001973645, -0.000625758
H  0.0003452092, -4.48751e-05, -0.0006091524
CN  -0.0001126242, -3.42723e-05, -0.0002395407
H  0.0002734154, -0.0003708011, 0.0001789676
H  -0.0005526461, -0.0013740298, -0.0004358114
