CN  0.0, 0.0, 0.0
H  0.0001922251, -4.13537e-05, -0.0008932831
H  0.0001195798, -0.0005517387, -0.0010062217
CN  -0.0001435089, -0.0003444065, 0.0001303399
H  0.0003937122, -0.0006330611, 0.0006014833
H  -0.0017381156, -3.92986e-05, -0.0007988056
CP  0.0, 0.0, 0.0
H  0.0009166833, 0.0001276461, 0.0003067311
H  -0.0004848838, -0.0011649924, -0.0013224353
CP  7.22222e-05, -0.0002873324, 0.0002466422
H  -0.0002874978, 0.0004128126, -0.0007504692
H  0.0003611233, -0.0002382024, 0.0004707439
CN  0.0, 0.0, 0.0
H  -0.0006503221, -0.0009424439, -0.0009501606
H  0.0008018022, 0.0007635833, 0.0001571921
CN  -0.0001453565, 3.75389e-05, -8.4675e-06
H  -0.000506956, -0.0012173731, -0.0010455453
H  0.0001017, -0.0002428317, -0.000856373
