CN  0.0, 0.0, 0.0
H  -0.0002282531, 0.0004557548, 0.0004444341
H  -0.0006924713, 0.0007639012, -0.0002753704
CN  -0.0001113073, -0.0001850323, 7.94573e-05
H  0.000498151, -0.0001473845, 0.0008566147
H  -0.0006959401, -0.0003659168, -0.0004594112
CP  0.0, 0.0, 0.0
H  -0.0005976167, 0.0008695128, 0.0004768474
H  -0.0001969366, 0.0002166612, 0.0016959143
CP  0.0002327081, 0.000159134, 0.0001302413
H  0.0001777264, -0.0001828584, -7.09374e-05
H  0.0006292007, 2.98904e-05, 0.0008429432
CN  0.0, 0.0, 0.0
H  -0.0016398525, -0.0005025008, -0.0001092942
H  9.97422e-05, 0.0005444895, 7.69721e-05
CN  0.0002313067, 0.0001571573, -8.2676e-06
H  -0.0002214429, 0.0006134268, 0.0005336955
H  0.0001148169, -0.000520041, 0.0003504171
