C1    -0.569760     0.552731     -0.044556
H    -1.387493     0.250857     -0.683689
H    -0.227359     1.624874     -0.092163
C1    -0.127400     -0.469656     0.853468
H    0.673823     -0.381500     1.525803
H    -0.759397     -1.370028     0.769290
C2    3.073072     0.435155     -0.448104
H    2.052376     0.195264     -0.559702
H    3.393962     1.369277     -0.753829
C2    3.809419     -0.315664     0.326781
H    4.827782     -0.067956     0.538879
H    3.477873     -1.335065     0.641683
