C1    -0.305437     -1.817847     -0.565996
H    -0.613331     -2.749727     -0.200082
H    -0.130737     -1.618260     -1.611474
C1    0.058213     -0.714447     0.313098
H    0.465916     0.246075     0.013962
H    -0.090190     -0.814569     1.370317
C2    3.605134     1.480654     -0.501881
H    3.457493     2.063943     -1.419372
H    3.355422     1.918497     0.447265
C2    4.090330     0.263777     -0.523870
H    4.324128     -0.300051     0.358432
H    4.336255     -0.185127     -1.486568
