C1    -0.639978     0.349099     -0.141805
H    -1.708603     0.131904     -0.030286
H    -0.338134     1.397204     -0.088887
C1    0.333946     -0.610837     -0.598554
H    1.365197     -0.340952     -0.754781
H    0.135716     -1.719600     -0.788512
C2    4.383058     1.078277     0.389027
H    4.165513     0.660737     1.434822
H    3.942622     2.009834     0.030984
C2    5.245907     0.387310     -0.348297
H    5.495365     0.660602     -1.326661
H    5.662143     -0.576665     -0.014588
