C1    -0.312028     -0.091684     0.010689
H    -0.637510     0.636886     -0.648112
H    -0.425352     0.123871     1.096991
C1    0.344635     -1.350435     -0.300512
H    0.560337     -2.048515     0.449741
H    0.613682     -1.663943     -1.265984
C2    4.493770     0.683041     -0.255234
H    4.856041     1.467656     0.396532
H    4.771254     0.538249     -1.261109
C2    3.739119     -0.195545     0.319705
H    3.428187     -0.990927     -0.330974
H    3.499756     -0.255585     1.414482
