C1    -0.609154     -0.396057     -0.547294
H    -1.409035     0.226316     -0.875218
H    -0.192524     -1.151760     -1.178373
C1    -0.350059     -0.351847     0.850840
H    0.229089     -1.081725     1.281999
H    -0.891439     0.230217     1.542786
C2    4.306133     0.614448     -0.385145
H    3.491864     0.865129     -1.038095
H    5.333471     0.767108     -0.750867
C2    4.186047     -0.041916     0.774155
H    5.025020     -0.464949     1.294301
H    3.213971     -0.453594     0.977598
