C1    -0.491499     -0.306056     0.351490
H    -1.314571     -0.132214     -0.392502
H    -0.556048     0.227709     1.253991
C1    0.371345     -1.437357     0.347291
H    1.028083     -1.631053     1.220067
H    0.404907     -2.146146     -0.509836
C2    3.852337     0.856083     -0.314355
H    3.261936     0.706429     -1.202298
H    4.332264     1.812444     -0.127002
C2    4.005308     -0.097987     0.597101
H    4.669584     -0.004290     1.467755
H    3.485798     -1.042383     0.512206
