C1    -0.278443     -0.046624     -0.608929
H    0.275206     0.545881     -1.326387
H    -1.155967     0.406536     -0.112303
C1    0.291189     -1.310268     -0.191659
H    -0.141431     -1.897921     0.613235
H    1.221564     -1.669869     -0.687603
C2    3.563205     2.277314     -0.512844
H    3.419957     2.857861     -1.392975
H    3.613651     2.826160     0.486762
C2    3.491695     0.947571     -0.558807
H    3.467002     0.267720     0.273933
H    3.500107     0.512666     -1.541507
