C1    -0.625346     -0.015784     0.871251
H    -0.852425     0.526360     -0.012066
H    -0.363468     0.505008     1.785678
C1    -0.447198     -1.425439     0.902620
H    -0.198500     -1.947288     1.846064
H    -0.590535     -2.003551     -0.051908
C2    3.145140     0.854158     -0.078053
H    2.075619     1.018344     0.259336
H    3.992264     1.427114     0.249087
C2    3.459212     -0.140777     -0.860792
H    4.472634     -0.342617     -1.218936
H    2.568154     -0.693605     -1.270998
