C1    -0.837212     -0.265062     -0.310750
H    -1.873446     0.048240     -0.506584
H    -0.086384     0.216719     -0.887309
C1    -0.377536     -1.055966     0.835738
H    0.675070     -1.240728     0.890848
H    -1.047442     -1.665603     1.475024
C2    3.543243     0.639768     0.043907
H    2.568622     1.040729     0.383818
H    4.425266     1.274217     -0.016204
C2    3.635653     -0.561990     -0.423616
H    4.635078     -0.859184     -0.727138
H    2.800464     -1.296000     -0.284175
