C1    -0.161131     0.562462     -0.652385
H    0.004732     0.171768     -1.622102
H    -0.404206     1.583400     -0.377846
C1    0.006025     -0.401906     0.442445
H    -0.150759     -0.095885     1.498997
H    0.464168     -1.359645     0.214421
C2    2.998807     1.266590     -1.003044
H    3.225878     1.948587     -0.131332
H    2.583268     1.677316     -1.844585
C2    3.338266     0.033464     -0.807766
H    3.215951     -0.613549     -1.684763
H    3.649434     -0.219462     0.166390
