C1    -0.666635     -0.647138     -0.083046
H    -0.853348     -0.530939     1.018552
H    -1.403992     -0.387546     -0.885910
C1    0.614186     -1.191784     -0.624585
H    0.759704     -1.133561     -1.682171
H    1.403922     -1.692685     -0.034293
C2    4.270348     1.042768     -0.952786
H    3.931681     1.824347     -1.594907
H    5.070687     0.413270     -1.277715
C2    3.892262     0.954410     0.256760
H    4.483990     0.298182     0.870585
H    3.155994     1.652977     0.651719
