C1    -0.585351     -0.463260     -0.211652
H    -1.347181     -0.899585     0.474889
H    -0.513722     0.621204     -0.351987
C1    0.130898     -1.383255     -1.024670
H    0.835019     -0.976866     -1.736072
H    -0.145978     -2.407814     -1.037099
C2    3.424327     1.192007     -0.194063
H    3.305444     1.536915     0.824238
H    3.011104     1.762778     -1.063381
C2    3.930134     -0.051725     -0.433231
H    3.885135     -0.502936     -1.427477
H    4.284855     -0.694418     0.353629
