C1    -0.214832     0.143470     -0.367440
H    0.483582     0.973765     -0.209369
H    -0.891964     0.110997     -1.258861
C1    -0.405532     -0.895621     0.627716
H    -1.052523     -1.692691     0.487321
H    0.174539     -0.852613     1.528679
C2    3.342089     0.625504     -0.134424
H    3.179185     1.460377     -0.898363
H    2.644110     0.609999     0.751916
C2    4.407126     -0.157365     -0.138816
H    4.553926     -0.815168     0.673417
H    5.163697     -0.072892     -0.904553
