C1    0.026828     -0.440487     -0.371410
H    -0.685574     0.260325     -0.069534
H    0.629706     -0.218683     -1.215173
C1    0.287642     -1.616742     0.396480
H    1.014078     -2.355953     0.074634
H    -0.314270     -1.882567     1.322271
C2    4.114638     1.043654     -0.245461
H    3.029135     1.252999     -0.380420
H    4.821448     1.796644     -0.597793
C2    4.625689     -0.064280     0.289893
H    5.695101     -0.201058     0.356573
H    3.975559     -0.712431     0.805421
