C1    -0.300043     -0.109770     -0.679496
H    -0.746421     -0.378411     -1.616182
H    -0.246010     0.945677     -0.293512
C1    0.148432     -1.094216     0.230664
H    0.546733     -0.939200     1.214018
H    0.098628     -2.148152     -0.034311
C2    4.358888     1.046580     0.014642
H    5.346066     1.249372     -0.380961
H    3.489934     1.711718     -0.118043
C2    4.055817     -0.122932     0.495712
H    3.063397     -0.407276     0.827924
H    4.929638     -0.831264     0.525855
