CN  0.095, 0.181, -0.217
H  0.191514733, 1.2850497329, -0.2971876191
H  0.5474586281, -0.4606791248, -1.0225889223
CN  -0.606806861, -0.4284692198, 0.8520654621
H  -0.7206596682, -1.5287389182, 0.8467586186
H  -1.1231050766, 0.2053645323, 1.5795744216
CP  3.622, 0.965, -0.383
H  3.9157937097, 1.9898499171, -0.760600719
H  2.8230838223, 0.7956812972, 0.3468728942
CP  4.2434762778, -0.0402801953, -1.0243070439
H  3.7998286682, -1.0169496836, -0.9211257931
H  5.0471428888, 0.1147249154, -1.7575034722
