CN  0.095, 0.181, -0.217
H  0.8572916134, 0.935425186, -0.1113913228
H  -0.2103057641, -0.2096495707, -1.1755892239
CN  -0.7656242887, -0.154484717, 0.7939792736
H  -1.4908879444, -0.9869345214, 0.6466220863
H  -0.5831090283, 0.2058679953, 1.8242988571
CP  3.622, 0.965, -0.383
H  4.0464007855, 0.025168415, -0.6354212272
H  3.0729402208, 1.1231981471, 0.5122785566
CP  4.0435378721, 1.9168681015, -1.1681769304
H  3.8637420939, 2.9320077195, -0.8232835245
H  4.6879805775, 1.6917288626, -2.0174969976
