CN  0.095, 0.181, -0.217
H  -0.2183274761, 0.9093805292, -0.930226432
H  0.1921882742, -0.8245953688, -0.4326168343
CN  0.2182611401, 0.5298962763, 1.1409414499
H  0.3432327849, -0.1838495973, 1.9256839629
H  -0.0362057008, 1.5537696917, 1.5003404883
CP  3.622, 0.965, -0.383
H  3.5196457835, 0.5337956181, 0.6058208794
H  2.8113356072, 1.5709941742, -0.8643564112
CP  4.6197765846, 0.5904240974, -1.2171031344
H  4.5808905699, 1.0463439467, -2.2063467744
H  5.4479935913, -0.0516356757, -0.8660663544
