CN  0.095, 0.181, -0.217
H  0.0448634742, 1.2552312949, -0.2501817846
H  0.6574918403, -0.4506324728, -0.9057075701
CN  -0.5287363404, -0.3924839084, 0.8462043209
H  -0.4522592599, -1.5180977351, 0.9080592923
H  -1.0851423185, 0.1602124439, 1.6279221005
CP  3.622, 0.965, -0.383
H  2.8603418904, 1.7341884705, -0.3448231778
H  3.8317874224, 0.4241318732, -1.2832697935
CP  4.5771894615, 0.8725074106, 0.5457243989
H  5.3774132029, 0.2076156888, 0.2729117542
H  4.5745338404, 1.3701030467, 1.5311116079
