CN  0.095, 0.181, -0.217
H  0.0687774642, 0.3670151018, 0.872914897
H  0.5160033764, 0.9740329437, -0.880109443
CN  -0.3690510957, -0.99181754, -0.7642705891
H  -0.377304131, -1.144170515, -1.8186560002
H  -0.7156299244, -1.7789139487, -0.0913957729
CP  3.622, 0.965, -0.383
H  2.6873355647, 1.0941586801, -0.9258088629
H  3.8548342811, -0.0069012265, -0.036910901
CP  4.6676907431, 1.7747725553, -0.4975932972
H  5.6874413805, 1.5349325465, -0.1356576024
H  4.5876257274, 2.5964469475, -1.2398793646
