CN  0.095, 0.181, -0.217
H  0.3232350368, 1.0924291289, -0.7470273394
H  0.1247927811, -0.0272819638, 0.8527545617
CN  -0.4648766725, -0.8814272807, -0.9255771223
H  -0.5950437591, -1.8446317691, -0.3924686731
H  -0.5003426412, -0.814426477, -1.9955015697
CP  3.622, 0.965, -0.383
H  3.4469367967, 1.3473163267, 0.6279350257
H  3.067081296, 1.4133900348, -1.1824874937
CP  4.26649904, -0.182537217, -0.5856189419
H  4.3820326946, -0.5890215769, -1.5801176449
H  4.7148282183, -0.7346463427, 0.2008841926
