CN  0.095, 0.181, -0.217
H  0.1805515467, 1.0528461929, -0.7967716347
H  0.7369681663, 0.081588779, 0.6743076865
CN  -0.8621988292, -0.8266356751, -0.487473779
H  -0.8664918657, -1.6850460375, 0.2118163656
H  -1.4910060487, -0.6946354073, -1.3543011183
CP  3.622, 0.965, -0.383
H  2.8040633496, 0.2674149075, 0.0790484024
H  3.8688928458, 1.9067103196, 0.1103222331
CP  4.0529564849, 0.7212022662, -1.6262935913
H  4.7778899539, 1.4223864858, -2.1315717314
H  3.6450931304, -0.1548609044, -2.1111608171
