CN  0.095, 0.181, -0.217
H  0.0274486067, 1.2525569587, -0.1610288177
H  0.4680910029, -0.374315004, -1.1081733129
CN  -0.2482408657, -0.4765082765, 0.9635438499
H  -0.256520633, -1.5896548459, 1.0150878795
H  -0.4936715051, 0.0202847849, 1.8713747442
CP  3.622, 0.965, -0.383
H  3.0910099898, 0.3716813056, 0.3378088825
H  3.1466974895, 1.9145765187, -0.6952592157
CP  4.8629743375, 0.6308886536, -0.7784000833
H  5.5400216459, 1.2690970595, -1.3676304256
H  5.2911676199, -0.2417561126, -0.3168066263
