CN  0.095, 0.181, -0.217
H  0.7834836012, 0.895847616, -0.6932884726
H  0.5000662278, -0.7780197629, -0.1759996664
CN  -1.1966892656, 0.6049464137, 0.1457000355
H  -1.8069996784, -0.1160636479, 0.6519076022
H  -1.528392294, 1.6652945311, 0.0119385877
CP  3.622, 0.965, -0.383
H  3.2556901223, 0.7021077983, 0.6008639283
H  3.0250488126, 1.6317556054, -0.957191383
CP  4.8551375044, 0.6277521976, -0.7291240032
H  5.2772323238, 0.8875486112, -1.7498466301
H  5.5097850583, 0.0546057058, -0.0670560189
