CN  0.095, 0.181, -0.217
H  0.7517238215, 0.3057328445, 0.5723973428
H  -0.4235372178, -0.7820602947, -0.4348780362
CN  -0.0834952756, 1.2590209309, -1.0812834806
H  -0.6682755428, 1.0770198025, -2.0028735912
H  0.4650920183, 2.1646285211, -0.9279303275
CP  3.622, 0.965, -0.383
H  3.7995458632, 1.9207751693, 0.1930683834
H  3.4640958924, 0.9905896861, -1.4669843709
CP  3.7970331533, -0.1883084627, 0.2134645724
H  3.7130023401, -1.1292520302, -0.3688348841
H  3.9032911482, -0.3250852096, 1.2900341929
