CN  0.095, 0.181, -0.217
H  0.6106868994, -0.8109128531, -0.4164289949
H  0.5828865028, 1.0629791482, -0.6987610888
CN  -0.9474709667, 0.238475231, 0.6968432152
H  -1.3541722973, 1.2281370222, 0.9360827965
H  -1.3797826408, -0.6129125815, 1.1800662947
CP  3.622, 0.965, -0.383
H  3.0732654651, 0.0312486922, -0.3755349642
H  3.043266482, 1.9103998514, -0.3096904401
CP  4.9358320704, 0.9426469448, -0.1711620527
H  5.4854979044, 1.8337761952, -0.22771391
H  5.4325350917, -0.0470925174, 0.0104825381
