CN  0.095, 0.181, -0.217
H  0.4390320869, 1.1780373769, -0.4942701512
H  0.6752001452, -0.7234835524, -0.3283877289
CN  -1.2220151008, -0.0056689521, 0.2372547055
H  -1.6371810724, -1.0526240288, 0.3856353748
H  -1.9322638256, 0.82623609, 0.321553538
CP  3.622, 0.965, -0.383
H  2.9651484334, 0.1668607111, -0.6990096325
H  3.2026866904, 1.9633803837, -0.3782797563
CP  4.8787668921, 0.7454926382, -0.0164666598
H  5.5684988448, 1.5661461129, 0.2027643401
H  5.2648867335, -0.2975163469, -0.1273265971
