CN  0.095, 0.181, -0.217
H  -0.0449101201, 1.2292458735, -0.0685735461
H  0.354403454, -0.4729181246, 0.5667212819
CN  0.0411702695, -0.1958407158, -1.5685432766
H  0.3324068285, -1.2436725654, -1.7905437558
H  -0.2085605633, 0.5033391991, -2.3741802298
CP  3.622, 0.965, -0.383
H  3.6725153319, 1.4142509731, -1.3259478144
H  3.0968428279, 1.5864041532, 0.3300001718
CP  4.0634583202, -0.2202441848, -0.0355025772
H  3.8861149532, -0.5969871737, 0.9802878882
H  4.4539087329, -0.8249632696, -0.8767537825
