CN  0.095, 0.181, -0.217
H  0.5315127487, 1.0935479923, 0.1622638134
H  0.2124701881, -0.0428209908, -1.2838966467
CN  -0.7422870212, -0.5184514813, 0.6411065958
H  -1.3003197686, -1.3703423619, 0.2944596354
H  -0.7342470763, -0.2640278136, 1.6440795254
CP  3.622, 0.965, -0.383
H  2.9616811179, 1.5786761046, 0.2780169249
H  3.6576965749, 1.1046985989, -1.5210910521
CP  4.6435772434, 0.1953643617, 0.0825533134
H  5.1995475448, -0.3728497298, -0.6390835854
H  4.8591890318, 0.1575413821, 1.1182635472
