CN  0.095, 0.181, -0.217
H  0.284383672, 0.8078597645, -1.1176649778
H  1.0085711662, -0.1052384464, 0.3683064731
CN  -1.2130826253, -0.124071057, 0.0819282954
H  -1.3941030767, -0.6141565553, 1.0241124486
H  -2.0947167036, 0.2239121342, -0.5064057344
CP  3.622, 0.965, -0.383
H  3.6945370737, 0.2483513404, -1.1573673519
H  3.1404315657, 0.8025661988, 0.5964523394
CP  3.8601040022, 2.2512607314, -0.7402003575
H  3.9347524464, 3.0131964628, 0.0960569087
H  4.0889437206, 2.4304882423, -1.7778739917
