CN  0.095, 0.181, -0.217
H  0.0174761222, 1.2712700466, -0.0986053644
H  0.4726125003, -0.1565837987, -1.1363620334
CN  -0.5780544543, -0.6768198519, 0.686758152
H  -0.6796663626, -1.7099898716, 0.415468915
H  -1.2454216989, -0.3159540638, 1.4553436516
CP  3.622, 0.965, -0.383
H  3.33344089, 1.3094107487, -1.3523387293
H  2.8448733912, 0.7188876987, 0.3130086783
CP  4.8380071701, 1.1323983151, -0.0094187555
H  5.1873797544, 0.6681893521, 0.9579970039
H  5.6302857702, 1.4368937712, -0.7015911745
