CN  0.095, 0.181, -0.217
H  0.5875843111, -0.0304631943, -1.1548790191
H  0.2406896911, 1.1380645577, 0.256028646
CN  -0.9309389071, -0.643692709, 0.304205001
H  -1.4562007401, -0.403904364, 1.2635094923
H  -1.1841826783, -1.5512531901, -0.2473036162
CP  3.622, 0.965, -0.383
H  3.946840133, 1.7728829629, 0.1840126997
H  2.663659173, 0.4893853508, -0.3905783944
CP  4.5445056069, 0.3626974094, -1.1729020677
H  4.2548671139, -0.4540073145, -1.8118607693
H  5.5146794366, 0.7929493783, -1.2421824683
