CN  0.095, 0.181, -0.217
H  0.0658162727, 0.8957384258, -1.0289901215
H  0.5764999292, -0.7529830893, -0.3524996326
CN  -0.5893541744, 0.4589929536, 1.0016017263
H  -0.5868389927, -0.2556385782, 1.8241370524
H  -0.9569792143, 1.5346461489, 1.1105238878
CP  3.622, 0.965, -0.383
H  3.0803310915, 1.9132691222, -0.3086803551
H  3.1171719028, 0.0512227377, -0.0764158458
CP  4.8339478859, 1.0559474139, -0.9424786079
H  5.370124997, 0.0892633229, -1.1240744141
H  5.2741782092, 2.0133166969, -1.315056691
