CN  0.095, 0.181, -0.217
H  0.3402634994, -0.7820212664, -0.6782225332
H  0.354043571, 0.3885712672, 0.7610732537
CN  -0.8437344966, 1.0089049178, -0.8126556916
H  -1.2107336115, 1.9481304902, -0.4499720092
H  -1.2397547247, 0.7135456976, -1.7757330937
CP  3.622, 0.965, -0.383
H  2.6902349958, 0.9511394391, 0.1918843989
H  4.5267036087, 0.743642798, 0.1327312689
CP  3.6335151513, 1.2043814786, -1.7031341545
H  4.5389386275, 0.9852799426, -2.3075423158
H  2.6598863883, 1.3514361108, -2.1716211446
