CN  0.095, 0.181, -0.217
H  0.0281738135, 0.0143593345, 0.8932436195
H  1.0024266328, 0.4853607439, -0.7617528545
CN  -1.0648847548, -0.0697958901, -0.9685090851
H  -1.112155211, -0.0193760029, -2.0876854244
H  -1.9561602852, -0.2456543665, -0.4640113606
CP  3.622, 0.965, -0.383
H  3.8071597265, 1.2233813709, 0.6605057689
H  3.837017193, -0.0626032739, -0.7614029449
CP  3.1892793762, 1.8460497287, -1.2564202748
H  3.0569915344, 1.631895547, -2.3072979677
H  3.0006794277, 2.8809564594, -0.9512429338
