CN  0.095, 0.181, -0.217
H  -0.4270494135, 1.1062783443, -0.2352633386
H  1.0160428914, 0.1382526099, -0.7094175252
CN  -0.407103765, -0.9949753685, 0.3553564628
H  0.1985187922, -1.88942982, 0.2667858498
H  -1.3942830832, -1.0775167393, 0.8759160931
CP  3.622, 0.965, -0.383
H  3.5919618842, 1.1497064414, -1.4412920659
H  3.1712608763, 1.6499831689, 0.3681636743
CP  3.778500842, -0.3116729533, 0.0258292516
H  3.6858750185, -0.6397521809, 1.0481576161
H  3.9481630287, -1.0593461389, -0.7811275219
