CN  0.095, 0.181, -0.217
H  0.5479156367, 1.1610305699, 0.0909442186
H  0.8301243823, -0.5831041313, -0.4957927076
CN  -1.3057162487, 0.0504719073, -0.3661986494
H  -1.6746795326, -0.8638962957, -0.8257576096
H  -1.9811357538, 0.8517073056, -0.2444715366
CP  3.622, 0.965, -0.383
H  4.1451523238, 0.5207016975, -1.2336503049
H  2.7999545281, 1.5979984671, -0.5082733088
CP  4.082984955, 0.8792423072, 0.8292417588
H  3.509364151, 1.4047633938, 1.6631087702
H  4.9266779111, 0.3586422105, 1.0682628785
