CN  0.095, 0.181, -0.217
H  -0.2964645111, 0.5323672792, -1.1822933272
H  0.6754421784, -0.7355523591, -0.2641809257
CN  -0.0439380336, 0.8584029915, 0.9904371424
H  0.4011133536, 0.5437653662, 1.9571103217
H  -0.6555539874, 1.7462722417, 1.0068428454
CP  3.622, 0.965, -0.383
H  3.1445263427, 1.8743343516, -0.0724110115
H  3.1178495235, 0.1636641169, -0.8412071033
CP  4.9225366656, 0.8700982434, -0.3529884161
H  5.4795176468, 0.0396709786, -0.7757650442
H  5.4986313872, 1.6647947742, 0.1496624733
