CN  0.095, 0.181, -0.217
H  0.1170712366, -0.582400761, -0.9807057263
H  0.4071936286, 1.1855471936, -0.4523104957
CN  -0.4510612681, -0.0388649319, 1.0498369104
H  -0.4300462873, 0.7954527919, 1.6696677363
H  -0.8528610094, -0.9847976077, 1.3642231326
CP  3.622, 0.965, -0.383
H  3.7454892092, 1.5073433017, 0.5546848852
H  2.6519835366, 0.5732774971, -0.7737270942
CP  4.7113871068, 0.8262649445, -1.1235620619
H  4.6670966755, 0.1931538018, -1.971604332
H  5.64399671, 1.2859186889, -0.8182754511
