CN  0.095, 0.181, -0.217
H  0.7383082499, -0.2370127133, -1.0054317997
H  0.3582965938, -0.0687480685, 0.8589732844
CN  -1.0123227287, 0.9089748202, -0.6213705482
H  -1.6868356928, 1.2269430686, 0.1706685163
H  -1.2716566912, 1.1371251598, -1.6968575692
CP  3.622, 0.965, -0.383
H  2.893561597, 0.5671578675, 0.2795179291
H  4.4062224984, 1.6656515083, -0.0108029426
CP  3.6767911153, 0.8161970888, -1.6996329888
H  4.4902457325, 1.4008849309, -2.1808992155
H  2.891506138, 0.2253216081, -2.1621322269
