CN  0.095, 0.181, -0.217
H  0.192906734, -0.9244113657, -0.5015780787
H  0.6331820197, 0.9272857182, -0.7951954765
CN  -0.8221803918, 0.5559257853, 0.7813958814
H  -1.0008856913, 1.5703988294, 1.0584431993
H  -1.3748334994, -0.2946430128, 1.1971556244
CP  3.622, 0.965, -0.383
H  3.9427161379, 0.043999219, -0.8730191806
H  3.0825203516, 0.8949065818, 0.5508745288
CP  3.9354383888, 2.0987478537, -0.9092167826
H  3.7774308282, 3.1144124189, -0.4728638747
H  4.4211812097, 2.1018103832, -1.9158393739
