CN  0.095, 0.181, -0.217
H  0.6069619718, -0.7255001378, -0.1162632735
H  0.5959731167, 1.143934143, -0.2828702155
CN  -1.2859342947, 0.2112642612, -0.4691959976
H  -1.8145430811, 1.1800126031, -0.6908718799
H  -1.8173363827, -0.732359171, -0.4671456786
CP  3.622, 0.965, -0.383
H  3.5493728005, 1.4911564657, -1.3207309084
H  3.0690862271, 0.0501923375, -0.2597850361
CP  4.4063968193, 1.3084490436, 0.6146738506
H  4.6456519318, 0.6615324083, 1.5229635813
H  4.9381997291, 2.2285403666, 0.4524295078
