CN  0.095, 0.181, -0.217
H  0.7501507801, 0.4062419452, 0.6319282939
H  -0.3217150507, 1.0600746063, -0.7389440634
CN  -0.2672241724, -1.0842478462, -0.7298824884
H  -0.928976548, -1.0858767334, -1.5126332296
H  0.1430577409, -2.0461636725, -0.4045230388
CP  3.622, 0.965, -0.383
H  3.0792393961, 0.9731008357, -1.3501813626
H  3.1199762942, 0.7683077983, 0.5464095817
CP  4.8703411182, 1.3972891232, -0.2771588473
H  5.323277313, 1.5069331559, 0.7124682755
H  5.4219517106, 1.5795916922, -1.2370146428
