CN  0.095, 0.181, -0.217
H  0.2918749199, 1.0249453894, 0.4968672332
H  0.8747833866, -0.5682302394, -0.1980397154
CN  -0.9731471689, 0.1731016443, -1.1666344566
H  -1.0540093837, -0.7571666435, -1.7956851412
H  -1.7434826499, 0.9074291014, -1.2402777894
CP  3.622, 0.965, -0.383
H  4.5237894562, 1.3796490541, 0.12856752
H  2.6423310277, 1.1866614445, 0.0723159017
CP  3.6745217157, 0.2495257302, -1.4965045977
H  2.756955281, -0.217939003, -1.9640625898
H  4.579416877, -0.0176401671, -2.0150463816
