CN  0.095, 0.181, -0.217
H  -0.7140253099, 0.8881881144, -0.0073201475
H  1.0662005262, 0.6917584828, -0.3855761669
CN  -0.0515867835, -1.194402419, -0.3499584441
H  0.8332414158, -1.8016378361, -0.501823432
H  -1.0452972532, -1.7082390243, -0.2889001909
CP  3.622, 0.965, -0.383
H  3.7766459216, 2.0302567411, -0.5419079134
H  3.3208669361, 0.5237773916, 0.5673859295
CP  4.0251225225, 0.1430390141, -1.3065798328
H  3.9654867827, -0.9010473753, -1.1283483776
H  4.42963444, 0.4805752706, -2.2919796515
