CN  0.095, 0.181, -0.217
H  0.2536106932, 1.2540690647, -0.2331870572
H  1.0036762262, -0.4162368001, -0.1319429709
CN  -1.1621244944, -0.3876810911, -0.2212443104
H  -1.2590010044, -1.4160779421, -0.2002495424
H  -2.1402766916, 0.149555745, -0.2021263196
CP  3.622, 0.965, -0.383
H  2.8819498021, 1.1117424059, -1.1430147118
H  3.4453879144, 1.2035079073, 0.6682818883
CP  4.7904569765, 0.5323328396, -0.7609716141
H  5.5507056406, 0.3038856554, -0.0427924067
H  4.8519397525, 0.2383073183, -1.8373113923
