CN  0.095, 0.181, -0.217
H  -0.4535852803, 0.4186028889, 0.6731900751
H  0.7474839762, 0.9268623835, -0.697611529
CN  -0.0979874017, -1.1137128334, -0.7067094701
H  0.5104664887, -1.4303920267, -1.5432112694
H  -0.8848140847, -1.7692506983, -0.3873749925
CP  3.622, 0.965, -0.383
H  3.375335751, -0.0447087666, -0.6050130881
H  2.9968385864, 1.877835084, -0.6743139086
CP  4.8262651695, 1.0977019235, 0.116183454
H  5.2124073311, 2.1443274833, 0.240800628
H  5.4157624778, 0.2145189364, 0.3105266478
