CN  0.095, 0.181, -0.217
H  0.5252138961, 0.5736732702, -1.1584536773
H  0.6763896095, 0.0806962996, 0.6275881808
CN  -1.2783720152, -0.065194178, -0.2051598497
H  -1.7568381256, -0.3173421621, 0.7564043401
H  -1.93088154, 0.1327305656, -1.0862974418
CP  3.622, 0.965, -0.383
H  3.0401495044, 0.2667934441, -1.0356516923
H  3.1709462657, 1.8028680288, 0.0052406375
CP  4.8739864098, 0.6527955022, -0.1542747552
H  5.4898143156, 1.333318077, 0.4590869168
H  5.3130418061, -0.2856139249, -0.5341853577
