CN  0.095, 0.181, -0.217
H  0.5524409313, 0.7406645016, 0.5919021205
H  0.3115521039, 0.4196821138, -1.2451085315
CN  -0.86501608, -0.8584407471, 0.0144084285
H  -1.3464490512, -1.3177616574, -0.8535904801
H  -1.1173937172, -1.042266495, 1.0915152549
CP  3.622, 0.965, -0.383
H  3.7926963077, 0.1227308608, -1.0109799521
H  3.2473891282, 0.8970362621, 0.6606508585
CP  3.7762711617, 2.1442619629, -0.9932104139
H  3.5699158953, 3.0264749974, -0.3853948164
H  4.0668214157, 2.2098509858, -2.0124569074
