CN  0.095, 0.181, -0.217
H  0.8641859808, -0.5320150015, 0.0048064615
H  -0.2069176907, 0.3058481917, -1.2206473436
CN  -0.5390066014, 0.9524200057, 0.7721195817
H  -1.3282064918, 1.6696423934, 0.5765846681
H  -0.1285295352, 0.8976012756, 1.824356238
CP  3.622, 0.965, -0.383
H  3.1283536354, 0.0295293559, -0.1771866825
H  3.0702579417, 1.8197706519, -0.7086906561
CP  4.9058400658, 1.0611197224, -0.0730958101
H  5.3971590216, 1.9935419971, -0.2645382482
H  5.5225500239, 0.1645035579, 0.2698357592
