CN  0.095, 0.181, -0.217
H  0.0008064709, 1.0859622889, -0.768399829
H  1.0574846495, -0.0564591414, 0.2638474716
CN  -0.9299847813, -0.7491333753, -0.1179857763
H  -0.6747395045, -1.6615208709, 0.4075894572
H  -1.8794481259, -0.584338571, -0.584775306
CP  3.622, 0.965, -0.383
H  3.0505334281, 1.0620630877, 0.5434367294
H  3.9980851823, 1.8848836758, -0.8307859154
CP  3.9112718862, -0.2197467074, -0.8774089212
H  4.534962783, -0.3825673555, -1.7860058292
H  3.4729754721, -1.144221312, -0.504495227
