CN  0.095, 0.181, -0.217
H  -0.1458036169, -0.040245759, -1.2428913478
H  0.8279329157, 1.0291312393, -0.0735896749
CN  -0.5115613945, -0.4166288343, 0.9022755818
H  -0.2045271672, -0.0954944266, 1.8926606055
H  -1.2982723113, -1.1173211034, 0.6897909023
CP  3.622, 0.965, -0.383
H  3.9010732042, 1.8036894125, -0.9987275073
H  2.869332023, 0.3112057372, -0.7638277766
CP  4.2522534373, 0.7596983614, 0.7937562363
H  3.9158527716, -0.1514536029, 1.3094514623
H  5.098110001, 1.2991114265, 1.1059630991
