CN  0.095, 0.181, -0.217
H  0.4519158441, 1.0970071315, -0.6167022903
H  0.6589109601, -0.7503079026, -0.1665078084
CN  -1.1593771708, 0.281395695, 0.4008152824
H  -1.4968865456, -0.5396280003, 1.0096898476
H  -1.6037484646, 1.3149073008, 0.3537337912
CP  3.622, 0.965, -0.383
H  3.8227153865, 0.533564152, -1.3500233147
H  3.1569484929, 0.3775374599, 0.3996457655
CP  3.8638418795, 2.2253478492, -0.1442319103
H  3.6137525889, 2.6854490054, 0.8393699476
H  4.4310486519, 2.7845432821, -0.9173824171
