CN  0.095, 0.181, -0.217
H  0.3250106862, 0.8422031927, 0.6010648473
H  0.8652420391, 0.0576680274, -0.9760998223
CN  -1.0918602953, -0.5946353752, -0.3015450938
H  -1.2245428349, -1.2385249303, -1.212167869
H  -1.9463896802, -0.5919912459, 0.3863830974
CP  3.622, 0.965, -0.383
H  3.2523970072, 0.9036885166, 0.6101843908
H  4.261812115, 0.1890154354, -0.8308996175
CP  3.1660359898, 1.9978832563, -1.1133097067
H  3.3598112817, 2.0585535192, -2.2037617072
H  2.5463427383, 2.7561894399, -0.6315959964
