CN  0.095, 0.181, -0.217
H  0.8056633088, -0.329349698, -0.8279000732
H  -0.177069627, 1.1691906915, -0.5442420116
CN  -0.6524082432, -0.4298250224, 0.8042993154
H  -1.4251474545, 0.0710841238, 1.3790754523
H  -0.4053594972, -1.5057565534, 1.0484749774
CP  3.622, 0.965, -0.383
H  3.8290001028, 1.1120274127, -1.4320750931
H  3.4619181416, 1.9350202579, 0.1628991044
CP  3.5799373921, -0.1865513253, 0.2531748893
H  3.4999923878, -0.2360832882, 1.3095718071
H  3.7541555695, -1.1303703572, -0.3222957013
