CN  0.095, 0.181, -0.217
H  0.3042114746, -0.8677358544, -0.4217943074
H  0.0941834657, 0.5706757681, 0.7799169083
CN  -0.2336443655, 1.1500873028, -1.1897381955
H  -0.5192702042, 2.1736600619, -0.9479325691
H  -0.227245028, 0.8204429012, -2.2633027417
CP  3.622, 0.965, -0.383
H  3.6003149714, 1.3439799879, -1.4205398868
H  3.2864558687, -0.0622826327, -0.2815202803
CP  4.3207057753, 1.5423257131, 0.6099633056
H  4.4856172065, 0.9927937457, 1.5144548612
H  4.9218451076, 2.472207501, 0.4289875086
