CN  0.095, 0.181, -0.217
H  0.2784521005, -0.2731937005, 0.6942537884
H  0.1813270993, 1.2711480125, -0.2684867663
CN  -0.387932356, -0.4764960019, -1.3531642609
H  -0.4905993553, 0.1773420202, -2.210553673
H  -0.667149095, -1.5324936595, -1.2951143964
CP  3.622, 0.965, -0.383
H  4.0842198506, 1.5507517855, -1.2034471689
H  2.7646636343, 0.2652059887, -0.6396739445
CP  4.0557171552, 0.9904073019, 0.8706638002
H  3.6376983718, 0.3601462111, 1.6240450364
H  4.8656900099, 1.6701557895, 1.1666540472
