CN  0.095, 0.181, -0.217
H  0.5678181466, 0.0778602576, 0.7410338363
H  -0.3114076964, 1.1550351842, -0.5104840488
CN  -0.3240548098, -0.9834223626, -0.8721523138
H  -0.8914919179, -0.8883582069, -1.8057864619
H  0.0315943483, -1.9032780663, -0.4994200748
CP  3.622, 0.965, -0.383
H  3.5917496938, -0.06774649, 0.0135440279
H  2.833884087, 1.7227555189, -0.1584140349
CP  4.6051431773, 1.2546454452, -1.248578903
H  4.6523531753, 2.2030653514, -1.8112235114
H  5.4354640804, 0.498104542, -1.3746336514
