CN  0.095, 0.181, -0.217
H  0.4403972679, -0.2093158279, 0.7758107046
H  0.2777335218, 1.1692924249, -0.5774053785
CN  -0.750906162, -0.7133698261, -0.8650404256
H  -1.1514396049, -0.464084982, -1.872679892
H  -1.0238191444, -1.6642639073, -0.3996931547
CP  3.622, 0.965, -0.383
H  2.7711049973, 0.2973570567, -0.6190935266
H  4.5082158451, 0.5179884894, 0.0502813858
CP  3.5869704149, 2.2127326976, -0.8970250828
H  4.4205327877, 2.8845505548, -0.7980952683
H  2.6322623521, 2.5590720236, -1.3678121325
