CN  0.095, 0.181, -0.217
H  -0.2771289147, 1.0735625118, -0.6577099423
H  0.9977784836, -0.2530495832, -0.6680586536
CN  -0.421869835, -0.3401392416, 0.9824330123
H  0.199079019, -1.2008540706, 1.4046322879
H  -1.1698677505, 0.1468105491, 1.6081087056
CP  3.622, 0.965, -0.383
H  2.821178517, 1.5542114215, -0.0729008277
H  4.0959561446, 1.2975981522, -1.2667120185
CP  3.8827290291, -0.233085942, 0.1789171219
H  4.6666382039, -0.8982021681, -0.2133671025
H  3.1302999752, -0.6424391941, 0.8308497249
