CN  0.095, 0.181, -0.217
H  -0.3061816064, 1.1353003598, 0.1511636506
H  1.1137230533, -0.1718550467, -0.1179414563
CN  -0.8879551964, -0.7801751286, -0.5826761513
H  -0.5755121974, -1.7799687356, -0.9015354478
H  -2.0132169367, -0.6701947313, -0.5650152388
CP  3.622, 0.965, -0.383
H  4.2712595161, 1.5858843815, -1.1027695585
H  2.861792972, 1.3749069979, 0.2611202886
CP  3.9390671546, -0.3263667395, -0.1444003923
H  3.3793630331, -1.0165154623, 0.4639389339
H  4.7568021185, -0.7019124382, -0.7595858432
