CN  0.095, 0.181, -0.217
H  0.849337215, -0.4372277459, -0.7193944859
H  0.4806303134, 0.9667064671, 0.4111160403
CN  -1.2458440605, -0.1223485123, -0.2638946148
H  -1.9216495223, 0.4555219117, 0.3588394381
H  -1.660693675, -0.9720660473, -0.8085837882
CP  3.622, 0.965, -0.383
H  3.9584439854, 1.4500997345, -1.3380494858
H  2.796521961, 0.2856658402, -0.4231675011
CP  4.2513227834, 1.2909195223, 0.6933363544
H  4.0357727841, 0.8320658847, 1.6640216918
H  5.1487266144, 1.9060307005, 0.6323455026
