CN  0.095, 0.181, -0.217
H  0.2046569323, -0.2675760846, -1.1568960674
H  -0.155073145, 1.2451435886, -0.2819079803
CN  0.4857570955, -0.5763638831, 0.8755085772
H  0.4637070404, -0.2271116828, 1.8950160182
H  0.7830721091, -1.6051758399, 0.7596799882
CP  3.622, 0.965, -0.383
H  2.8442516282, 1.6692604236, -0.3038054989
H  3.3596606152, -0.0771141902, -0.5571650936
CP  4.9370332487, 1.1496679856, -0.0856959832
H  5.6240394217, 0.2527683437, -0.097376619
H  5.2647981449, 2.1360878621, 0.12234389
