CN  0.095, 0.181, -0.217
H  1.149950135, -0.0878877979, -0.0780191754
H  -0.7027149775, -0.5481131235, -0.156802598
CN  -0.203408415, 1.4963593459, -0.6340838259
H  -1.2372548571, 1.8518088203, -0.8764741956
H  0.5793006605, 2.2534337236, -0.5584498944
CP  3.622, 0.965, -0.383
H  2.9807397352, 1.6160255141, 0.1339559844
H  3.521630848, -0.0665655109, -0.2365048035
CP  4.5580491492, 1.5157313481, -1.1517301072
H  5.1756770599, 0.8858628536, -1.8188400135
H  4.5299106787, 2.5659942302, -1.3323933014
