CN  0.095, 0.181, -0.217
H  0.138981634, 1.2294142917, -0.4930493911
H  0.2716004269, -0.1961057421, 0.8154900518
CN  -0.2525906466, -0.6528107162, -1.2684479485
H  -0.3560190226, -1.7377351803, -1.1009475095
H  -0.3626911455, -0.3512388862, -2.3402637627
CP  3.622, 0.965, -0.383
H  3.1994771717, 1.5189016546, 0.425734695
H  3.871370559, -0.0968847098, -0.2717532923
CP  3.917845027, 1.4663337135, -1.5386134491
H  4.4166968812, 0.9236169627, -2.3050974991
H  3.7248590324, 2.4762391167, -1.7856145994
