CN  0.095, 0.181, -0.217
H  0.3764472663, 1.1148240162, -0.7662982336
H  -0.1006446125, -0.7663531701, -0.7746634082
CN  -0.0729396673, 0.1392869152, 1.1707289292
H  -0.2707564435, -0.8294800347, 1.6399773245
H  0.1218008691, 1.0885264507, 1.6514411861
CP  3.622, 0.965, -0.383
H  3.3193826794, 1.7362320545, -1.0930726336
H  2.9567892367, 0.5460063626, 0.4140283853
CP  4.8115897467, 0.320357928, -0.5279791759
H  4.9757693999, -0.4183595381, 0.1856656116
H  5.5542955889, 0.675349786, -1.2642170555
