CN  0.095, 0.181, -0.217
H  0.7405668077, 1.0010214344, -0.5925304651
H  0.392365042, -0.322319882, 0.6948960474
CN  -1.0935999415, -0.1852198427, -0.8153891621
H  -1.6881921292, -0.954108917, -0.2700048587
H  -1.4802992048, 0.1346756654, -1.7655584801
CP  3.622, 0.965, -0.383
H  3.0675732195, 0.4429368193, -1.1899720221
H  3.9730235259, 2.030417676, -0.4060046519
CP  4.1281327565, 0.2507367823, 0.638559219
H  4.8737049206, 0.7398027743, 1.2784920491
H  4.0642735261, -0.8464479221, 0.6411930131
