CN  0.095, 0.181, -0.217
H  -0.2458175179, -0.7629591651, 0.1953049093
H  1.0044724926, 0.6118382189, 0.2288815362
CN  -0.4137214878, 0.7542622496, -1.4032743759
H  0.0706009839, 1.5880362412, -1.9065885273
H  -1.1921717764, 0.2264213217, -1.9785556695
CP  3.622, 0.965, -0.383
H  3.4556504429, -0.0225101642, -0.8320438594
H  3.0825341241, 1.2654263835, 0.4843852315
CP  4.3278718818, 1.8840737336, -1.0001211076
H  4.3832192952, 2.8557045342, -0.5478740044
H  4.7563330098, 1.750710322, -2.0114212291
