CN  0.095, 0.181, -0.217
H  0.5230752798, -0.8081112526, -0.3576534792
H  0.7747729027, 1.0556559207, -0.182042461
CN  -1.2405096812, 0.3690079539, -0.5224429718
H  -1.7303379681, 1.3537622818, -0.435604148
H  -1.8128207629, -0.5291855473, -0.6893511734
CP  3.622, 0.965, -0.383
H  3.6456988866, 1.7301663262, 0.3904828813
H  3.4818961128, -0.0404581498, -0.0477782399
CP  3.4735913322, 1.352892613, -1.6361896024
H  3.2897514876, 0.6075492881, -2.449724573
H  3.5322375941, 2.3939530607, -1.7762197069
