CN  0.095, 0.181, -0.217
H  0.5043822808, 1.1747786731, -0.1803650947
H  -0.4210948613, -0.1928423283, -1.073582594
CN  0.3878193702, -0.6945363741, 0.8103367552
H  -0.0751931968, -1.6499676403, 0.6606283368
H  0.9598629588, -0.4361678694, 1.6363036623
CP  3.622, 0.965, -0.383
H  3.556921282, 1.3921585747, -1.3512017876
H  3.6341486949, -0.1039997957, -0.3794637483
CP  3.6079948669, 1.5847064849, 0.7818724938
H  3.6066211138, 1.0398516972, 1.7200158133
H  3.3848004992, 2.6557083016, 0.8311908016
