CN  0.095, 0.181, -0.217
H  0.4247636097, 0.1961740582, -1.2498201033
H  0.5160184342, -0.6402963879, 0.4235901167
CN  -0.9674712701, 0.9769166047, 0.3039149309
H  -1.3796306261, 0.8979914692, 1.3246052211
H  -1.4627710295, 1.6473151154, -0.3560653223
CP  3.622, 0.965, -0.383
H  3.1041147276, 0.3702754247, -1.1730674956
H  3.6978932251, 2.0307095294, -0.2671877266
CP  3.991775269, 0.2613040163, 0.6575766853
H  4.4031398105, 0.7836402405, 1.5783113347
H  3.9742415128, -0.7955469734, 0.6828838933
