CN  0.095, 0.181, -0.217
H  -0.1643139267, -0.6522374273, -0.8322427761
H  0.3545995746, 1.0992789203, -0.7090241135
CN  -0.0727199432, 0.1888550091, 1.1738011787
H  0.1888025804, 1.0844420665, 1.7408736844
H  -0.3959281317, -0.7209352117, 1.6940181456
CP  3.622, 0.965, -0.383
H  3.1902087196, -0.0042666413, -0.1426172947
H  3.2422259243, 1.8921665263, 0.0387766897
CP  4.8421436908, 0.9857546231, -0.940370366
H  5.4290948231, 1.9135844998, -0.9735969793
H  5.2799053832, 0.0008159044, -1.1292592637
