CN  0.095, 0.181, -0.217
H  0.3910269438, -0.1431161165, 0.7900126619
H  0.5314165503, 1.1196833068, -0.5591681461
CN  -0.9913677925, -0.3373809693, -0.8719288067
H  -1.2991334548, 0.1917380781, -1.8119113036
H  -1.4938735689, -1.15316928, -0.4251653787
CP  3.622, 0.965, -0.383
H  3.1323915744, 1.309584733, -1.3008592382
H  3.902663074, 1.6107670489, 0.4281110531
CP  4.0852671526, -0.2381155811, -0.2382596931
H  4.5803174179, -0.5837953673, 0.6814180704
H  3.8556870818, -0.9160703578, -1.0591261479
