CN  0.095, 0.181, -0.217
H  0.5747503961, 0.5520314773, 0.7159948308
H  -0.5626114145, 0.7760138204, -0.7721721904
CN  0.3353443894, -1.0504846465, -0.7996596491
H  -0.2383694043, -1.3217565929, -1.6758288783
H  0.9993742683, -1.8176348815, -0.4212304494
CP  3.622, 0.965, -0.383
H  2.6407316688, 1.4295763098, -0.5911481398
H  4.0991194031, 0.3475213192, -1.0670116598
CP  4.2791767459, 1.1687210312, 0.7552043825
H  5.2046189508, 0.5974217747, 0.9029093257
H  3.9517515026, 1.8841391152, 1.493181345
