CN  0.095, 0.181, -0.217
H  1.1710944262, 0.0418845634, -0.0137222161
H  -0.5033396444, 0.4824303817, 0.5806220664
CN  -0.5235680279, 0.0335200157, -1.4883393343
H  -1.5892734314, 0.2180802066, -1.6790799741
H  0.084282181, -0.178216722, -2.3149432692
CP  3.622, 0.965, -0.383
H  3.1454981429, 0.9041500491, 0.5593221427
H  3.4361924214, 0.4356208775, -1.3168579533
CP  4.5059171015, 1.9271601898, -0.527615785
H  5.0908798016, 1.9527010942, -1.4635154928
H  4.8035184942, 2.4711472956, 0.3663591756
