CN  0.095, 0.181, -0.217
H  0.3554879661, -0.684490737, -0.8223812133
H  0.233521744, 0.0925971234, 0.8666078053
CN  -0.3988148976, 1.4052746772, -0.7673733291
H  -0.4289162398, 2.2944544418, -0.1279477829
H  -0.5780859985, 1.6121529482, -1.769994267
CP  3.622, 0.965, -0.383
H  4.1748307444, 0.0589319451, -0.6719305035
H  3.2717019352, 1.0637467737, 0.6528501927
CP  3.2751884452, 1.8230219132, -1.3194811588
H  2.7677604417, 2.7698256097, -1.0284734355
H  3.6117677729, 1.5275727382, -2.3092617562
