CN  0.095, 0.181, -0.217
H  0.3361210671, -0.3137280772, -1.1600210751
H  0.3944959154, -0.2060912919, 0.7468773966
CN  -0.9479404806, 1.1214046934, -0.2632503614
H  -1.3699755389, 1.5290222231, 0.6542257531
H  -1.4105548291, 1.3962494077, -1.2096901234
CP  3.622, 0.965, -0.383
H  4.2361399342, 0.5171922299, 0.4397321798
H  2.6166909747, 1.3252852691, -0.1523453082
CP  4.1043145856, 0.7712202968, -1.6240529722
H  3.651669191, 1.2449200631, -2.4705633586
H  5.0204125516, 0.2090107172, -1.6942252771
