CN  0.095, 0.181, -0.217
H  0.8623834767, -0.0855495318, 0.4448628038
H  -0.5593914475, -0.5533199533, -0.6862522927
CN  -0.4216832753, 1.4851871587, -0.3439795533
H  -1.3133335348, 1.6817190351, -0.9679670835
H  0.1166962112, 2.285898702, 0.1564385546
CP  3.622, 0.965, -0.383
H  3.5848248585, 0.205070168, 0.3501816793
H  2.7003555285, 1.065114254, -1.0636031524
CP  4.5619208244, 1.8465459849, -0.4413258908
H  4.5668180425, 2.5946223793, -1.1705463001
H  5.4499641414, 1.7952013763, 0.1939669815
