 Atom=           1 Dimension=           1
   0.0000000000000000        0.0000000000000000     
 -5.22467894012167318E-003   0.0000000000000000     
 Atom=           1 Dimension=           2
   0.0000000000000000        0.0000000000000000     
 -6.62311740858149544E-003   0.0000000000000000     
 Atom=           1 Dimension=           3
   0.0000000000000000        0.0000000000000000     
 -1.68576568151249237E-003   0.0000000000000000     
 Atom=           2 Dimension=           1
   0.0000000000000000        0.0000000000000000     
 -1.47819713582610546E-003   0.0000000000000000     
 Atom=           2 Dimension=           2
   0.0000000000000000        0.0000000000000000     
  9.17029530674763117E-004   0.0000000000000000     
 Atom=           2 Dimension=           3
   0.0000000000000000        0.0000000000000000     
 -6.54929381484730934E-005   0.0000000000000000     
 Atom=           3 Dimension=           1
   0.0000000000000000        0.0000000000000000     
  3.94674058956493226E-003   0.0000000000000000     
 Atom=           3 Dimension=           2
   0.0000000000000000        0.0000000000000000     
 -2.44813874827494102E-003   0.0000000000000000     
 Atom=           3 Dimension=           3
   0.0000000000000000        0.0000000000000000     
  1.74842847645360211E-004   0.0000000000000000     
 Atom=           4 Dimension=           1
   0.0000000000000000        0.0000000000000000     
 -3.25058731446428543E-003   0.0000000000000000     
 Atom=           4 Dimension=           2
   0.0000000000000000        0.0000000000000000     
  3.25138090158212537E-004   0.0000000000000000     
 Atom=           4 Dimension=           3
   0.0000000000000000        0.0000000000000000     
 -9.59844499528918075E-004   0.0000000000000000     
 Atom=           5 Dimension=           1
   0.0000000000000000        0.0000000000000000     
  1.77705291377836417E-004   0.0000000000000000     
 Atom=           5 Dimension=           2
   0.0000000000000000        0.0000000000000000     
 -1.13368666276302010E-004   0.0000000000000000     
 Atom=           5 Dimension=           3
   0.0000000000000000        0.0000000000000000     
  1.08943361154974894E-005   0.0000000000000000     
 Atom=           6 Dimension=           1
   0.0000000000000000        0.0000000000000000     
 -1.44431923238840182E-003   0.0000000000000000     
 Atom=           6 Dimension=           2
   0.0000000000000000        0.0000000000000000     
  9.21473433081696392E-004   0.0000000000000000     
 Atom=           6 Dimension=           3
   0.0000000000000000        0.0000000000000000     
 -8.85527547036803843E-005   0.0000000000000000     
 Atom=           7 Dimension=           1
   0.0000000000000000       2.92567357696260980E-003
   0.0000000000000000        0.0000000000000000     
 Atom=           7 Dimension=           2
   0.0000000000000000       2.15732019089112138E-003
   0.0000000000000000        0.0000000000000000     
 Atom=           7 Dimension=           3
   0.0000000000000000       1.20041635571019323E-003
   0.0000000000000000        0.0000000000000000     
 Atom=           8 Dimension=           1
   0.0000000000000000      -1.75129956307604282E-003
   0.0000000000000000        0.0000000000000000     
 Atom=           8 Dimension=           2
   0.0000000000000000       2.14554048931827560E-003
   0.0000000000000000        0.0000000000000000     
 Atom=           8 Dimension=           3
   0.0000000000000000       6.10652745431388756E-004
   0.0000000000000000        0.0000000000000000     
 Atom=           9 Dimension=           1
   0.0000000000000000       2.82546220284177890E-003
   0.0000000000000000        0.0000000000000000     
 Atom=           9 Dimension=           2
   0.0000000000000000      -3.46151398739974470E-003
   0.0000000000000000        0.0000000000000000     
 Atom=           9 Dimension=           3
   0.0000000000000000      -9.85218542662037429E-004
   0.0000000000000000        0.0000000000000000     
 Atom=          10 Dimension=           1
   0.0000000000000000       3.79732612697935516E-003
   0.0000000000000000        0.0000000000000000     
 Atom=          10 Dimension=           2
   0.0000000000000000       5.60657382524500265E-003
   0.0000000000000000        0.0000000000000000     
 Atom=          10 Dimension=           3
   0.0000000000000000       1.65383085414422823E-003
   0.0000000000000000        0.0000000000000000     
 Atom=          11 Dimension=           1
   0.0000000000000000       3.70928688429766505E-003
   0.0000000000000000        0.0000000000000000     
 Atom=          11 Dimension=           2
   0.0000000000000000      -4.05604951248472907E-003
   0.0000000000000000        0.0000000000000000     
 Atom=          11 Dimension=           3
   0.0000000000000000      -9.50583316072599045E-004
   0.0000000000000000        0.0000000000000000     
 Atom=          12 Dimension=           1
   0.0000000000000000      -4.23399088229273364E-003
   0.0000000000000000        0.0000000000000000     
 Atom=          12 Dimension=           2
   0.0000000000000000       4.62987830476886599E-003
   0.0000000000000000        0.0000000000000000     
 Atom=          12 Dimension=           3
   0.0000000000000000       1.08504033111225351E-003
   0.0000000000000000        0.0000000000000000     
 Atom=           1 Dimension=           1
   0.0000000000000000        0.0000000000000000     
 -5.22483453389931650E-003   0.0000000000000000     
 Atom=           1 Dimension=           2
   0.0000000000000000        0.0000000000000000     
 -6.62321212783467585E-003   0.0000000000000000     
 Atom=           1 Dimension=           3
   0.0000000000000000        0.0000000000000000     
 -1.68578412492262808E-003   0.0000000000000000     
 Atom=           2 Dimension=           1
   0.0000000000000000        0.0000000000000000     
 -1.47814186176416381E-003   0.0000000000000000     
 Atom=           2 Dimension=           2
   0.0000000000000000        0.0000000000000000     
  9.16968611290171253E-004   0.0000000000000000     
 Atom=           2 Dimension=           3
   0.0000000000000000        0.0000000000000000     
 -6.54928726310371345E-005   0.0000000000000000     
 Atom=           3 Dimension=           1
   0.0000000000000000        0.0000000000000000     
  3.94675757750270924E-003   0.0000000000000000     
 Atom=           3 Dimension=           2
   0.0000000000000000        0.0000000000000000     
 -2.44807818219186296E-003   0.0000000000000000     
 Atom=           3 Dimension=           3
   0.0000000000000000        0.0000000000000000     
  1.74849962827707000E-004   0.0000000000000000     
 Atom=           4 Dimension=           1
   0.0000000000000000        0.0000000000000000     
 -3.25059328994928027E-003   0.0000000000000000     
 Atom=           4 Dimension=           2
   0.0000000000000000        0.0000000000000000     
  3.25143819621597277E-004   0.0000000000000000     
 Atom=           4 Dimension=           3
   0.0000000000000000        0.0000000000000000     
 -9.59857456101046954E-004   0.0000000000000000     
 Atom=           5 Dimension=           1
   0.0000000000000000        0.0000000000000000     
  1.77691892623661974E-004   0.0000000000000000     
 Atom=           5 Dimension=           2
   0.0000000000000000        0.0000000000000000     
 -1.13361915125325291E-004   0.0000000000000000     
 Atom=           5 Dimension=           3
   0.0000000000000000        0.0000000000000000     
  1.08918153456786205E-005   0.0000000000000000     
 Atom=           6 Dimension=           1
   0.0000000000000000        0.0000000000000000     
 -1.44431379401202455E-003   0.0000000000000000     
 Atom=           6 Dimension=           2
   0.0000000000000000        0.0000000000000000     
  9.21484562984418607E-004   0.0000000000000000     
 Atom=           6 Dimension=           3
   0.0000000000000000        0.0000000000000000     
 -8.85386069495504454E-005   0.0000000000000000     
 Atom=           7 Dimension=           1
   0.0000000000000000       2.92563276603793236E-003
   0.0000000000000000        0.0000000000000000     
 Atom=           7 Dimension=           2
   0.0000000000000000       2.15750172546806023E-003
   0.0000000000000000        0.0000000000000000     
 Atom=           7 Dimension=           3
   0.0000000000000000       1.20045748179407755E-003
   0.0000000000000000        0.0000000000000000     
 Atom=           8 Dimension=           1
   0.0000000000000000      -1.75135504261006870E-003
   0.0000000000000000        0.0000000000000000     
 Atom=           8 Dimension=           2
   0.0000000000000000       2.14558317684817798E-003
   0.0000000000000000        0.0000000000000000     
 Atom=           8 Dimension=           3
   0.0000000000000000       6.10651305801896316E-004
   0.0000000000000000        0.0000000000000000     
 Atom=           9 Dimension=           1
   0.0000000000000000       2.82553421124367510E-003
   0.0000000000000000        0.0000000000000000     
 Atom=           9 Dimension=           2
   0.0000000000000000      -3.46156141254377056E-003
   0.0000000000000000        0.0000000000000000     
 Atom=           9 Dimension=           3
   0.0000000000000000      -9.85210117914717956E-004
   0.0000000000000000        0.0000000000000000     
 Atom=          10 Dimension=           1
   0.0000000000000000       3.79732566081841284E-003
   0.0000000000000000        0.0000000000000000     
 Atom=          10 Dimension=           2
   0.0000000000000000       5.60660131045317110E-003
   0.0000000000000000        0.0000000000000000     
 Atom=          10 Dimension=           3
   0.0000000000000000       1.65382802340285451E-003
   0.0000000000000000        0.0000000000000000     
 Atom=          11 Dimension=           1
   0.0000000000000000       3.70927103536679596E-003
   0.0000000000000000        0.0000000000000000     
 Atom=          11 Dimension=           2
   0.0000000000000000      -4.05603637650940076E-003
   0.0000000000000000        0.0000000000000000     
 Atom=          11 Dimension=           3
   0.0000000000000000      -9.50569232641625432E-004
   0.0000000000000000        0.0000000000000000     
 Atom=          12 Dimension=           1
   0.0000000000000000      -4.23385300884487198E-003
   0.0000000000000000        0.0000000000000000     
 Atom=          12 Dimension=           2
   0.0000000000000000       4.62973232861866105E-003
   0.0000000000000000        0.0000000000000000     
 Atom=          12 Dimension=           3
   0.0000000000000000       1.08499355892197297E-003
   0.0000000000000000        0.0000000000000000     
 Atom=           1 Dimension=           1
   0.0000000000000000        0.0000000000000000     
 -5.22483453389931650E-003   0.0000000000000000     
 Atom=           1 Dimension=           2
   0.0000000000000000        0.0000000000000000     
 -6.62321212783467585E-003   0.0000000000000000     
 Atom=           1 Dimension=           3
   0.0000000000000000        0.0000000000000000     
 -1.68578412492262808E-003   0.0000000000000000     
 Atom=           2 Dimension=           1
   0.0000000000000000        0.0000000000000000     
 -1.47814186176416381E-003   0.0000000000000000     
 Atom=           2 Dimension=           2
   0.0000000000000000        0.0000000000000000     
  9.16968611290171253E-004   0.0000000000000000     
 Atom=           2 Dimension=           3
   0.0000000000000000        0.0000000000000000     
 -6.54928726310371345E-005   0.0000000000000000     
 Atom=           3 Dimension=           1
   0.0000000000000000        0.0000000000000000     
  3.94675757750270924E-003   0.0000000000000000     
 Atom=           3 Dimension=           2
   0.0000000000000000        0.0000000000000000     
 -2.44807818219186296E-003   0.0000000000000000     
 Atom=           3 Dimension=           3
   0.0000000000000000        0.0000000000000000     
  1.74849962827707000E-004   0.0000000000000000     
 Atom=           4 Dimension=           1
   0.0000000000000000        0.0000000000000000     
 -3.25059328994928027E-003   0.0000000000000000     
 Atom=           4 Dimension=           2
   0.0000000000000000        0.0000000000000000     
  3.25143819621597277E-004   0.0000000000000000     
 Atom=           4 Dimension=           3
   0.0000000000000000        0.0000000000000000     
 -9.59857456101046954E-004   0.0000000000000000     
 Atom=           5 Dimension=           1
   0.0000000000000000        0.0000000000000000     
  1.77691892623661974E-004   0.0000000000000000     
 Atom=           5 Dimension=           2
   0.0000000000000000        0.0000000000000000     
 -1.13361915125325291E-004   0.0000000000000000     
 Atom=           5 Dimension=           3
   0.0000000000000000        0.0000000000000000     
  1.08918153456786205E-005   0.0000000000000000     
 Atom=           6 Dimension=           1
   0.0000000000000000        0.0000000000000000     
 -1.44431379401202455E-003   0.0000000000000000     
 Atom=           6 Dimension=           2
   0.0000000000000000        0.0000000000000000     
  9.21484562984418607E-004   0.0000000000000000     
 Atom=           6 Dimension=           3
   0.0000000000000000        0.0000000000000000     
 -8.85386069495504454E-005   0.0000000000000000     
 Atom=           7 Dimension=           1
   0.0000000000000000       2.92563276603793236E-003
   0.0000000000000000        0.0000000000000000     
 Atom=           7 Dimension=           2
   0.0000000000000000       2.15750172546806023E-003
   0.0000000000000000        0.0000000000000000     
 Atom=           7 Dimension=           3
   0.0000000000000000       1.20045748179407755E-003
   0.0000000000000000        0.0000000000000000     
 Atom=           8 Dimension=           1
   0.0000000000000000      -1.75135504261006870E-003
   0.0000000000000000        0.0000000000000000     
 Atom=           8 Dimension=           2
   0.0000000000000000       2.14558317684817798E-003
   0.0000000000000000        0.0000000000000000     
 Atom=           8 Dimension=           3
   0.0000000000000000       6.10651305801896316E-004
   0.0000000000000000        0.0000000000000000     
 Atom=           9 Dimension=           1
   0.0000000000000000       2.82553421124367510E-003
   0.0000000000000000        0.0000000000000000     
 Atom=           9 Dimension=           2
   0.0000000000000000      -3.46156141254377056E-003
   0.0000000000000000        0.0000000000000000     
 Atom=           9 Dimension=           3
   0.0000000000000000      -9.85210117914717956E-004
   0.0000000000000000        0.0000000000000000     
 Atom=          10 Dimension=           1
   0.0000000000000000       3.79732566081841284E-003
   0.0000000000000000        0.0000000000000000     
 Atom=          10 Dimension=           2
   0.0000000000000000       5.60660131045317110E-003
   0.0000000000000000        0.0000000000000000     
 Atom=          10 Dimension=           3
   0.0000000000000000       1.65382802340285451E-003
   0.0000000000000000        0.0000000000000000     
 Atom=          11 Dimension=           1
   0.0000000000000000       3.70927103536679596E-003
   0.0000000000000000        0.0000000000000000     
 Atom=          11 Dimension=           2
   0.0000000000000000      -4.05603637650940076E-003
   0.0000000000000000        0.0000000000000000     
 Atom=          11 Dimension=           3
   0.0000000000000000      -9.50569232641625432E-004
   0.0000000000000000        0.0000000000000000     
 Atom=          12 Dimension=           1
   0.0000000000000000      -4.23385300884487198E-003
   0.0000000000000000        0.0000000000000000     
 Atom=          12 Dimension=           2
   0.0000000000000000       4.62973232861866105E-003
   0.0000000000000000        0.0000000000000000     
 Atom=          12 Dimension=           3
   0.0000000000000000       1.08499355892197297E-003
   0.0000000000000000        0.0000000000000000     
 Atom=           1 Dimension=           1
   0.0000000000000000        0.0000000000000000     
 -5.22483139204809027E-003   0.0000000000000000     
 Atom=           1 Dimension=           2
   0.0000000000000000        0.0000000000000000     
 -6.62320814507994220E-003   0.0000000000000000     
 Atom=           1 Dimension=           3
   0.0000000000000000        0.0000000000000000     
 -1.68578311124044193E-003   0.0000000000000000     
 Atom=           2 Dimension=           1
   0.0000000000000000        0.0000000000000000     
 -1.47814097292152391E-003   0.0000000000000000     
 Atom=           2 Dimension=           2
   0.0000000000000000        0.0000000000000000     
  9.16968059887518223E-004   0.0000000000000000     
 Atom=           2 Dimension=           3
   0.0000000000000000        0.0000000000000000     
 -6.54928332571294764E-005   0.0000000000000000     
 Atom=           3 Dimension=           1
   0.0000000000000000        0.0000000000000000     
  3.94675520417044675E-003   0.0000000000000000     
 Atom=           3 Dimension=           2
   0.0000000000000000        0.0000000000000000     
 -2.44807671007423117E-003   0.0000000000000000     
 Atom=           3 Dimension=           3
   0.0000000000000000        0.0000000000000000     
  1.74849857693775356E-004   0.0000000000000000     
 Atom=           4 Dimension=           1
   0.0000000000000000        0.0000000000000000     
 -3.25059133526802270E-003   0.0000000000000000     
 Atom=           4 Dimension=           2
   0.0000000000000000        0.0000000000000000     
  3.25143624076962973E-004   0.0000000000000000     
 Atom=           4 Dimension=           3
   0.0000000000000000        0.0000000000000000     
 -9.59856878928078139E-004   0.0000000000000000     
 Atom=           5 Dimension=           1
   0.0000000000000000        0.0000000000000000     
  1.77691785735632052E-004   0.0000000000000000     
 Atom=           5 Dimension=           2
   0.0000000000000000        0.0000000000000000     
 -1.13361846976741971E-004   0.0000000000000000     
 Atom=           5 Dimension=           3
   0.0000000000000000        0.0000000000000000     
  1.08918087771404673E-005   0.0000000000000000     
 Atom=           6 Dimension=           1
   0.0000000000000000        0.0000000000000000     
 -1.44431292550946020E-003   0.0000000000000000     
 Atom=           6 Dimension=           2
   0.0000000000000000        0.0000000000000000     
  9.21484008838654501E-004   0.0000000000000000     
 Atom=           6 Dimension=           3
   0.0000000000000000        0.0000000000000000     
 -8.85385537294629152E-005   0.0000000000000000     
 Atom=           7 Dimension=           1
   0.0000000000000000       2.92563276600061066E-003
   0.0000000000000000        0.0000000000000000     
 Atom=           7 Dimension=           2
   0.0000000000000000       2.15750172543073895E-003
   0.0000000000000000        0.0000000000000000     
 Atom=           7 Dimension=           3
   0.0000000000000000       1.20045748177541670E-003
   0.0000000000000000        0.0000000000000000     
 Atom=           8 Dimension=           1
   0.0000000000000000      -1.75135504262872912E-003
   0.0000000000000000        0.0000000000000000     
 Atom=           8 Dimension=           2
   0.0000000000000000       2.14558317681085671E-003
   0.0000000000000000        0.0000000000000000     
 Atom=           8 Dimension=           3
   0.0000000000000000       6.10651305783235787E-004
   0.0000000000000000        0.0000000000000000     
 Atom=           9 Dimension=           1
   0.0000000000000000       2.82553421120635383E-003
   0.0000000000000000        0.0000000000000000     
 Atom=           9 Dimension=           2
   0.0000000000000000      -3.46156141256243185E-003
   0.0000000000000000        0.0000000000000000     
 Atom=           9 Dimension=           3
   0.0000000000000000      -9.85210117970699651E-004
   0.0000000000000000        0.0000000000000000     
 Atom=          10 Dimension=           1
   0.0000000000000000       3.79732566078109200E-003
   0.0000000000000000        0.0000000000000000     
 Atom=          10 Dimension=           2
   0.0000000000000000       5.60660131041584939E-003
   0.0000000000000000        0.0000000000000000     
 Atom=          10 Dimension=           3
   0.0000000000000000       1.65382802338419409E-003
   0.0000000000000000        0.0000000000000000     
 Atom=          11 Dimension=           1
   0.0000000000000000       3.70927103534813554E-003
   0.0000000000000000        0.0000000000000000     
 Atom=          11 Dimension=           2
   0.0000000000000000      -4.05603637650940076E-003
   0.0000000000000000        0.0000000000000000     
 Atom=          11 Dimension=           3
   0.0000000000000000      -9.50569232678946598E-004
   0.0000000000000000        0.0000000000000000     
 Atom=          12 Dimension=           1
   0.0000000000000000      -4.23385300888219282E-003
   0.0000000000000000        0.0000000000000000     
 Atom=          12 Dimension=           2
   0.0000000000000000       4.62973232861866105E-003
   0.0000000000000000        0.0000000000000000     
 Atom=          12 Dimension=           3
   0.0000000000000000       1.08499355892197297E-003
   0.0000000000000000        0.0000000000000000     
 Atom=           1 Dimension=           1
   0.0000000000000000        0.0000000000000000     
 -5.22498923331077541E-003   0.0000000000000000     
 Atom=           1 Dimension=           2
   0.0000000000000000        0.0000000000000000     
 -6.62330681898496299E-003   0.0000000000000000     
 Atom=           1 Dimension=           3
   0.0000000000000000        0.0000000000000000     
 -1.68580262584479366E-003   0.0000000000000000     
 Atom=           2 Dimension=           1
   0.0000000000000000        0.0000000000000000     
 -1.47808649096556961E-003   0.0000000000000000     
 Atom=           2 Dimension=           2
   0.0000000000000000        0.0000000000000000     
  9.16907714540911040E-004   0.0000000000000000     
 Atom=           2 Dimension=           3
   0.0000000000000000        0.0000000000000000     
 -6.54927560021637055E-005   0.0000000000000000     
 Atom=           3 Dimension=           1
   0.0000000000000000        0.0000000000000000     
  3.94677460696036490E-003   0.0000000000000000     
 Atom=           3 Dimension=           2
   0.0000000000000000        0.0000000000000000     
 -2.44801785666283380E-003   0.0000000000000000     
 Atom=           3 Dimension=           3
   0.0000000000000000        0.0000000000000000     
  1.74856955316478953E-004   0.0000000000000000     
 Atom=           4 Dimension=           1
   0.0000000000000000        0.0000000000000000     
 -3.25059913876598943E-003   0.0000000000000000     
 Atom=           4 Dimension=           2
   0.0000000000000000        0.0000000000000000     
  3.25149832670420462E-004   0.0000000000000000     
 Atom=           4 Dimension=           3
   0.0000000000000000        0.0000000000000000     
 -9.59870244429028162E-004   0.0000000000000000     
 Atom=           5 Dimension=           1
   0.0000000000000000        0.0000000000000000     
  1.77678512343501082E-004   0.0000000000000000     
 Atom=           5 Dimension=           2
   0.0000000000000000        0.0000000000000000     
 -1.13355185695309960E-004   0.0000000000000000     
 Atom=           5 Dimension=           3
   0.0000000000000000        0.0000000000000000     
  1.08893047272368948E-005   0.0000000000000000     
 Atom=           6 Dimension=           1
   0.0000000000000000        0.0000000000000000     
 -1.44430826830394682E-003   0.0000000000000000     
 Atom=           6 Dimension=           2
   0.0000000000000000        0.0000000000000000     
  9.21495719497184528E-004   0.0000000000000000     
 Atom=           6 Dimension=           3
   0.0000000000000000        0.0000000000000000     
 -8.85245255899055634E-005   0.0000000000000000     
 Atom=           7 Dimension=           1
   0.0000000000000000       2.92559124261347180E-003
   0.0000000000000000        0.0000000000000000     
 Atom=           7 Dimension=           2
   0.0000000000000000       2.15768354876210789E-003
   0.0000000000000000        0.0000000000000000     
 Atom=           7 Dimension=           3
   0.0000000000000000       1.20049861248713472E-003
   0.0000000000000000        0.0000000000000000     
 Atom=           8 Dimension=           1
   0.0000000000000000      -1.75141036944424290E-003
   0.0000000000000000        0.0000000000000000     
 Atom=           8 Dimension=           2
   0.0000000000000000       2.14562581957393255E-003
   0.0000000000000000        0.0000000000000000     
 Atom=           8 Dimension=           3
   0.0000000000000000       6.10649851598459828E-004
   0.0000000000000000        0.0000000000000000     
 Atom=           9 Dimension=           1
   0.0000000000000000       2.82560601971569136E-003
   0.0000000000000000        0.0000000000000000     
 Atom=           9 Dimension=           2
   0.0000000000000000      -3.46160882309519240E-003
   0.0000000000000000        0.0000000000000000     
 Atom=           9 Dimension=           3
   0.0000000000000000      -9.85201686449575136E-004
   0.0000000000000000        0.0000000000000000     
 Atom=          10 Dimension=           1
   0.0000000000000000       3.79732433921734034E-003
   0.0000000000000000        0.0000000000000000     
 Atom=          10 Dimension=           2
   0.0000000000000000       5.60662877270877696E-003
   0.0000000000000000        0.0000000000000000     
 Atom=          10 Dimension=           3
   0.0000000000000000       1.65382527861229560E-003
   0.0000000000000000        0.0000000000000000     
 Atom=          11 Dimension=           1
   0.0000000000000000       3.70925516773798611E-003
   0.0000000000000000        0.0000000000000000     
 Atom=          11 Dimension=           2
   0.0000000000000000      -4.05602365772954939E-003
   0.0000000000000000        0.0000000000000000     
 Atom=          11 Dimension=           3
   0.0000000000000000      -9.50555336134079835E-004
   0.0000000000000000        0.0000000000000000     
 Atom=          12 Dimension=           1
   0.0000000000000000      -4.23371476046783841E-003
   0.0000000000000000        0.0000000000000000     
 Atom=          12 Dimension=           2
   0.0000000000000000       4.62958644159157558E-003
   0.0000000000000000        0.0000000000000000     
 Atom=          12 Dimension=           3
   0.0000000000000000       1.08494691004106794E-003
   0.0000000000000000        0.0000000000000000     
 Atom=           1 Dimension=           1
   0.0000000000000000        0.0000000000000000     
 -5.22498923331077541E-003   0.0000000000000000     
 Atom=           1 Dimension=           2
   0.0000000000000000        0.0000000000000000     
 -6.62330681898496299E-003   0.0000000000000000     
 Atom=           1 Dimension=           3
   0.0000000000000000        0.0000000000000000     
 -1.68580262584479366E-003   0.0000000000000000     
 Atom=           2 Dimension=           1
   0.0000000000000000        0.0000000000000000     
 -1.47808649096556961E-003   0.0000000000000000     
 Atom=           2 Dimension=           2
   0.0000000000000000        0.0000000000000000     
  9.16907714540911040E-004   0.0000000000000000     
 Atom=           2 Dimension=           3
   0.0000000000000000        0.0000000000000000     
 -6.54927560021637055E-005   0.0000000000000000     
 Atom=           3 Dimension=           1
   0.0000000000000000        0.0000000000000000     
  3.94677460696036490E-003   0.0000000000000000     
 Atom=           3 Dimension=           2
   0.0000000000000000        0.0000000000000000     
 -2.44801785666283380E-003   0.0000000000000000     
 Atom=           3 Dimension=           3
   0.0000000000000000        0.0000000000000000     
  1.74856955316478953E-004   0.0000000000000000     
 Atom=           4 Dimension=           1
   0.0000000000000000        0.0000000000000000     
 -3.25059913876598943E-003   0.0000000000000000     
 Atom=           4 Dimension=           2
   0.0000000000000000        0.0000000000000000     
  3.25149832670420462E-004   0.0000000000000000     
 Atom=           4 Dimension=           3
   0.0000000000000000        0.0000000000000000     
 -9.59870244429028162E-004   0.0000000000000000     
 Atom=           5 Dimension=           1
   0.0000000000000000        0.0000000000000000     
  1.77678512343501082E-004   0.0000000000000000     
 Atom=           5 Dimension=           2
   0.0000000000000000        0.0000000000000000     
 -1.13355185695309960E-004   0.0000000000000000     
 Atom=           5 Dimension=           3
   0.0000000000000000        0.0000000000000000     
  1.08893047272368948E-005   0.0000000000000000     
 Atom=           6 Dimension=           1
   0.0000000000000000        0.0000000000000000     
 -1.44430826830394682E-003   0.0000000000000000     
 Atom=           6 Dimension=           2
   0.0000000000000000        0.0000000000000000     
  9.21495719497184528E-004   0.0000000000000000     
 Atom=           6 Dimension=           3
   0.0000000000000000        0.0000000000000000     
 -8.85245255899055634E-005   0.0000000000000000     
 Atom=           7 Dimension=           1
   0.0000000000000000       2.92559124261347180E-003
   0.0000000000000000        0.0000000000000000     
 Atom=           7 Dimension=           2
   0.0000000000000000       2.15768354876210789E-003
   0.0000000000000000        0.0000000000000000     
 Atom=           7 Dimension=           3
   0.0000000000000000       1.20049861248713472E-003
   0.0000000000000000        0.0000000000000000     
 Atom=           8 Dimension=           1
   0.0000000000000000      -1.75141036944424290E-003
   0.0000000000000000        0.0000000000000000     
 Atom=           8 Dimension=           2
   0.0000000000000000       2.14562581957393255E-003
   0.0000000000000000        0.0000000000000000     
 Atom=           8 Dimension=           3
   0.0000000000000000       6.10649851598459828E-004
   0.0000000000000000        0.0000000000000000     
 Atom=           9 Dimension=           1
   0.0000000000000000       2.82560601971569136E-003
   0.0000000000000000        0.0000000000000000     
 Atom=           9 Dimension=           2
   0.0000000000000000      -3.46160882309519240E-003
   0.0000000000000000        0.0000000000000000     
 Atom=           9 Dimension=           3
   0.0000000000000000      -9.85201686449575136E-004
   0.0000000000000000        0.0000000000000000     
 Atom=          10 Dimension=           1
   0.0000000000000000       3.79732433921734034E-003
   0.0000000000000000        0.0000000000000000     
 Atom=          10 Dimension=           2
   0.0000000000000000       5.60662877270877696E-003
   0.0000000000000000        0.0000000000000000     
 Atom=          10 Dimension=           3
   0.0000000000000000       1.65382527861229560E-003
   0.0000000000000000        0.0000000000000000     
 Atom=          11 Dimension=           1
   0.0000000000000000       3.70925516773798611E-003
   0.0000000000000000        0.0000000000000000     
 Atom=          11 Dimension=           2
   0.0000000000000000      -4.05602365772954939E-003
   0.0000000000000000        0.0000000000000000     
 Atom=          11 Dimension=           3
   0.0000000000000000      -9.50555336134079835E-004
   0.0000000000000000        0.0000000000000000     
 Atom=          12 Dimension=           1
   0.0000000000000000      -4.23371476046783841E-003
   0.0000000000000000        0.0000000000000000     
 Atom=          12 Dimension=           2
   0.0000000000000000       4.62958644159157558E-003
   0.0000000000000000        0.0000000000000000     
 Atom=          12 Dimension=           3
   0.0000000000000000       1.08494691004106794E-003
   0.0000000000000000        0.0000000000000000     
