 Atom=           1 Dimension=           1
   0.0000000000000000        0.0000000000000000     
  1.66688902567810257E-002   0.0000000000000000     
 Atom=           1 Dimension=           2
   0.0000000000000000        0.0000000000000000     
  9.71544101958980830E-004   0.0000000000000000     
 Atom=           1 Dimension=           3
   0.0000000000000000        0.0000000000000000     
 -6.85205223958273990E-003   0.0000000000000000     
 Atom=           2 Dimension=           1
   0.0000000000000000        0.0000000000000000     
 -3.24591945340114030E-003   0.0000000000000000     
 Atom=           2 Dimension=           2
   0.0000000000000000        0.0000000000000000     
 -7.56666732114845441E-004   0.0000000000000000     
 Atom=           2 Dimension=           3
   0.0000000000000000        0.0000000000000000     
 -2.08212670010524348E-004   0.0000000000000000     
 Atom=           3 Dimension=           1
   0.0000000000000000        0.0000000000000000     
  4.86656096078563315E-003   0.0000000000000000     
 Atom=           3 Dimension=           2
   0.0000000000000000        0.0000000000000000     
  1.13451650287452101E-003   0.0000000000000000     
 Atom=           3 Dimension=           3
   0.0000000000000000        0.0000000000000000     
  3.12197651497358617E-004   0.0000000000000000     
 Atom=           4 Dimension=           1
   0.0000000000000000        0.0000000000000000     
  1.41746991745289232E-002   0.0000000000000000     
 Atom=           4 Dimension=           2
   0.0000000000000000        0.0000000000000000     
 -6.82875853861973094E-004   0.0000000000000000     
 Atom=           4 Dimension=           3
   0.0000000000000000        0.0000000000000000     
 -6.47178357695628748E-003   0.0000000000000000     
 Atom=           5 Dimension=           1
   0.0000000000000000        0.0000000000000000     
  6.67158116375827972E-003   0.0000000000000000     
 Atom=           5 Dimension=           2
   0.0000000000000000        0.0000000000000000     
  2.50107616258674796E-003   0.0000000000000000     
 Atom=           5 Dimension=           3
   0.0000000000000000        0.0000000000000000     
  7.33125495418371527E-004   0.0000000000000000     
 Atom=           6 Dimension=           1
   0.0000000000000000        0.0000000000000000     
 -1.81874786699151646E-003   0.0000000000000000     
 Atom=           6 Dimension=           2
   0.0000000000000000        0.0000000000000000     
 -6.81822795081136676E-004   0.0000000000000000     
 Atom=           6 Dimension=           3
   0.0000000000000000        0.0000000000000000     
 -1.99849178862408219E-004   0.0000000000000000     
 Atom=           7 Dimension=           1
   0.0000000000000000      -1.61451691239288264E-002
   0.0000000000000000        0.0000000000000000     
 Atom=           7 Dimension=           2
   0.0000000000000000       2.56551598386387523E-004
   0.0000000000000000        0.0000000000000000     
 Atom=           7 Dimension=           3
   0.0000000000000000       3.89392460796722300E-003
   0.0000000000000000        0.0000000000000000     
 Atom=           8 Dimension=           1
   0.0000000000000000      -1.52186455901835672E-003
   0.0000000000000000        0.0000000000000000     
 Atom=           8 Dimension=           2
   0.0000000000000000      -3.08090681153947658E-004
   0.0000000000000000        0.0000000000000000     
 Atom=           8 Dimension=           3
   0.0000000000000000       6.19385958673517490E-004
   0.0000000000000000        0.0000000000000000     
 Atom=           9 Dimension=           1
   0.0000000000000000      -3.99463478220805749E-004
   0.0000000000000000        0.0000000000000000     
 Atom=           9 Dimension=           2
   0.0000000000000000      -8.08309759386171758E-005
   0.0000000000000000        0.0000000000000000     
 Atom=           9 Dimension=           3
   0.0000000000000000       1.62460292452064478E-004
   0.0000000000000000        0.0000000000000000     
 Atom=          10 Dimension=           1
   0.0000000000000000      -1.42925456525066219E-002
   0.0000000000000000        0.0000000000000000     
 Atom=          10 Dimension=           2
   0.0000000000000000      -1.27848894708960893E-003
   0.0000000000000000        0.0000000000000000     
 Atom=          10 Dimension=           3
   0.0000000000000000       6.61877064735225899E-003
   0.0000000000000000        0.0000000000000000     
 Atom=          11 Dimension=           1
   0.0000000000000000      -2.89821967328997591E-003
   0.0000000000000000        0.0000000000000000     
 Atom=          11 Dimension=           2
   0.0000000000000000      -6.29378905513469753E-004
   0.0000000000000000        0.0000000000000000     
 Atom=          11 Dimension=           3
   0.0000000000000000       8.12670256343054243E-004
   0.0000000000000000        0.0000000000000000     
 Atom=          12 Dimension=           1
   0.0000000000000000      -2.06126671119857352E-003
   0.0000000000000000        0.0000000000000000     
 Atom=          12 Dimension=           2
   0.0000000000000000      -4.47614844602229776E-004
   0.0000000000000000        0.0000000000000000     
 Atom=          12 Dimension=           3
   0.0000000000000000       5.77916640903885668E-004
   0.0000000000000000        0.0000000000000000     
 Atom=           1 Dimension=           1
   0.0000000000000000        0.0000000000000000     
  1.66691477148138631E-002   0.0000000000000000     
 Atom=           1 Dimension=           2
   0.0000000000000000        0.0000000000000000     
  9.71825414683114290E-004   0.0000000000000000     
 Atom=           1 Dimension=           3
   0.0000000000000000        0.0000000000000000     
 -6.85181093268950533E-003   0.0000000000000000     
 Atom=           2 Dimension=           1
   0.0000000000000000        0.0000000000000000     
 -3.24571429914475348E-003   0.0000000000000000     
 Atom=           2 Dimension=           2
   0.0000000000000000        0.0000000000000000     
 -7.56570954095421404E-004   0.0000000000000000     
 Atom=           2 Dimension=           3
   0.0000000000000000        0.0000000000000000     
 -2.08175085581644261E-004   0.0000000000000000     
 Atom=           3 Dimension=           1
   0.0000000000000000        0.0000000000000000     
  4.86627940517487308E-003   0.0000000000000000     
 Atom=           3 Dimension=           2
   0.0000000000000000        0.0000000000000000     
  1.13437897918265544E-003   0.0000000000000000     
 Atom=           3 Dimension=           3
   0.0000000000000000        0.0000000000000000     
  3.12142971104373734E-004   0.0000000000000000     
 Atom=           4 Dimension=           1
   0.0000000000000000        0.0000000000000000     
  1.41749053905745742E-002   0.0000000000000000     
 Atom=           4 Dimension=           2
   0.0000000000000000        0.0000000000000000     
 -6.82805540422829296E-004   0.0000000000000000     
 Atom=           4 Dimension=           3
   0.0000000000000000        0.0000000000000000     
 -6.47166291261186844E-003   0.0000000000000000     
 Atom=           5 Dimension=           1
   0.0000000000000000        0.0000000000000000     
  6.67136289287762873E-003   0.0000000000000000     
 Atom=           5 Dimension=           2
   0.0000000000000000        0.0000000000000000     
  2.50106313687702272E-003   0.0000000000000000     
 Atom=           5 Dimension=           3
   0.0000000000000000        0.0000000000000000     
  7.33072154036817350E-004   0.0000000000000000     
 Atom=           6 Dimension=           1
   0.0000000000000000        0.0000000000000000     
 -1.81877027555942135E-003   0.0000000000000000     
 Atom=           6 Dimension=           2
   0.0000000000000000        0.0000000000000000     
 -6.81849953597835241E-004   0.0000000000000000     
 Atom=           6 Dimension=           3
   0.0000000000000000        0.0000000000000000     
 -1.99843638225834680E-004   0.0000000000000000     
 Atom=           7 Dimension=           1
   0.0000000000000000      -1.61452168025587109E-002
   0.0000000000000000        0.0000000000000000     
 Atom=           7 Dimension=           2
   0.0000000000000000       2.56420521042935565E-004
   0.0000000000000000        0.0000000000000000     
 Atom=           7 Dimension=           3
   0.0000000000000000       3.89381636457916376E-003
   0.0000000000000000        0.0000000000000000     
 Atom=           8 Dimension=           1
   0.0000000000000000      -1.52197645936538923E-003
   0.0000000000000000        0.0000000000000000     
 Atom=           8 Dimension=           2
   0.0000000000000000      -3.08101541261429526E-004
   0.0000000000000000        0.0000000000000000     
 Atom=           8 Dimension=           3
   0.0000000000000000       6.19410776028862299E-004
   0.0000000000000000        0.0000000000000000     
 Atom=           9 Dimension=           1
   0.0000000000000000      -3.99490539478354200E-004
   0.0000000000000000        0.0000000000000000     
 Atom=           9 Dimension=           2
   0.0000000000000000      -8.08333588997591857E-005
   0.0000000000000000        0.0000000000000000     
 Atom=           9 Dimension=           3
   0.0000000000000000       1.62465869140955397E-004
   0.0000000000000000        0.0000000000000000     
 Atom=          10 Dimension=           1
   0.0000000000000000      -1.42925587349446298E-002
   0.0000000000000000        0.0000000000000000     
 Atom=          10 Dimension=           2
   0.0000000000000000      -1.27860424016123944E-003
   0.0000000000000000        0.0000000000000000     
 Atom=          10 Dimension=           3
   0.0000000000000000       6.61845098168028102E-003
   0.0000000000000000        0.0000000000000000     
 Atom=          11 Dimension=           1
   0.0000000000000000      -2.89804657267870268E-003
   0.0000000000000000        0.0000000000000000     
 Atom=          11 Dimension=           2
   0.0000000000000000      -6.29353946337414820E-004
   0.0000000000000000        0.0000000000000000     
 Atom=          11 Dimension=           3
   0.0000000000000000       8.12689118572139531E-004
   0.0000000000000000        0.0000000000000000     
 Atom=          12 Dimension=           1
   0.0000000000000000      -2.06138650745096201E-003
   0.0000000000000000        0.0000000000000000     
 Atom=          12 Dimension=           2
   0.0000000000000000      -4.47649847595616194E-004
   0.0000000000000000        0.0000000000000000     
 Atom=          12 Dimension=           3
   0.0000000000000000       5.77998172809053015E-004
   0.0000000000000000        0.0000000000000000     
 Atom=           1 Dimension=           1
   0.0000000000000000        0.0000000000000000     
  1.66691477148138631E-002   0.0000000000000000     
 Atom=           1 Dimension=           2
   0.0000000000000000        0.0000000000000000     
  9.71825414683114290E-004   0.0000000000000000     
 Atom=           1 Dimension=           3
   0.0000000000000000        0.0000000000000000     
 -6.85181093268950533E-003   0.0000000000000000     
 Atom=           2 Dimension=           1
   0.0000000000000000        0.0000000000000000     
 -3.24571429914475348E-003   0.0000000000000000     
 Atom=           2 Dimension=           2
   0.0000000000000000        0.0000000000000000     
 -7.56570954095421404E-004   0.0000000000000000     
 Atom=           2 Dimension=           3
   0.0000000000000000        0.0000000000000000     
 -2.08175085581644261E-004   0.0000000000000000     
 Atom=           3 Dimension=           1
   0.0000000000000000        0.0000000000000000     
  4.86627940517487308E-003   0.0000000000000000     
 Atom=           3 Dimension=           2
   0.0000000000000000        0.0000000000000000     
  1.13437897918265544E-003   0.0000000000000000     
 Atom=           3 Dimension=           3
   0.0000000000000000        0.0000000000000000     
  3.12142971104373734E-004   0.0000000000000000     
 Atom=           4 Dimension=           1
   0.0000000000000000        0.0000000000000000     
  1.41749053905745742E-002   0.0000000000000000     
 Atom=           4 Dimension=           2
   0.0000000000000000        0.0000000000000000     
 -6.82805540422829296E-004   0.0000000000000000     
 Atom=           4 Dimension=           3
   0.0000000000000000        0.0000000000000000     
 -6.47166291261186844E-003   0.0000000000000000     
 Atom=           5 Dimension=           1
   0.0000000000000000        0.0000000000000000     
  6.67136289287762873E-003   0.0000000000000000     
 Atom=           5 Dimension=           2
   0.0000000000000000        0.0000000000000000     
  2.50106313687702272E-003   0.0000000000000000     
 Atom=           5 Dimension=           3
   0.0000000000000000        0.0000000000000000     
  7.33072154036817350E-004   0.0000000000000000     
 Atom=           6 Dimension=           1
   0.0000000000000000        0.0000000000000000     
 -1.81877027555942135E-003   0.0000000000000000     
 Atom=           6 Dimension=           2
   0.0000000000000000        0.0000000000000000     
 -6.81849953597835241E-004   0.0000000000000000     
 Atom=           6 Dimension=           3
   0.0000000000000000        0.0000000000000000     
 -1.99843638225834680E-004   0.0000000000000000     
 Atom=           7 Dimension=           1
   0.0000000000000000      -1.61452168025587109E-002
   0.0000000000000000        0.0000000000000000     
 Atom=           7 Dimension=           2
   0.0000000000000000       2.56420521042935565E-004
   0.0000000000000000        0.0000000000000000     
 Atom=           7 Dimension=           3
   0.0000000000000000       3.89381636457916376E-003
   0.0000000000000000        0.0000000000000000     
 Atom=           8 Dimension=           1
   0.0000000000000000      -1.52197645936538923E-003
   0.0000000000000000        0.0000000000000000     
 Atom=           8 Dimension=           2
   0.0000000000000000      -3.08101541261429526E-004
   0.0000000000000000        0.0000000000000000     
 Atom=           8 Dimension=           3
   0.0000000000000000       6.19410776028862299E-004
   0.0000000000000000        0.0000000000000000     
 Atom=           9 Dimension=           1
   0.0000000000000000      -3.99490539478354200E-004
   0.0000000000000000        0.0000000000000000     
 Atom=           9 Dimension=           2
   0.0000000000000000      -8.08333588997591857E-005
   0.0000000000000000        0.0000000000000000     
 Atom=           9 Dimension=           3
   0.0000000000000000       1.62465869140955397E-004
   0.0000000000000000        0.0000000000000000     
 Atom=          10 Dimension=           1
   0.0000000000000000      -1.42925587349446298E-002
   0.0000000000000000        0.0000000000000000     
 Atom=          10 Dimension=           2
   0.0000000000000000      -1.27860424016123944E-003
   0.0000000000000000        0.0000000000000000     
 Atom=          10 Dimension=           3
   0.0000000000000000       6.61845098168028102E-003
   0.0000000000000000        0.0000000000000000     
 Atom=          11 Dimension=           1
   0.0000000000000000      -2.89804657267870268E-003
   0.0000000000000000        0.0000000000000000     
 Atom=          11 Dimension=           2
   0.0000000000000000      -6.29353946337414820E-004
   0.0000000000000000        0.0000000000000000     
 Atom=          11 Dimension=           3
   0.0000000000000000       8.12689118572139531E-004
   0.0000000000000000        0.0000000000000000     
 Atom=          12 Dimension=           1
   0.0000000000000000      -2.06138650745096201E-003
   0.0000000000000000        0.0000000000000000     
 Atom=          12 Dimension=           2
   0.0000000000000000      -4.47649847595616194E-004
   0.0000000000000000        0.0000000000000000     
 Atom=          12 Dimension=           3
   0.0000000000000000       5.77998172809053015E-004
   0.0000000000000000        0.0000000000000000     
 Atom=           1 Dimension=           1
   0.0000000000000000        0.0000000000000000     
  1.66691146528235024E-002   0.0000000000000000     
 Atom=           1 Dimension=           2
   0.0000000000000000        0.0000000000000000     
  9.71823487041094218E-004   0.0000000000000000     
 Atom=           1 Dimension=           3
   0.0000000000000000        0.0000000000000000     
 -6.85179734275728151E-003   0.0000000000000000     
 Atom=           2 Dimension=           1
   0.0000000000000000        0.0000000000000000     
 -3.24570786167879474E-003   0.0000000000000000     
 Atom=           2 Dimension=           2
   0.0000000000000000        0.0000000000000000     
 -7.56569453706951037E-004   0.0000000000000000     
 Atom=           2 Dimension=           3
   0.0000000000000000        0.0000000000000000     
 -2.08174672808735390E-004   0.0000000000000000     
 Atom=           3 Dimension=           1
   0.0000000000000000        0.0000000000000000     
  4.86626975315591383E-003   0.0000000000000000     
 Atom=           3 Dimension=           2
   0.0000000000000000        0.0000000000000000     
  1.13437672901048336E-003   0.0000000000000000     
 Atom=           3 Dimension=           3
   0.0000000000000000        0.0000000000000000     
  3.12142351870367974E-004   0.0000000000000000     
 Atom=           4 Dimension=           1
   0.0000000000000000        0.0000000000000000     
  1.41748772757384345E-002   0.0000000000000000     
 Atom=           4 Dimension=           2
   0.0000000000000000        0.0000000000000000     
 -6.82804186258975329E-004   0.0000000000000000     
 Atom=           4 Dimension=           3
   0.0000000000000000        0.0000000000000000     
 -6.47165007679261026E-003   0.0000000000000000     
 Atom=           5 Dimension=           1
   0.0000000000000000        0.0000000000000000     
  6.67134966078144868E-003   0.0000000000000000     
 Atom=           5 Dimension=           2
   0.0000000000000000        0.0000000000000000     
  2.50105817613786863E-003   0.0000000000000000     
 Atom=           5 Dimension=           3
   0.0000000000000000        0.0000000000000000     
  7.33070699926684048E-004   0.0000000000000000     
 Atom=           6 Dimension=           1
   0.0000000000000000        0.0000000000000000     
 -1.81876666838698127E-003   0.0000000000000000     
 Atom=           6 Dimension=           2
   0.0000000000000000        0.0000000000000000     
 -6.81848601300043158E-004   0.0000000000000000     
 Atom=           6 Dimension=           3
   0.0000000000000000        0.0000000000000000     
 -1.99843241874271186E-004   0.0000000000000000     
 Atom=           7 Dimension=           1
   0.0000000000000000      -1.61452168027079977E-002
   0.0000000000000000        0.0000000000000000     
 Atom=           7 Dimension=           2
   0.0000000000000000       2.56420520968293070E-004
   0.0000000000000000        0.0000000000000000     
 Atom=           7 Dimension=           3
   0.0000000000000000       3.89381636442987910E-003
   0.0000000000000000        0.0000000000000000     
 Atom=           8 Dimension=           1
   0.0000000000000000      -1.52197645951467433E-003
   0.0000000000000000        0.0000000000000000     
 Atom=           8 Dimension=           2
   0.0000000000000000      -3.08101541261429526E-004
   0.0000000000000000        0.0000000000000000     
 Atom=           8 Dimension=           3
   0.0000000000000000       6.19410775954219749E-004
   0.0000000000000000        0.0000000000000000     
 Atom=           9 Dimension=           1
   0.0000000000000000      -3.99490539478354200E-004
   0.0000000000000000        0.0000000000000000     
 Atom=           9 Dimension=           2
   0.0000000000000000      -8.08333590490441483E-005
   0.0000000000000000        0.0000000000000000     
 Atom=           9 Dimension=           3
   0.0000000000000000       1.62465868991670435E-004
   0.0000000000000000        0.0000000000000000     
 Atom=          10 Dimension=           1
   0.0000000000000000      -1.42925587350939149E-002
   0.0000000000000000        0.0000000000000000     
 Atom=          10 Dimension=           2
   0.0000000000000000      -1.27860424031052433E-003
   0.0000000000000000        0.0000000000000000     
 Atom=          10 Dimension=           3
   0.0000000000000000       6.61845098153099679E-003
   0.0000000000000000        0.0000000000000000     
 Atom=          11 Dimension=           1
   0.0000000000000000      -2.89804657282798778E-003
   0.0000000000000000        0.0000000000000000     
 Atom=          11 Dimension=           2
   0.0000000000000000      -6.29353946561342359E-004
   0.0000000000000000        0.0000000000000000     
 Atom=          11 Dimension=           3
   0.0000000000000000       8.12689118422854650E-004
   0.0000000000000000        0.0000000000000000     
 Atom=          12 Dimension=           1
   0.0000000000000000      -2.06138650745096201E-003
   0.0000000000000000        0.0000000000000000     
 Atom=          12 Dimension=           2
   0.0000000000000000      -4.47649847744901130E-004
   0.0000000000000000        0.0000000000000000     
 Atom=          12 Dimension=           3
   0.0000000000000000       5.77998172659768025E-004
   0.0000000000000000        0.0000000000000000     
 Atom=           1 Dimension=           1
   0.0000000000000000        0.0000000000000000     
  1.66694052518184498E-002   0.0000000000000000     
 Atom=           1 Dimension=           2
   0.0000000000000000        0.0000000000000000     
  9.72107843163023933E-004   0.0000000000000000     
 Atom=           1 Dimension=           3
   0.0000000000000000        0.0000000000000000     
 -6.85156885660552495E-003   0.0000000000000000     
 Atom=           2 Dimension=           1
   0.0000000000000000        0.0000000000000000     
 -3.24550838973040661E-003   0.0000000000000000     
 Atom=           2 Dimension=           2
   0.0000000000000000        0.0000000000000000     
 -7.56474955358187018E-004   0.0000000000000000     
 Atom=           2 Dimension=           3
   0.0000000000000000        0.0000000000000000     
 -2.08137524142647717E-004   0.0000000000000000     
 Atom=           3 Dimension=           1
   0.0000000000000000        0.0000000000000000     
  4.86599718882888867E-003   0.0000000000000000     
 Atom=           3 Dimension=           2
   0.0000000000000000        0.0000000000000000     
  1.13424123320548728E-003   0.0000000000000000     
 Atom=           3 Dimension=           3
   0.0000000000000000        0.0000000000000000     
  3.12088354381423428E-004   0.0000000000000000     
 Atom=           4 Dimension=           1
   0.0000000000000000        0.0000000000000000     
  1.41751126595270338E-002   0.0000000000000000     
 Atom=           4 Dimension=           2
   0.0000000000000000        0.0000000000000000     
 -6.82734360907001712E-004   0.0000000000000000     
 Atom=           4 Dimension=           3
   0.0000000000000000        0.0000000000000000     
 -6.47154155215169061E-003   0.0000000000000000     
 Atom=           5 Dimension=           1
   0.0000000000000000        0.0000000000000000     
  6.67114388184215489E-003   0.0000000000000000     
 Atom=           5 Dimension=           2
   0.0000000000000000        0.0000000000000000     
  2.50104964136753545E-003   0.0000000000000000     
 Atom=           5 Dimension=           3
   0.0000000000000000        0.0000000000000000     
  7.33018528267418302E-004   0.0000000000000000     
 Atom=           6 Dimension=           1
   0.0000000000000000        0.0000000000000000     
 -1.81879209504888224E-003   0.0000000000000000     
 Atom=           6 Dimension=           2
   0.0000000000000000        0.0000000000000000     
 -6.81876840490552687E-004   0.0000000000000000     
 Atom=           6 Dimension=           3
   0.0000000000000000        0.0000000000000000     
 -1.99837976892372569E-004   0.0000000000000000     
 Atom=           7 Dimension=           1
   0.0000000000000000      -1.61452660574138290E-002
   0.0000000000000000        0.0000000000000000     
 Atom=           7 Dimension=           2
   0.0000000000000000       2.56288178136252192E-004
   0.0000000000000000        0.0000000000000000     
 Atom=           7 Dimension=           3
   0.0000000000000000       3.89370776910253139E-003
   0.0000000000000000        0.0000000000000000     
 Atom=           8 Dimension=           1
   0.0000000000000000      -1.52208957720589692E-003
   0.0000000000000000        0.0000000000000000     
 Atom=           8 Dimension=           2
   0.0000000000000000      -3.08112616787105799E-004
   0.0000000000000000        0.0000000000000000     
 Atom=           8 Dimension=           3
   0.0000000000000000       6.19436098788432306E-004
   0.0000000000000000        0.0000000000000000     
 Atom=           9 Dimension=           1
   0.0000000000000000      -3.99516929550731460E-004
   0.0000000000000000        0.0000000000000000     
 Atom=           9 Dimension=           2
   0.0000000000000000      -8.08355978755592356E-005
   0.0000000000000000        0.0000000000000000     
 Atom=           9 Dimension=           3
   0.0000000000000000       1.62471175400144899E-004
   0.0000000000000000        0.0000000000000000     
 Atom=          10 Dimension=           1
   0.0000000000000000      -1.42925715578507383E-002
   0.0000000000000000        0.0000000000000000     
 Atom=          10 Dimension=           2
   0.0000000000000000      -1.27872042304586213E-003
   0.0000000000000000        0.0000000000000000     
 Atom=          10 Dimension=           3
   0.0000000000000000       6.61812988697804347E-003
   0.0000000000000000        0.0000000000000000     
 Atom=          11 Dimension=           1
   0.0000000000000000      -2.89787202251048752E-003
   0.0000000000000000        0.0000000000000000     
 Atom=          11 Dimension=           2
   0.0000000000000000      -6.29328499148832364E-004
   0.0000000000000000        0.0000000000000000     
 Atom=          11 Dimension=           3
   0.0000000000000000       8.12707819573470257E-004
   0.0000000000000000        0.0000000000000000     
 Atom=          12 Dimension=           1
   0.0000000000000000      -2.06150710887177116E-003
   0.0000000000000000        0.0000000000000000     
 Atom=          12 Dimension=           2
   0.0000000000000000      -4.47684904555514861E-004
   0.0000000000000000        0.0000000000000000     
 Atom=          12 Dimension=           3
   0.0000000000000000       5.78080116292849504E-004
   0.0000000000000000        0.0000000000000000     
 Atom=           1 Dimension=           1
   0.0000000000000000        0.0000000000000000     
  1.66694052518184498E-002   0.0000000000000000     
 Atom=           1 Dimension=           2
   0.0000000000000000        0.0000000000000000     
  9.72107843163023933E-004   0.0000000000000000     
 Atom=           1 Dimension=           3
   0.0000000000000000        0.0000000000000000     
 -6.85156885660552495E-003   0.0000000000000000     
 Atom=           2 Dimension=           1
   0.0000000000000000        0.0000000000000000     
 -3.24550838973040661E-003   0.0000000000000000     
 Atom=           2 Dimension=           2
   0.0000000000000000        0.0000000000000000     
 -7.56474955358187018E-004   0.0000000000000000     
 Atom=           2 Dimension=           3
   0.0000000000000000        0.0000000000000000     
 -2.08137524142647717E-004   0.0000000000000000     
 Atom=           3 Dimension=           1
   0.0000000000000000        0.0000000000000000     
  4.86599718882888867E-003   0.0000000000000000     
 Atom=           3 Dimension=           2
   0.0000000000000000        0.0000000000000000     
  1.13424123320548728E-003   0.0000000000000000     
 Atom=           3 Dimension=           3
   0.0000000000000000        0.0000000000000000     
  3.12088354381423428E-004   0.0000000000000000     
 Atom=           4 Dimension=           1
   0.0000000000000000        0.0000000000000000     
  1.41751126595270338E-002   0.0000000000000000     
 Atom=           4 Dimension=           2
   0.0000000000000000        0.0000000000000000     
 -6.82734360907001712E-004   0.0000000000000000     
 Atom=           4 Dimension=           3
   0.0000000000000000        0.0000000000000000     
 -6.47154155215169061E-003   0.0000000000000000     
 Atom=           5 Dimension=           1
   0.0000000000000000        0.0000000000000000     
  6.67114388184215489E-003   0.0000000000000000     
 Atom=           5 Dimension=           2
   0.0000000000000000        0.0000000000000000     
  2.50104964136753545E-003   0.0000000000000000     
 Atom=           5 Dimension=           3
   0.0000000000000000        0.0000000000000000     
  7.33018528267418302E-004   0.0000000000000000     
 Atom=           6 Dimension=           1
   0.0000000000000000        0.0000000000000000     
 -1.81879209504888224E-003   0.0000000000000000     
 Atom=           6 Dimension=           2
   0.0000000000000000        0.0000000000000000     
 -6.81876840490552687E-004   0.0000000000000000     
 Atom=           6 Dimension=           3
   0.0000000000000000        0.0000000000000000     
 -1.99837976892372569E-004   0.0000000000000000     
 Atom=           7 Dimension=           1
   0.0000000000000000      -1.61452660574138290E-002
   0.0000000000000000        0.0000000000000000     
 Atom=           7 Dimension=           2
   0.0000000000000000       2.56288178136252192E-004
   0.0000000000000000        0.0000000000000000     
 Atom=           7 Dimension=           3
   0.0000000000000000       3.89370776910253139E-003
   0.0000000000000000        0.0000000000000000     
 Atom=           8 Dimension=           1
   0.0000000000000000      -1.52208957720589692E-003
   0.0000000000000000        0.0000000000000000     
 Atom=           8 Dimension=           2
   0.0000000000000000      -3.08112616787105799E-004
   0.0000000000000000        0.0000000000000000     
 Atom=           8 Dimension=           3
   0.0000000000000000       6.19436098788432306E-004
   0.0000000000000000        0.0000000000000000     
 Atom=           9 Dimension=           1
   0.0000000000000000      -3.99516929550731460E-004
   0.0000000000000000        0.0000000000000000     
 Atom=           9 Dimension=           2
   0.0000000000000000      -8.08355978755592356E-005
   0.0000000000000000        0.0000000000000000     
 Atom=           9 Dimension=           3
   0.0000000000000000       1.62471175400144899E-004
   0.0000000000000000        0.0000000000000000     
 Atom=          10 Dimension=           1
   0.0000000000000000      -1.42925715578507383E-002
   0.0000000000000000        0.0000000000000000     
 Atom=          10 Dimension=           2
   0.0000000000000000      -1.27872042304586213E-003
   0.0000000000000000        0.0000000000000000     
 Atom=          10 Dimension=           3
   0.0000000000000000       6.61812988697804347E-003
   0.0000000000000000        0.0000000000000000     
 Atom=          11 Dimension=           1
   0.0000000000000000      -2.89787202251048752E-003
   0.0000000000000000        0.0000000000000000     
 Atom=          11 Dimension=           2
   0.0000000000000000      -6.29328499148832364E-004
   0.0000000000000000        0.0000000000000000     
 Atom=          11 Dimension=           3
   0.0000000000000000       8.12707819573470257E-004
   0.0000000000000000        0.0000000000000000     
 Atom=          12 Dimension=           1
   0.0000000000000000      -2.06150710887177116E-003
   0.0000000000000000        0.0000000000000000     
 Atom=          12 Dimension=           2
   0.0000000000000000      -4.47684904555514861E-004
   0.0000000000000000        0.0000000000000000     
 Atom=          12 Dimension=           3
   0.0000000000000000       5.78080116292849504E-004
   0.0000000000000000        0.0000000000000000     
