 Atom=           1 Dimension=           1
   0.0000000000000000        0.0000000000000000     
 -7.85285178999991021E-003   0.0000000000000000     
 Atom=           1 Dimension=           2
   0.0000000000000000        0.0000000000000000     
 -4.91904904064157083E-003   0.0000000000000000     
 Atom=           1 Dimension=           3
   0.0000000000000000        0.0000000000000000     
  1.14051749749712159E-003   0.0000000000000000     
 Atom=           2 Dimension=           1
   0.0000000000000000        0.0000000000000000     
 -4.53626134236496427E-003   0.0000000000000000     
 Atom=           2 Dimension=           2
   0.0000000000000000        0.0000000000000000     
  4.66741614918448811E-005   0.0000000000000000     
 Atom=           2 Dimension=           3
   0.0000000000000000        0.0000000000000000     
 -4.48598284820616363E-003   0.0000000000000000     
 Atom=           3 Dimension=           1
   0.0000000000000000        0.0000000000000000     
  2.44933966221842813E-003   0.0000000000000000     
 Atom=           3 Dimension=           2
   0.0000000000000000        0.0000000000000000     
 -2.51999146575891911E-005   0.0000000000000000     
 Atom=           3 Dimension=           3
   0.0000000000000000        0.0000000000000000     
  2.42241720769664597E-003   0.0000000000000000     
 Atom=           4 Dimension=           1
   0.0000000000000000        0.0000000000000000     
 -9.22395215552088837E-003   0.0000000000000000     
 Atom=           4 Dimension=           2
   0.0000000000000000        0.0000000000000000     
 -5.84916082294312765E-003   0.0000000000000000     
 Atom=           4 Dimension=           3
   0.0000000000000000        0.0000000000000000     
  3.97133514552583389E-003   0.0000000000000000     
 Atom=           5 Dimension=           1
   0.0000000000000000        0.0000000000000000     
  4.73687890217719485E-003   0.0000000000000000     
 Atom=           5 Dimension=           2
   0.0000000000000000        0.0000000000000000     
 -9.37238139149948577E-004   0.0000000000000000     
 Atom=           5 Dimension=           3
   0.0000000000000000        0.0000000000000000     
  4.72977557477284767E-003   0.0000000000000000     
 Atom=           6 Dimension=           1
   0.0000000000000000        0.0000000000000000     
 -4.86290641780251151E-003   0.0000000000000000     
 Atom=           6 Dimension=           2
   0.0000000000000000        0.0000000000000000     
  9.62236646939487760E-004   0.0000000000000000     
 Atom=           6 Dimension=           3
   0.0000000000000000        0.0000000000000000     
 -4.85514410289039633E-003   0.0000000000000000     
 Atom=           7 Dimension=           1
   0.0000000000000000       8.74922177731556755E-003
   0.0000000000000000        0.0000000000000000     
 Atom=           7 Dimension=           2
   0.0000000000000000       4.04299581808138624E-003
   0.0000000000000000        0.0000000000000000     
 Atom=           7 Dimension=           3
   0.0000000000000000      -1.97591968610129213E-003
   0.0000000000000000        0.0000000000000000     
 Atom=           8 Dimension=           1
   0.0000000000000000       3.89531437591047851E-004
   0.0000000000000000        0.0000000000000000     
 Atom=           8 Dimension=           2
   0.0000000000000000       1.83814391355891811E-004
   0.0000000000000000        0.0000000000000000     
 Atom=           8 Dimension=           3
   0.0000000000000000      -3.87364788897637645E-005
   0.0000000000000000        0.0000000000000000     
 Atom=           9 Dimension=           1
   0.0000000000000000       8.01540019782378968E-004
   0.0000000000000000        0.0000000000000000     
 Atom=           9 Dimension=           2
   0.0000000000000000       3.78249191360644009E-004
   0.0000000000000000        0.0000000000000000     
 Atom=           9 Dimension=           3
   0.0000000000000000      -7.97256457015206127E-005
   0.0000000000000000        0.0000000000000000     
 Atom=          10 Dimension=           1
   0.0000000000000000       9.00908491395204999E-003
   0.0000000000000000        0.0000000000000000     
 Atom=          10 Dimension=           2
   0.0000000000000000       5.97990540992514308E-003
   0.0000000000000000        0.0000000000000000     
 Atom=          10 Dimension=           3
   0.0000000000000000      -7.65870933185466710E-004
   0.0000000000000000        0.0000000000000000     
 Atom=          11 Dimension=           1
   0.0000000000000000       1.42116275652868159E-006
   0.0000000000000000        0.0000000000000000     
 Atom=          11 Dimension=           2
   0.0000000000000000       5.43488497537758301E-007
   0.0000000000000000        0.0000000000000000     
 Atom=          11 Dimension=           3
   0.0000000000000000      -2.30527362308982055E-007
   0.0000000000000000        0.0000000000000000     
 Atom=          12 Dimension=           1
   0.0000000000000000       3.37875827314539480E-004
   0.0000000000000000        0.0000000000000000     
 Atom=          12 Dimension=           2
   0.0000000000000000       1.36348817006977591E-004
   0.0000000000000000        0.0000000000000000     
 Atom=          12 Dimension=           3
   0.0000000000000000      -6.11368026822628122E-005
   0.0000000000000000        0.0000000000000000     
 Atom=           1 Dimension=           1
   0.0000000000000000        0.0000000000000000     
 -7.85296793851167178E-003   0.0000000000000000     
 Atom=           1 Dimension=           2
   0.0000000000000000        0.0000000000000000     
 -4.91902910240383032E-003   0.0000000000000000     
 Atom=           1 Dimension=           3
   0.0000000000000000        0.0000000000000000     
  1.14043024827663298E-003   0.0000000000000000     
 Atom=           2 Dimension=           1
   0.0000000000000000        0.0000000000000000     
 -4.53615417924018230E-003   0.0000000000000000     
 Atom=           2 Dimension=           2
   0.0000000000000000        0.0000000000000000     
  4.65829169953466151E-005   0.0000000000000000     
 Atom=           2 Dimension=           3
   0.0000000000000000        0.0000000000000000     
 -4.48582714907066245E-003   0.0000000000000000     
 Atom=           3 Dimension=           1
   0.0000000000000000        0.0000000000000000     
  2.44923645936233293E-003   0.0000000000000000     
 Atom=           3 Dimension=           2
   0.0000000000000000        0.0000000000000000     
 -2.51501851136300806E-005   0.0000000000000000     
 Atom=           3 Dimension=           3
   0.0000000000000000        0.0000000000000000     
  2.42228828296764571E-003   0.0000000000000000     
 Atom=           4 Dimension=           1
   0.0000000000000000        0.0000000000000000     
 -9.22386452551179209E-003   0.0000000000000000     
 Atom=           4 Dimension=           2
   0.0000000000000000        0.0000000000000000     
 -5.84903828936442823E-003   0.0000000000000000     
 Atom=           4 Dimension=           3
   0.0000000000000000        0.0000000000000000     
  3.97131323661468333E-003   0.0000000000000000     
 Atom=           5 Dimension=           1
   0.0000000000000000        0.0000000000000000     
  4.73671279078908495E-003   0.0000000000000000     
 Atom=           5 Dimension=           2
   0.0000000000000000        0.0000000000000000     
 -9.37180863064756620E-004   0.0000000000000000     
 Atom=           5 Dimension=           3
   0.0000000000000000        0.0000000000000000     
  4.72968195627230473E-003   0.0000000000000000     
 Atom=           6 Dimension=           1
   0.0000000000000000        0.0000000000000000     
 -4.86276695452582917E-003   0.0000000000000000     
 Atom=           6 Dimension=           2
   0.0000000000000000        0.0000000000000000     
  9.62183991111782082E-004   0.0000000000000000     
 Atom=           6 Dimension=           3
   0.0000000000000000        0.0000000000000000     
 -4.85507902901738658E-003   0.0000000000000000     
 Atom=           7 Dimension=           1
   0.0000000000000000       8.74941894389366995E-003
   0.0000000000000000        0.0000000000000000     
 Atom=           7 Dimension=           2
   0.0000000000000000       4.04302436707550464E-003
   0.0000000000000000        0.0000000000000000     
 Atom=           7 Dimension=           3
   0.0000000000000000      -1.97584850856349003E-003
   0.0000000000000000        0.0000000000000000     
 Atom=           8 Dimension=           1
   0.0000000000000000       3.89562197271466938E-004
   0.0000000000000000        0.0000000000000000     
 Atom=           8 Dimension=           2
   0.0000000000000000       1.83830366712459396E-004
   0.0000000000000000        0.0000000000000000     
 Atom=           8 Dimension=           3
   0.0000000000000000      -3.87453600011999279E-005
   0.0000000000000000        0.0000000000000000     
 Atom=           9 Dimension=           1
   0.0000000000000000       8.01460836502813348E-004
   0.0000000000000000        0.0000000000000000     
 Atom=           9 Dimension=           2
   0.0000000000000000       3.78214823462790178E-004
   0.0000000000000000        0.0000000000000000     
 Atom=           9 Dimension=           3
   0.0000000000000000      -7.97297486493061852E-005
   0.0000000000000000        0.0000000000000000     
 Atom=          10 Dimension=           1
   0.0000000000000000       9.00891674131188390E-003
   0.0000000000000000        0.0000000000000000     
 Atom=          10 Dimension=           2
   0.0000000000000000       5.97975868871237267E-003
   0.0000000000000000        0.0000000000000000     
 Atom=          10 Dimension=           3
   0.0000000000000000      -7.65806196099322605E-004
   0.0000000000000000        0.0000000000000000     
 Atom=          11 Dimension=           1
   0.0000000000000000       1.42978079054762082E-006
   0.0000000000000000        0.0000000000000000     
 Atom=          11 Dimension=           2
   0.0000000000000000       5.46978070752165448E-007
   0.0000000000000000        0.0000000000000000     
 Atom=          11 Dimension=           3
   0.0000000000000000      -2.32085412094351810E-007
   0.0000000000000000        0.0000000000000000     
 Atom=          12 Dimension=           1
   0.0000000000000000       3.37937834277371647E-004
   0.0000000000000000        0.0000000000000000     
 Atom=          12 Dimension=           2
   0.0000000000000000       1.36376306824319163E-004
   0.0000000000000000        0.0000000000000000     
 Atom=          12 Dimension=           3
   0.0000000000000000      -6.11472591232182464E-005
   0.0000000000000000        0.0000000000000000     
 Atom=           1 Dimension=           1
   0.0000000000000000        0.0000000000000000     
 -7.85296793851167178E-003   0.0000000000000000     
 Atom=           1 Dimension=           2
   0.0000000000000000        0.0000000000000000     
 -4.91902910240383032E-003   0.0000000000000000     
 Atom=           1 Dimension=           3
   0.0000000000000000        0.0000000000000000     
  1.14043024827663298E-003   0.0000000000000000     
 Atom=           2 Dimension=           1
   0.0000000000000000        0.0000000000000000     
 -4.53615417924018230E-003   0.0000000000000000     
 Atom=           2 Dimension=           2
   0.0000000000000000        0.0000000000000000     
  4.65829169953466151E-005   0.0000000000000000     
 Atom=           2 Dimension=           3
   0.0000000000000000        0.0000000000000000     
 -4.48582714907066245E-003   0.0000000000000000     
 Atom=           3 Dimension=           1
   0.0000000000000000        0.0000000000000000     
  2.44923645936233293E-003   0.0000000000000000     
 Atom=           3 Dimension=           2
   0.0000000000000000        0.0000000000000000     
 -2.51501851136300806E-005   0.0000000000000000     
 Atom=           3 Dimension=           3
   0.0000000000000000        0.0000000000000000     
  2.42228828296764571E-003   0.0000000000000000     
 Atom=           4 Dimension=           1
   0.0000000000000000        0.0000000000000000     
 -9.22386452551179209E-003   0.0000000000000000     
 Atom=           4 Dimension=           2
   0.0000000000000000        0.0000000000000000     
 -5.84903828936442823E-003   0.0000000000000000     
 Atom=           4 Dimension=           3
   0.0000000000000000        0.0000000000000000     
  3.97131323661468333E-003   0.0000000000000000     
 Atom=           5 Dimension=           1
   0.0000000000000000        0.0000000000000000     
  4.73671279078908495E-003   0.0000000000000000     
 Atom=           5 Dimension=           2
   0.0000000000000000        0.0000000000000000     
 -9.37180863064756620E-004   0.0000000000000000     
 Atom=           5 Dimension=           3
   0.0000000000000000        0.0000000000000000     
  4.72968195627230473E-003   0.0000000000000000     
 Atom=           6 Dimension=           1
   0.0000000000000000        0.0000000000000000     
 -4.86276695452582917E-003   0.0000000000000000     
 Atom=           6 Dimension=           2
   0.0000000000000000        0.0000000000000000     
  9.62183991111782082E-004   0.0000000000000000     
 Atom=           6 Dimension=           3
   0.0000000000000000        0.0000000000000000     
 -4.85507902901738658E-003   0.0000000000000000     
 Atom=           7 Dimension=           1
   0.0000000000000000       8.74941894389366995E-003
   0.0000000000000000        0.0000000000000000     
 Atom=           7 Dimension=           2
   0.0000000000000000       4.04302436707550464E-003
   0.0000000000000000        0.0000000000000000     
 Atom=           7 Dimension=           3
   0.0000000000000000      -1.97584850856349003E-003
   0.0000000000000000        0.0000000000000000     
 Atom=           8 Dimension=           1
   0.0000000000000000       3.89562197271466938E-004
   0.0000000000000000        0.0000000000000000     
 Atom=           8 Dimension=           2
   0.0000000000000000       1.83830366712459396E-004
   0.0000000000000000        0.0000000000000000     
 Atom=           8 Dimension=           3
   0.0000000000000000      -3.87453600011999279E-005
   0.0000000000000000        0.0000000000000000     
 Atom=           9 Dimension=           1
   0.0000000000000000       8.01460836502813348E-004
   0.0000000000000000        0.0000000000000000     
 Atom=           9 Dimension=           2
   0.0000000000000000       3.78214823462790178E-004
   0.0000000000000000        0.0000000000000000     
 Atom=           9 Dimension=           3
   0.0000000000000000      -7.97297486493061852E-005
   0.0000000000000000        0.0000000000000000     
 Atom=          10 Dimension=           1
   0.0000000000000000       9.00891674131188390E-003
   0.0000000000000000        0.0000000000000000     
 Atom=          10 Dimension=           2
   0.0000000000000000       5.97975868871237267E-003
   0.0000000000000000        0.0000000000000000     
 Atom=          10 Dimension=           3
   0.0000000000000000      -7.65806196099322605E-004
   0.0000000000000000        0.0000000000000000     
 Atom=          11 Dimension=           1
   0.0000000000000000       1.42978079054762082E-006
   0.0000000000000000        0.0000000000000000     
 Atom=          11 Dimension=           2
   0.0000000000000000       5.46978070752165448E-007
   0.0000000000000000        0.0000000000000000     
 Atom=          11 Dimension=           3
   0.0000000000000000      -2.32085412094351810E-007
   0.0000000000000000        0.0000000000000000     
 Atom=          12 Dimension=           1
   0.0000000000000000       3.37937834277371647E-004
   0.0000000000000000        0.0000000000000000     
 Atom=          12 Dimension=           2
   0.0000000000000000       1.36376306824319163E-004
   0.0000000000000000        0.0000000000000000     
 Atom=          12 Dimension=           3
   0.0000000000000000      -6.11472591232182464E-005
   0.0000000000000000        0.0000000000000000     
 Atom=           1 Dimension=           1
   0.0000000000000000        0.0000000000000000     
 -7.85296639680858888E-003   0.0000000000000000     
 Atom=           1 Dimension=           2
   0.0000000000000000        0.0000000000000000     
 -4.91902813671675834E-003   0.0000000000000000     
 Atom=           1 Dimension=           3
   0.0000000000000000        0.0000000000000000     
  1.14043002438651711E-003   0.0000000000000000     
 Atom=           2 Dimension=           1
   0.0000000000000000        0.0000000000000000     
 -4.53615328868076529E-003   0.0000000000000000     
 Atom=           2 Dimension=           2
   0.0000000000000000        0.0000000000000000     
  4.65829079262854121E-005   0.0000000000000000     
 Atom=           2 Dimension=           3
   0.0000000000000000        0.0000000000000000     
 -4.48582626840137322E-003   0.0000000000000000     
 Atom=           3 Dimension=           1
   0.0000000000000000        0.0000000000000000     
  2.44923597862744700E-003   0.0000000000000000     
 Atom=           3 Dimension=           2
   0.0000000000000000        0.0000000000000000     
 -2.51501801125839844E-005   0.0000000000000000     
 Atom=           3 Dimension=           3
   0.0000000000000000        0.0000000000000000     
  2.42228780745773345E-003   0.0000000000000000     
 Atom=           4 Dimension=           1
   0.0000000000000000        0.0000000000000000     
 -9.22386271464793218E-003   0.0000000000000000     
 Atom=           4 Dimension=           2
   0.0000000000000000        0.0000000000000000     
 -5.84903714110185206E-003   0.0000000000000000     
 Atom=           4 Dimension=           3
   0.0000000000000000        0.0000000000000000     
  3.97131245704863273E-003   0.0000000000000000     
 Atom=           5 Dimension=           1
   0.0000000000000000        0.0000000000000000     
  4.73671186096772442E-003   0.0000000000000000     
 Atom=           5 Dimension=           2
   0.0000000000000000        0.0000000000000000     
 -9.37180678996403396E-004   0.0000000000000000     
 Atom=           5 Dimension=           3
   0.0000000000000000        0.0000000000000000     
  4.72968102783183093E-003   0.0000000000000000     
 Atom=           6 Dimension=           1
   0.0000000000000000        0.0000000000000000     
 -4.86276599981120151E-003   0.0000000000000000     
 Atom=           6 Dimension=           2
   0.0000000000000000        0.0000000000000000     
  9.62183802303631435E-004   0.0000000000000000     
 Atom=           6 Dimension=           3
   0.0000000000000000        0.0000000000000000     
 -4.85507807587025244E-003   0.0000000000000000     
 Atom=           7 Dimension=           1
   0.0000000000000000       8.74941894393099079E-003
   0.0000000000000000        0.0000000000000000     
 Atom=           7 Dimension=           2
   0.0000000000000000       4.04302436715014805E-003
   0.0000000000000000        0.0000000000000000     
 Atom=           7 Dimension=           3
   0.0000000000000000      -1.97584850856349003E-003
   0.0000000000000000        0.0000000000000000     
 Atom=           8 Dimension=           1
   0.0000000000000000       3.89562197308788213E-004
   0.0000000000000000        0.0000000000000000     
 Atom=           8 Dimension=           2
   0.0000000000000000       1.83830366712459396E-004
   0.0000000000000000        0.0000000000000000     
 Atom=           8 Dimension=           3
   0.0000000000000000      -3.87453599638786940E-005
   0.0000000000000000        0.0000000000000000     
 Atom=           9 Dimension=           1
   0.0000000000000000       8.01460836540134514E-004
   0.0000000000000000        0.0000000000000000     
 Atom=           9 Dimension=           2
   0.0000000000000000       3.78214823500111399E-004
   0.0000000000000000        0.0000000000000000     
 Atom=           9 Dimension=           3
   0.0000000000000000      -7.97297486493061852E-005
   0.0000000000000000        0.0000000000000000     
 Atom=          10 Dimension=           1
   0.0000000000000000       9.00891674138652558E-003
   0.0000000000000000        0.0000000000000000     
 Atom=          10 Dimension=           2
   0.0000000000000000       5.97975868871237267E-003
   0.0000000000000000        0.0000000000000000     
 Atom=          10 Dimension=           3
   0.0000000000000000      -7.65806196024680164E-004
   0.0000000000000000        0.0000000000000000     
 Atom=          11 Dimension=           1
   0.0000000000000000       1.42978079054762082E-006
   0.0000000000000000        0.0000000000000000     
 Atom=          11 Dimension=           2
   0.0000000000000000       5.46978070752165448E-007
   0.0000000000000000        0.0000000000000000     
 Atom=          11 Dimension=           3
   0.0000000000000000      -2.32085412094351810E-007
   0.0000000000000000        0.0000000000000000     
 Atom=          12 Dimension=           1
   0.0000000000000000       3.37937834277371647E-004
   0.0000000000000000        0.0000000000000000     
 Atom=          12 Dimension=           2
   0.0000000000000000       1.36376306861640410E-004
   0.0000000000000000        0.0000000000000000     
 Atom=          12 Dimension=           3
   0.0000000000000000      -6.11472591232182464E-005
   0.0000000000000000        0.0000000000000000     
 Atom=           1 Dimension=           1
   0.0000000000000000        0.0000000000000000     
 -7.85308419006737306E-003   0.0000000000000000     
 Atom=           1 Dimension=           2
   0.0000000000000000        0.0000000000000000     
 -4.91900926414968933E-003   0.0000000000000000     
 Atom=           1 Dimension=           3
   0.0000000000000000        0.0000000000000000     
  1.14034318211682405E-003   0.0000000000000000     
 Atom=           2 Dimension=           1
   0.0000000000000000        0.0000000000000000     
 -4.53604756387923289E-003   0.0000000000000000     
 Atom=           2 Dimension=           2
   0.0000000000000000        0.0000000000000000     
  4.64918405563898108E-005   0.0000000000000000     
 Atom=           2 Dimension=           3
   0.0000000000000000        0.0000000000000000     
 -4.48567185248204946E-003   0.0000000000000000     
 Atom=           3 Dimension=           1
   0.0000000000000000        0.0000000000000000     
  2.44913387118705266E-003   0.0000000000000000     
 Atom=           3 Dimension=           2
   0.0000000000000000        0.0000000000000000     
 -2.51005513732927604E-005   0.0000000000000000     
 Atom=           3 Dimension=           3
   0.0000000000000000        0.0000000000000000     
  2.42215989196969137E-003   0.0000000000000000     
 Atom=           4 Dimension=           1
   0.0000000000000000        0.0000000000000000     
 -9.22377573499875633E-003   0.0000000000000000     
 Atom=           4 Dimension=           2
   0.0000000000000000        0.0000000000000000     
 -5.84891568267342007E-003   0.0000000000000000     
 Atom=           4 Dimension=           3
   0.0000000000000000        0.0000000000000000     
  3.97129181261839711E-003   0.0000000000000000     
 Atom=           5 Dimension=           1
   0.0000000000000000        0.0000000000000000     
  4.73654633108184803E-003   0.0000000000000000     
 Atom=           5 Dimension=           2
   0.0000000000000000        0.0000000000000000     
 -9.37124084807578286E-004   0.0000000000000000     
 Atom=           5 Dimension=           3
   0.0000000000000000        0.0000000000000000     
  4.72958856054224094E-003   0.0000000000000000     
 Atom=           6 Dimension=           1
   0.0000000000000000        0.0000000000000000     
 -4.86262724317486697E-003   0.0000000000000000     
 Atom=           6 Dimension=           2
   0.0000000000000000        0.0000000000000000     
  9.62131867746200274E-004   0.0000000000000000     
 Atom=           6 Dimension=           3
   0.0000000000000000        0.0000000000000000     
 -4.85501429398391138E-003   0.0000000000000000     
 Atom=           7 Dimension=           1
   0.0000000000000000       8.74961581645504645E-003
   0.0000000000000000        0.0000000000000000     
 Atom=           7 Dimension=           2
   0.0000000000000000       4.04305285269815871E-003
   0.0000000000000000        0.0000000000000000     
 Atom=           7 Dimension=           3
   0.0000000000000000      -1.97577756420879228E-003
   0.0000000000000000        0.0000000000000000     
 Atom=           8 Dimension=           1
   0.0000000000000000       3.89592811996191822E-004
   0.0000000000000000        0.0000000000000000     
 Atom=           8 Dimension=           2
   0.0000000000000000       1.83846281683261502E-004
   0.0000000000000000        0.0000000000000000     
 Atom=           8 Dimension=           3
   0.0000000000000000      -3.87542328646421760E-005
   0.0000000000000000        0.0000000000000000     
 Atom=           9 Dimension=           1
   0.0000000000000000       8.01381737158715353E-004
   0.0000000000000000        0.0000000000000000     
 Atom=           9 Dimension=           2
   0.0000000000000000       3.78180510725728298E-004
   0.0000000000000000        0.0000000000000000     
 Atom=           9 Dimension=           3
   0.0000000000000000      -7.97338683170070592E-005
   0.0000000000000000        0.0000000000000000     
 Atom=          10 Dimension=           1
   0.0000000000000000       9.00874800247119037E-003
   0.0000000000000000        0.0000000000000000     
 Atom=          10 Dimension=           2
   0.0000000000000000       5.97961199571445980E-003
   0.0000000000000000        0.0000000000000000     
 Atom=          10 Dimension=           3
   0.0000000000000000      -7.65741941502162812E-004
   0.0000000000000000        0.0000000000000000     
 Atom=          11 Dimension=           1
   0.0000000000000000       1.43865626647662507E-006
   0.0000000000000000        0.0000000000000000     
 Atom=          11 Dimension=           2
   0.0000000000000000       5.50571620939817187E-007
   0.0000000000000000        0.0000000000000000     
 Atom=          11 Dimension=           3
   0.0000000000000000      -2.33690113429095466E-007
   0.0000000000000000        0.0000000000000000     
 Atom=          12 Dimension=           1
   0.0000000000000000       3.37999370283482601E-004
   0.0000000000000000        0.0000000000000000     
 Atom=          12 Dimension=           2
   0.0000000000000000       1.36403591449485987E-004
   0.0000000000000000        0.0000000000000000     
 Atom=          12 Dimension=           3
   0.0000000000000000      -6.11576110647030669E-005
   0.0000000000000000        0.0000000000000000     
 Atom=           1 Dimension=           1
   0.0000000000000000        0.0000000000000000     
 -7.85308419006737306E-003   0.0000000000000000     
 Atom=           1 Dimension=           2
   0.0000000000000000        0.0000000000000000     
 -4.91900926414968933E-003   0.0000000000000000     
 Atom=           1 Dimension=           3
   0.0000000000000000        0.0000000000000000     
  1.14034318211682405E-003   0.0000000000000000     
 Atom=           2 Dimension=           1
   0.0000000000000000        0.0000000000000000     
 -4.53604756387923289E-003   0.0000000000000000     
 Atom=           2 Dimension=           2
   0.0000000000000000        0.0000000000000000     
  4.64918405563898108E-005   0.0000000000000000     
 Atom=           2 Dimension=           3
   0.0000000000000000        0.0000000000000000     
 -4.48567185248204946E-003   0.0000000000000000     
 Atom=           3 Dimension=           1
   0.0000000000000000        0.0000000000000000     
  2.44913387118705266E-003   0.0000000000000000     
 Atom=           3 Dimension=           2
   0.0000000000000000        0.0000000000000000     
 -2.51005513732927604E-005   0.0000000000000000     
 Atom=           3 Dimension=           3
   0.0000000000000000        0.0000000000000000     
  2.42215989196969137E-003   0.0000000000000000     
 Atom=           4 Dimension=           1
   0.0000000000000000        0.0000000000000000     
 -9.22377573499875633E-003   0.0000000000000000     
 Atom=           4 Dimension=           2
   0.0000000000000000        0.0000000000000000     
 -5.84891568267342007E-003   0.0000000000000000     
 Atom=           4 Dimension=           3
   0.0000000000000000        0.0000000000000000     
  3.97129181261839711E-003   0.0000000000000000     
 Atom=           5 Dimension=           1
   0.0000000000000000        0.0000000000000000     
  4.73654633108184803E-003   0.0000000000000000     
 Atom=           5 Dimension=           2
   0.0000000000000000        0.0000000000000000     
 -9.37124084807578286E-004   0.0000000000000000     
 Atom=           5 Dimension=           3
   0.0000000000000000        0.0000000000000000     
  4.72958856054224094E-003   0.0000000000000000     
 Atom=           6 Dimension=           1
   0.0000000000000000        0.0000000000000000     
 -4.86262724317486697E-003   0.0000000000000000     
 Atom=           6 Dimension=           2
   0.0000000000000000        0.0000000000000000     
  9.62131867746200274E-004   0.0000000000000000     
 Atom=           6 Dimension=           3
   0.0000000000000000        0.0000000000000000     
 -4.85501429398391138E-003   0.0000000000000000     
 Atom=           7 Dimension=           1
   0.0000000000000000       8.74961581645504645E-003
   0.0000000000000000        0.0000000000000000     
 Atom=           7 Dimension=           2
   0.0000000000000000       4.04305285269815871E-003
   0.0000000000000000        0.0000000000000000     
 Atom=           7 Dimension=           3
   0.0000000000000000      -1.97577756420879228E-003
   0.0000000000000000        0.0000000000000000     
 Atom=           8 Dimension=           1
   0.0000000000000000       3.89592811996191822E-004
   0.0000000000000000        0.0000000000000000     
 Atom=           8 Dimension=           2
   0.0000000000000000       1.83846281683261502E-004
   0.0000000000000000        0.0000000000000000     
 Atom=           8 Dimension=           3
   0.0000000000000000      -3.87542328646421760E-005
   0.0000000000000000        0.0000000000000000     
 Atom=           9 Dimension=           1
   0.0000000000000000       8.01381737158715353E-004
   0.0000000000000000        0.0000000000000000     
 Atom=           9 Dimension=           2
   0.0000000000000000       3.78180510725728298E-004
   0.0000000000000000        0.0000000000000000     
 Atom=           9 Dimension=           3
   0.0000000000000000      -7.97338683170070592E-005
   0.0000000000000000        0.0000000000000000     
 Atom=          10 Dimension=           1
   0.0000000000000000       9.00874800247119037E-003
   0.0000000000000000        0.0000000000000000     
 Atom=          10 Dimension=           2
   0.0000000000000000       5.97961199571445980E-003
   0.0000000000000000        0.0000000000000000     
 Atom=          10 Dimension=           3
   0.0000000000000000      -7.65741941502162812E-004
   0.0000000000000000        0.0000000000000000     
 Atom=          11 Dimension=           1
   0.0000000000000000       1.43865626647662507E-006
   0.0000000000000000        0.0000000000000000     
 Atom=          11 Dimension=           2
   0.0000000000000000       5.50571620939817187E-007
   0.0000000000000000        0.0000000000000000     
 Atom=          11 Dimension=           3
   0.0000000000000000      -2.33690113429095466E-007
   0.0000000000000000        0.0000000000000000     
 Atom=          12 Dimension=           1
   0.0000000000000000       3.37999370283482601E-004
   0.0000000000000000        0.0000000000000000     
 Atom=          12 Dimension=           2
   0.0000000000000000       1.36403591449485987E-004
   0.0000000000000000        0.0000000000000000     
 Atom=          12 Dimension=           3
   0.0000000000000000      -6.11576110647030669E-005
   0.0000000000000000        0.0000000000000000     
