 Atom=           1 Dimension=           1
   0.0000000000000000        0.0000000000000000     
 -6.23511827163974672E-003   0.0000000000000000     
 Atom=           1 Dimension=           2
   0.0000000000000000        0.0000000000000000     
 -3.48216191868437564E-003   0.0000000000000000     
 Atom=           1 Dimension=           3
   0.0000000000000000        0.0000000000000000     
 -2.15285691400243003E-003   0.0000000000000000     
 Atom=           2 Dimension=           1
   0.0000000000000000        0.0000000000000000     
  5.06700077662725653E-004   0.0000000000000000     
 Atom=           2 Dimension=           2
   0.0000000000000000        0.0000000000000000     
 -2.52345944565057691E-004   0.0000000000000000     
 Atom=           2 Dimension=           3
   0.0000000000000000        0.0000000000000000     
 -7.00199720477789282E-003   0.0000000000000000     
 Atom=           3 Dimension=           1
   0.0000000000000000        0.0000000000000000     
 -4.13831048144112153E-004   0.0000000000000000     
 Atom=           3 Dimension=           2
   0.0000000000000000        0.0000000000000000     
  2.06077346190384125E-004   0.0000000000000000     
 Atom=           3 Dimension=           3
   0.0000000000000000        0.0000000000000000     
  5.71824898590198635E-003   0.0000000000000000     
 Atom=           4 Dimension=           1
   0.0000000000000000        0.0000000000000000     
 -3.67197504564556248E-003   0.0000000000000000     
 Atom=           4 Dimension=           2
   0.0000000000000000        0.0000000000000000     
 -1.72499917555933883E-003   0.0000000000000000     
 Atom=           4 Dimension=           3
   0.0000000000000000        0.0000000000000000     
  1.71047907318904141E-003   0.0000000000000000     
 Atom=           5 Dimension=           1
   0.0000000000000000        0.0000000000000000     
 -3.63328613392580166E-004   0.0000000000000000     
 Atom=           5 Dimension=           2
   0.0000000000000000        0.0000000000000000     
 -2.57867960769825246E-004   0.0000000000000000     
 Atom=           5 Dimension=           3
   0.0000000000000000        0.0000000000000000     
  4.15875155421362511E-003   0.0000000000000000     
 Atom=           6 Dimension=           1
   0.0000000000000000        0.0000000000000000     
  1.99598959881108512E-004   0.0000000000000000     
 Atom=           6 Dimension=           2
   0.0000000000000000        0.0000000000000000     
  1.41675772241992779E-004   0.0000000000000000     
 Atom=           6 Dimension=           3
   0.0000000000000000        0.0000000000000000     
 -2.28481521702745063E-003   0.0000000000000000     
 Atom=           7 Dimension=           1
   0.0000000000000000       5.00680466955810612E-003
   0.0000000000000000        0.0000000000000000     
 Atom=           7 Dimension=           2
   0.0000000000000000       4.43692653581641023E-003
   0.0000000000000000        0.0000000000000000     
 Atom=           7 Dimension=           3
   0.0000000000000000      -8.19105536098211056E-004
   0.0000000000000000        0.0000000000000000     
 Atom=           8 Dimension=           1
   0.0000000000000000       2.10621847080284764E-003
   0.0000000000000000        0.0000000000000000     
 Atom=           8 Dimension=           2
   0.0000000000000000      -7.54765960398142430E-004
   0.0000000000000000        0.0000000000000000     
 Atom=           8 Dimension=           3
   0.0000000000000000       1.51767365145321422E-004
   0.0000000000000000        0.0000000000000000     
 Atom=           9 Dimension=           1
   0.0000000000000000      -2.95128332604126719E-003
   0.0000000000000000        0.0000000000000000     
 Atom=           9 Dimension=           2
   0.0000000000000000       1.05773251322096641E-003
   0.0000000000000000        0.0000000000000000     
 Atom=           9 Dimension=           3
   0.0000000000000000      -2.12652646689577752E-004
   0.0000000000000000        0.0000000000000000     
 Atom=          10 Dimension=           1
   0.0000000000000000       4.08287601628305047E-003
   0.0000000000000000        0.0000000000000000     
 Atom=          10 Dimension=           2
   0.0000000000000000       1.27310625444946365E-003
   0.0000000000000000        0.0000000000000000     
 Atom=          10 Dimension=           3
   0.0000000000000000       6.83380085547228189E-004
   0.0000000000000000        0.0000000000000000     
 Atom=          11 Dimension=           1
   0.0000000000000000      -1.06206761936299880E-004
   0.0000000000000000        0.0000000000000000     
 Atom=          11 Dimension=           2
   0.0000000000000000       3.94543370140206862E-005
   0.0000000000000000        0.0000000000000000     
 Atom=          11 Dimension=           3
   0.0000000000000000      -3.04196503381084426E-006
   0.0000000000000000        0.0000000000000000     
 Atom=          12 Dimension=           1
   0.0000000000000000       1.83866748710716796E-003
   0.0000000000000000        0.0000000000000000     
 Atom=          12 Dimension=           2
   0.0000000000000000      -6.82738940876209959E-004
   0.0000000000000000        0.0000000000000000     
 Atom=          12 Dimension=           3
   0.0000000000000000       5.26535968286664566E-005
   0.0000000000000000        0.0000000000000000     
 Atom=           1 Dimension=           1
   0.0000000000000000        0.0000000000000000     
 -6.23499704001248631E-003   0.0000000000000000     
 Atom=           1 Dimension=           2
   0.0000000000000000        0.0000000000000000     
 -3.48213389746856528E-003   0.0000000000000000     
 Atom=           1 Dimension=           3
   0.0000000000000000        0.0000000000000000     
 -2.15294757281671648E-003   0.0000000000000000     
 Atom=           2 Dimension=           1
   0.0000000000000000        0.0000000000000000     
  5.06634715893674909E-004   0.0000000000000000     
 Atom=           2 Dimension=           2
   0.0000000000000000        0.0000000000000000     
 -2.52386489351976047E-004   0.0000000000000000     
 Atom=           2 Dimension=           3
   0.0000000000000000        0.0000000000000000     
 -7.00203612696794191E-003   0.0000000000000000     
 Atom=           3 Dimension=           1
   0.0000000000000000        0.0000000000000000     
 -4.13785027659576896E-004   0.0000000000000000     
 Atom=           3 Dimension=           2
   0.0000000000000000        0.0000000000000000     
  2.06114123883351167E-004   0.0000000000000000     
 Atom=           3 Dimension=           3
   0.0000000000000000        0.0000000000000000     
  5.71838249397776596E-003   0.0000000000000000     
 Atom=           4 Dimension=           1
   0.0000000000000000        0.0000000000000000     
 -3.67197700521590311E-003   0.0000000000000000     
 Atom=           4 Dimension=           2
   0.0000000000000000        0.0000000000000000     
 -1.72505946460685617E-003   0.0000000000000000     
 Atom=           4 Dimension=           3
   0.0000000000000000        0.0000000000000000     
  1.71043368274301070E-003   0.0000000000000000     
 Atom=           5 Dimension=           1
   0.0000000000000000        0.0000000000000000     
 -3.63374385168375351E-004   0.0000000000000000     
 Atom=           5 Dimension=           2
   0.0000000000000000        0.0000000000000000     
 -2.57875486877679524E-004   0.0000000000000000     
 Atom=           5 Dimension=           3
   0.0000000000000000        0.0000000000000000     
  4.15882248951792138E-003   0.0000000000000000     
 Atom=           6 Dimension=           1
   0.0000000000000000        0.0000000000000000     
  1.99625845411600765E-004   0.0000000000000000     
 Atom=           6 Dimension=           2
   0.0000000000000000        0.0000000000000000     
  1.41681142339162457E-004   0.0000000000000000     
 Atom=           6 Dimension=           3
   0.0000000000000000        0.0000000000000000     
 -2.28487410557679524E-003   0.0000000000000000     
 Atom=           7 Dimension=           1
   0.0000000000000000       5.00678425187306257E-003
   0.0000000000000000        0.0000000000000000     
 Atom=           7 Dimension=           2
   0.0000000000000000       4.43694683875730383E-003
   0.0000000000000000        0.0000000000000000     
 Atom=           7 Dimension=           3
   0.0000000000000000      -8.19115765140854138E-004
   0.0000000000000000        0.0000000000000000     
 Atom=           8 Dimension=           1
   0.0000000000000000       2.10623342807332277E-003
   0.0000000000000000        0.0000000000000000     
 Atom=           8 Dimension=           2
   0.0000000000000000      -7.54756860192369789E-004
   0.0000000000000000        0.0000000000000000     
 Atom=           8 Dimension=           3
   0.0000000000000000       1.51787183451259597E-004
   0.0000000000000000        0.0000000000000000     
 Atom=           9 Dimension=           1
   0.0000000000000000      -2.95132133897395852E-003
   0.0000000000000000        0.0000000000000000     
 Atom=           9 Dimension=           2
   0.0000000000000000       1.05772587300737410E-003
   0.0000000000000000        0.0000000000000000     
 Atom=           9 Dimension=           3
   0.0000000000000000      -2.12681644546243789E-004
   0.0000000000000000        0.0000000000000000     
 Atom=          10 Dimension=           1
   0.0000000000000000       4.08284134011175845E-003
   0.0000000000000000        0.0000000000000000     
 Atom=          10 Dimension=           2
   0.0000000000000000       1.27310591995785476E-003
   0.0000000000000000        0.0000000000000000     
 Atom=          10 Dimension=           3
   0.0000000000000000       6.83455928781125490E-004
   0.0000000000000000        0.0000000000000000     
 Atom=          11 Dimension=           1
   0.0000000000000000      -1.06219204016481600E-004
   0.0000000000000000        0.0000000000000000     
 Atom=          11 Dimension=           2
   0.0000000000000000       3.94580550865239254E-005
   0.0000000000000000        0.0000000000000000     
 Atom=          11 Dimension=           3
   0.0000000000000000      -3.04066953894535081E-006
   0.0000000000000000        0.0000000000000000     
 Atom=          12 Dimension=           1
   0.0000000000000000       1.83867707047370710E-003
   0.0000000000000000        0.0000000000000000     
 Atom=          12 Dimension=           2
   0.0000000000000000      -6.82726890911631071E-004
   0.0000000000000000        0.0000000000000000     
 Atom=          12 Dimension=           3
   0.0000000000000000       5.26252837421027557E-005
   0.0000000000000000        0.0000000000000000     
 Atom=           1 Dimension=           1
   0.0000000000000000        0.0000000000000000     
 -6.23499704001248631E-003   0.0000000000000000     
 Atom=           1 Dimension=           2
   0.0000000000000000        0.0000000000000000     
 -3.48213389746856528E-003   0.0000000000000000     
 Atom=           1 Dimension=           3
   0.0000000000000000        0.0000000000000000     
 -2.15294757281671648E-003   0.0000000000000000     
 Atom=           2 Dimension=           1
   0.0000000000000000        0.0000000000000000     
  5.06634715893674909E-004   0.0000000000000000     
 Atom=           2 Dimension=           2
   0.0000000000000000        0.0000000000000000     
 -2.52386489351976047E-004   0.0000000000000000     
 Atom=           2 Dimension=           3
   0.0000000000000000        0.0000000000000000     
 -7.00203612696794191E-003   0.0000000000000000     
 Atom=           3 Dimension=           1
   0.0000000000000000        0.0000000000000000     
 -4.13785027659576896E-004   0.0000000000000000     
 Atom=           3 Dimension=           2
   0.0000000000000000        0.0000000000000000     
  2.06114123883351167E-004   0.0000000000000000     
 Atom=           3 Dimension=           3
   0.0000000000000000        0.0000000000000000     
  5.71838249397776596E-003   0.0000000000000000     
 Atom=           4 Dimension=           1
   0.0000000000000000        0.0000000000000000     
 -3.67197700521590311E-003   0.0000000000000000     
 Atom=           4 Dimension=           2
   0.0000000000000000        0.0000000000000000     
 -1.72505946460685617E-003   0.0000000000000000     
 Atom=           4 Dimension=           3
   0.0000000000000000        0.0000000000000000     
  1.71043368274301070E-003   0.0000000000000000     
 Atom=           5 Dimension=           1
   0.0000000000000000        0.0000000000000000     
 -3.63374385168375351E-004   0.0000000000000000     
 Atom=           5 Dimension=           2
   0.0000000000000000        0.0000000000000000     
 -2.57875486877679524E-004   0.0000000000000000     
 Atom=           5 Dimension=           3
   0.0000000000000000        0.0000000000000000     
  4.15882248951792138E-003   0.0000000000000000     
 Atom=           6 Dimension=           1
   0.0000000000000000        0.0000000000000000     
  1.99625845411600765E-004   0.0000000000000000     
 Atom=           6 Dimension=           2
   0.0000000000000000        0.0000000000000000     
  1.41681142339162457E-004   0.0000000000000000     
 Atom=           6 Dimension=           3
   0.0000000000000000        0.0000000000000000     
 -2.28487410557679524E-003   0.0000000000000000     
 Atom=           7 Dimension=           1
   0.0000000000000000       5.00678425187306257E-003
   0.0000000000000000        0.0000000000000000     
 Atom=           7 Dimension=           2
   0.0000000000000000       4.43694683875730383E-003
   0.0000000000000000        0.0000000000000000     
 Atom=           7 Dimension=           3
   0.0000000000000000      -8.19115765140854138E-004
   0.0000000000000000        0.0000000000000000     
 Atom=           8 Dimension=           1
   0.0000000000000000       2.10623342807332277E-003
   0.0000000000000000        0.0000000000000000     
 Atom=           8 Dimension=           2
   0.0000000000000000      -7.54756860192369789E-004
   0.0000000000000000        0.0000000000000000     
 Atom=           8 Dimension=           3
   0.0000000000000000       1.51787183451259597E-004
   0.0000000000000000        0.0000000000000000     
 Atom=           9 Dimension=           1
   0.0000000000000000      -2.95132133897395852E-003
   0.0000000000000000        0.0000000000000000     
 Atom=           9 Dimension=           2
   0.0000000000000000       1.05772587300737410E-003
   0.0000000000000000        0.0000000000000000     
 Atom=           9 Dimension=           3
   0.0000000000000000      -2.12681644546243789E-004
   0.0000000000000000        0.0000000000000000     
 Atom=          10 Dimension=           1
   0.0000000000000000       4.08284134011175845E-003
   0.0000000000000000        0.0000000000000000     
 Atom=          10 Dimension=           2
   0.0000000000000000       1.27310591995785476E-003
   0.0000000000000000        0.0000000000000000     
 Atom=          10 Dimension=           3
   0.0000000000000000       6.83455928781125490E-004
   0.0000000000000000        0.0000000000000000     
 Atom=          11 Dimension=           1
   0.0000000000000000      -1.06219204016481600E-004
   0.0000000000000000        0.0000000000000000     
 Atom=          11 Dimension=           2
   0.0000000000000000       3.94580550865239254E-005
   0.0000000000000000        0.0000000000000000     
 Atom=          11 Dimension=           3
   0.0000000000000000      -3.04066953894535081E-006
   0.0000000000000000        0.0000000000000000     
 Atom=          12 Dimension=           1
   0.0000000000000000       1.83867707047370710E-003
   0.0000000000000000        0.0000000000000000     
 Atom=          12 Dimension=           2
   0.0000000000000000      -6.82726890911631071E-004
   0.0000000000000000        0.0000000000000000     
 Atom=          12 Dimension=           3
   0.0000000000000000       5.26252837421027557E-005
   0.0000000000000000        0.0000000000000000     
 Atom=           1 Dimension=           1
   0.0000000000000000        0.0000000000000000     
 -6.23499890055091797E-003   0.0000000000000000     
 Atom=           1 Dimension=           2
   0.0000000000000000        0.0000000000000000     
 -3.48213493656651576E-003   0.0000000000000000     
 Atom=           1 Dimension=           3
   0.0000000000000000        0.0000000000000000     
 -2.15294821526453321E-003   0.0000000000000000     
 Atom=           2 Dimension=           1
   0.0000000000000000        0.0000000000000000     
  5.06634867044694886E-004   0.0000000000000000     
 Atom=           2 Dimension=           2
   0.0000000000000000        0.0000000000000000     
 -2.52386564666237385E-004   0.0000000000000000     
 Atom=           2 Dimension=           3
   0.0000000000000000        0.0000000000000000     
 -7.00203821637887438E-003   0.0000000000000000     
 Atom=           3 Dimension=           1
   0.0000000000000000        0.0000000000000000     
 -4.13785151136897820E-004   0.0000000000000000     
 Atom=           3 Dimension=           2
   0.0000000000000000        0.0000000000000000     
  2.06114185370093243E-004   0.0000000000000000     
 Atom=           3 Dimension=           3
   0.0000000000000000        0.0000000000000000     
  5.71838420030483692E-003   0.0000000000000000     
 Atom=           4 Dimension=           1
   0.0000000000000000        0.0000000000000000     
 -3.67197810094883415E-003   0.0000000000000000     
 Atom=           4 Dimension=           2
   0.0000000000000000        0.0000000000000000     
 -1.72505997939737302E-003   0.0000000000000000     
 Atom=           4 Dimension=           3
   0.0000000000000000        0.0000000000000000     
  1.71043419309230022E-003   0.0000000000000000     
 Atom=           5 Dimension=           1
   0.0000000000000000        0.0000000000000000     
 -3.63374493605236729E-004   0.0000000000000000     
 Atom=           5 Dimension=           2
   0.0000000000000000        0.0000000000000000     
 -2.57875563834075369E-004   0.0000000000000000     
 Atom=           5 Dimension=           3
   0.0000000000000000        0.0000000000000000     
  4.15882373046779549E-003   0.0000000000000000     
 Atom=           6 Dimension=           1
   0.0000000000000000        0.0000000000000000     
  1.99625904957638354E-004   0.0000000000000000     
 Atom=           6 Dimension=           2
   0.0000000000000000        0.0000000000000000     
  1.41681184605466196E-004   0.0000000000000000     
 Atom=           6 Dimension=           3
   0.0000000000000000        0.0000000000000000     
 -2.28487478741718018E-003   0.0000000000000000     
 Atom=           7 Dimension=           1
   0.0000000000000000       5.00678425187306257E-003
   0.0000000000000000        0.0000000000000000     
 Atom=           7 Dimension=           2
   0.0000000000000000       4.43694683875730383E-003
   0.0000000000000000        0.0000000000000000     
 Atom=           7 Dimension=           3
   0.0000000000000000      -8.19115765140854138E-004
   0.0000000000000000        0.0000000000000000     
 Atom=           8 Dimension=           1
   0.0000000000000000       2.10623342807332277E-003
   0.0000000000000000        0.0000000000000000     
 Atom=           8 Dimension=           2
   0.0000000000000000      -7.54756860192369789E-004
   0.0000000000000000        0.0000000000000000     
 Atom=           8 Dimension=           3
   0.0000000000000000       1.51787183451259597E-004
   0.0000000000000000        0.0000000000000000     
 Atom=           9 Dimension=           1
   0.0000000000000000      -2.95132133897395852E-003
   0.0000000000000000        0.0000000000000000     
 Atom=           9 Dimension=           2
   0.0000000000000000       1.05772587300737410E-003
   0.0000000000000000        0.0000000000000000     
 Atom=           9 Dimension=           3
   0.0000000000000000      -2.12681644546243789E-004
   0.0000000000000000        0.0000000000000000     
 Atom=          10 Dimension=           1
   0.0000000000000000       4.08284134011175845E-003
   0.0000000000000000        0.0000000000000000     
 Atom=          10 Dimension=           2
   0.0000000000000000       1.27310591995785476E-003
   0.0000000000000000        0.0000000000000000     
 Atom=          10 Dimension=           3
   0.0000000000000000       6.83455928781125490E-004
   0.0000000000000000        0.0000000000000000     
 Atom=          11 Dimension=           1
   0.0000000000000000      -1.06219204016481600E-004
   0.0000000000000000        0.0000000000000000     
 Atom=          11 Dimension=           2
   0.0000000000000000       3.94580550865239254E-005
   0.0000000000000000        0.0000000000000000     
 Atom=          11 Dimension=           3
   0.0000000000000000      -3.04066953894535081E-006
   0.0000000000000000        0.0000000000000000     
 Atom=          12 Dimension=           1
   0.0000000000000000       1.83867707047370710E-003
   0.0000000000000000        0.0000000000000000     
 Atom=          12 Dimension=           2
   0.0000000000000000      -6.82726890911631071E-004
   0.0000000000000000        0.0000000000000000     
 Atom=          12 Dimension=           3
   0.0000000000000000       5.26252837421027557E-005
   0.0000000000000000        0.0000000000000000     
 Atom=           1 Dimension=           1
   0.0000000000000000        0.0000000000000000     
 -6.23487593294486369E-003   0.0000000000000000     
 Atom=           1 Dimension=           2
   0.0000000000000000        0.0000000000000000     
 -3.48210606552742160E-003   0.0000000000000000     
 Atom=           1 Dimension=           3
   0.0000000000000000        0.0000000000000000     
 -2.15303831306594808E-003   0.0000000000000000     
 Atom=           2 Dimension=           1
   0.0000000000000000        0.0000000000000000     
  5.06569655512293759E-004   0.0000000000000000     
 Atom=           2 Dimension=           2
   0.0000000000000000        0.0000000000000000     
 -2.52427247579063154E-004   0.0000000000000000     
 Atom=           2 Dimension=           3
   0.0000000000000000        0.0000000000000000     
 -7.00207529038382286E-003   0.0000000000000000     
 Atom=           3 Dimension=           1
   0.0000000000000000        0.0000000000000000     
 -4.13739280739727300E-004   0.0000000000000000     
 Atom=           3 Dimension=           2
   0.0000000000000000        0.0000000000000000     
  2.06151091653391025E-004   0.0000000000000000     
 Atom=           3 Dimension=           3
   0.0000000000000000        0.0000000000000000     
  5.71851660514611712E-003   0.0000000000000000     
 Atom=           4 Dimension=           1
   0.0000000000000000        0.0000000000000000     
 -3.67197873225626062E-003   0.0000000000000000     
 Atom=           4 Dimension=           2
   0.0000000000000000        0.0000000000000000     
 -1.72511948091075523E-003   0.0000000000000000     
 Atom=           4 Dimension=           3
   0.0000000000000000        0.0000000000000000     
  1.71038772792519631E-003   0.0000000000000000     
 Atom=           5 Dimension=           1
   0.0000000000000000        0.0000000000000000     
 -3.63420074912086178E-004   0.0000000000000000     
 Atom=           5 Dimension=           2
   0.0000000000000000        0.0000000000000000     
 -2.57882774484152831E-004   0.0000000000000000     
 Atom=           5 Dimension=           3
   0.0000000000000000        0.0000000000000000     
  4.15889324491518306E-003   0.0000000000000000     
 Atom=           6 Dimension=           1
   0.0000000000000000        0.0000000000000000     
  1.99652661468605671E-004   0.0000000000000000     
 Atom=           6 Dimension=           2
   0.0000000000000000        0.0000000000000000     
  1.41686363860477689E-004   0.0000000000000000     
 Atom=           6 Dimension=           3
   0.0000000000000000        0.0000000000000000     
 -2.28493261212459314E-003   0.0000000000000000     
 Atom=           7 Dimension=           1
   0.0000000000000000       5.00676378391630775E-003
   0.0000000000000000        0.0000000000000000     
 Atom=           7 Dimension=           2
   0.0000000000000000       4.43696705737085632E-003
   0.0000000000000000        0.0000000000000000     
 Atom=           7 Dimension=           3
   0.0000000000000000      -8.19125984741223760E-004
   0.0000000000000000        0.0000000000000000     
 Atom=           8 Dimension=           1
   0.0000000000000000       2.10624838640745358E-003
   0.0000000000000000        0.0000000000000000     
 Atom=           8 Dimension=           2
   0.0000000000000000      -7.54747742445614485E-004
   0.0000000000000000        0.0000000000000000     
 Atom=           8 Dimension=           3
   0.0000000000000000       1.51807048315444072E-004
   0.0000000000000000        0.0000000000000000     
 Atom=           9 Dimension=           1
   0.0000000000000000      -2.95135923729312284E-003
   0.0000000000000000        0.0000000000000000     
 Atom=           9 Dimension=           2
   0.0000000000000000       1.05771916641795747E-003
   0.0000000000000000        0.0000000000000000     
 Atom=           9 Dimension=           3
   0.0000000000000000      -2.12710699541727511E-004
   0.0000000000000000        0.0000000000000000     
 Atom=          10 Dimension=           1
   0.0000000000000000       4.08280646664173352E-003
   0.0000000000000000        0.0000000000000000     
 Atom=          10 Dimension=           2
   0.0000000000000000       1.27310555995717835E-003
   0.0000000000000000        0.0000000000000000     
 Atom=          10 Dimension=           3
   0.0000000000000000       6.83531863097507769E-004
   0.0000000000000000        0.0000000000000000     
 Atom=          11 Dimension=           1
   0.0000000000000000      -1.06231514315366683E-004
   0.0000000000000000        0.0000000000000000     
 Atom=          11 Dimension=           2
   0.0000000000000000       3.94617243988277613E-005
   0.0000000000000000        0.0000000000000000     
 Atom=          11 Dimension=           3
   0.0000000000000000      -3.03936941624615972E-006
   0.0000000000000000        0.0000000000000000     
 Atom=          12 Dimension=           1
   0.0000000000000000       1.83868649585943941E-003
   0.0000000000000000        0.0000000000000000     
 Atom=          12 Dimension=           2
   0.0000000000000000      -6.82714788753298633E-004
   0.0000000000000000        0.0000000000000000     
 Atom=          12 Dimension=           3
   0.0000000000000000       5.25969579663176297E-005
   0.0000000000000000        0.0000000000000000     
 Atom=           1 Dimension=           1
   0.0000000000000000        0.0000000000000000     
 -6.23487593294486369E-003   0.0000000000000000     
 Atom=           1 Dimension=           2
   0.0000000000000000        0.0000000000000000     
 -3.48210606552742160E-003   0.0000000000000000     
 Atom=           1 Dimension=           3
   0.0000000000000000        0.0000000000000000     
 -2.15303831306594808E-003   0.0000000000000000     
 Atom=           2 Dimension=           1
   0.0000000000000000        0.0000000000000000     
  5.06569655512293759E-004   0.0000000000000000     
 Atom=           2 Dimension=           2
   0.0000000000000000        0.0000000000000000     
 -2.52427247579063154E-004   0.0000000000000000     
 Atom=           2 Dimension=           3
   0.0000000000000000        0.0000000000000000     
 -7.00207529038382286E-003   0.0000000000000000     
 Atom=           3 Dimension=           1
   0.0000000000000000        0.0000000000000000     
 -4.13739280739727300E-004   0.0000000000000000     
 Atom=           3 Dimension=           2
   0.0000000000000000        0.0000000000000000     
  2.06151091653391025E-004   0.0000000000000000     
 Atom=           3 Dimension=           3
   0.0000000000000000        0.0000000000000000     
  5.71851660514611712E-003   0.0000000000000000     
 Atom=           4 Dimension=           1
   0.0000000000000000        0.0000000000000000     
 -3.67197873225626062E-003   0.0000000000000000     
 Atom=           4 Dimension=           2
   0.0000000000000000        0.0000000000000000     
 -1.72511948091075523E-003   0.0000000000000000     
 Atom=           4 Dimension=           3
   0.0000000000000000        0.0000000000000000     
  1.71038772792519631E-003   0.0000000000000000     
 Atom=           5 Dimension=           1
   0.0000000000000000        0.0000000000000000     
 -3.63420074912086178E-004   0.0000000000000000     
 Atom=           5 Dimension=           2
   0.0000000000000000        0.0000000000000000     
 -2.57882774484152831E-004   0.0000000000000000     
 Atom=           5 Dimension=           3
   0.0000000000000000        0.0000000000000000     
  4.15889324491518306E-003   0.0000000000000000     
 Atom=           6 Dimension=           1
   0.0000000000000000        0.0000000000000000     
  1.99652661468605671E-004   0.0000000000000000     
 Atom=           6 Dimension=           2
   0.0000000000000000        0.0000000000000000     
  1.41686363860477689E-004   0.0000000000000000     
 Atom=           6 Dimension=           3
   0.0000000000000000        0.0000000000000000     
 -2.28493261212459314E-003   0.0000000000000000     
 Atom=           7 Dimension=           1
   0.0000000000000000       5.00676378391630775E-003
   0.0000000000000000        0.0000000000000000     
 Atom=           7 Dimension=           2
   0.0000000000000000       4.43696705737085632E-003
   0.0000000000000000        0.0000000000000000     
 Atom=           7 Dimension=           3
   0.0000000000000000      -8.19125984741223760E-004
   0.0000000000000000        0.0000000000000000     
 Atom=           8 Dimension=           1
   0.0000000000000000       2.10624838640745358E-003
   0.0000000000000000        0.0000000000000000     
 Atom=           8 Dimension=           2
   0.0000000000000000      -7.54747742445614485E-004
   0.0000000000000000        0.0000000000000000     
 Atom=           8 Dimension=           3
   0.0000000000000000       1.51807048315444072E-004
   0.0000000000000000        0.0000000000000000     
 Atom=           9 Dimension=           1
   0.0000000000000000      -2.95135923729312284E-003
   0.0000000000000000        0.0000000000000000     
 Atom=           9 Dimension=           2
   0.0000000000000000       1.05771916641795747E-003
   0.0000000000000000        0.0000000000000000     
 Atom=           9 Dimension=           3
   0.0000000000000000      -2.12710699541727511E-004
   0.0000000000000000        0.0000000000000000     
 Atom=          10 Dimension=           1
   0.0000000000000000       4.08280646664173352E-003
   0.0000000000000000        0.0000000000000000     
 Atom=          10 Dimension=           2
   0.0000000000000000       1.27310555995717835E-003
   0.0000000000000000        0.0000000000000000     
 Atom=          10 Dimension=           3
   0.0000000000000000       6.83531863097507769E-004
   0.0000000000000000        0.0000000000000000     
 Atom=          11 Dimension=           1
   0.0000000000000000      -1.06231514315366683E-004
   0.0000000000000000        0.0000000000000000     
 Atom=          11 Dimension=           2
   0.0000000000000000       3.94617243988277613E-005
   0.0000000000000000        0.0000000000000000     
 Atom=          11 Dimension=           3
   0.0000000000000000      -3.03936941624615972E-006
   0.0000000000000000        0.0000000000000000     
 Atom=          12 Dimension=           1
   0.0000000000000000       1.83868649585943941E-003
   0.0000000000000000        0.0000000000000000     
 Atom=          12 Dimension=           2
   0.0000000000000000      -6.82714788753298633E-004
   0.0000000000000000        0.0000000000000000     
 Atom=          12 Dimension=           3
   0.0000000000000000       5.25969579663176297E-005
   0.0000000000000000        0.0000000000000000     
