 Atom=           1 Dimension=           1
   0.0000000000000000        0.0000000000000000     
 -2.49315063122975940E-003   0.0000000000000000     
 Atom=           1 Dimension=           2
   0.0000000000000000        0.0000000000000000     
 -1.82612016136593410E-004   0.0000000000000000     
 Atom=           1 Dimension=           3
   0.0000000000000000        0.0000000000000000     
 -1.01817267736685761E-003   0.0000000000000000     
 Atom=           2 Dimension=           1
   0.0000000000000000        0.0000000000000000     
 -2.00471730362487008E-003   0.0000000000000000     
 Atom=           2 Dimension=           2
   0.0000000000000000        0.0000000000000000     
  2.62322660043399982E-004   0.0000000000000000     
 Atom=           2 Dimension=           3
   0.0000000000000000        0.0000000000000000     
 -2.33050326980615988E-003   0.0000000000000000     
 Atom=           3 Dimension=           1
   0.0000000000000000        0.0000000000000000     
  4.52218228176442204E-004   0.0000000000000000     
 Atom=           3 Dimension=           2
   0.0000000000000000        0.0000000000000000     
 -5.91695708697518292E-005   0.0000000000000000     
 Atom=           3 Dimension=           3
   0.0000000000000000        0.0000000000000000     
  5.25732484817040464E-004   0.0000000000000000     
 Atom=           4 Dimension=           1
   0.0000000000000000        0.0000000000000000     
 -2.33700344466558890E-003   0.0000000000000000     
 Atom=           4 Dimension=           2
   0.0000000000000000        0.0000000000000000     
 -4.16808701094858059E-003   0.0000000000000000     
 Atom=           4 Dimension=           3
   0.0000000000000000        0.0000000000000000     
  7.61903431471536944E-003   0.0000000000000000     
 Atom=           5 Dimension=           1
   0.0000000000000000        0.0000000000000000     
  5.05883645732744212E-003   0.0000000000000000     
 Atom=           5 Dimension=           2
   0.0000000000000000        0.0000000000000000     
 -1.29446946795573180E-003   0.0000000000000000     
 Atom=           5 Dimension=           3
   0.0000000000000000        0.0000000000000000     
  6.54186921710697093E-003   0.0000000000000000     
 Atom=           6 Dimension=           1
   0.0000000000000000        0.0000000000000000     
 -2.74229150050438924E-003   0.0000000000000000     
 Atom=           6 Dimension=           2
   0.0000000000000000        0.0000000000000000     
  7.01764166770923472E-004   0.0000000000000000     
 Atom=           6 Dimension=           3
   0.0000000000000000        0.0000000000000000     
 -3.54603262231567963E-003   0.0000000000000000     
 Atom=           7 Dimension=           1
   0.0000000000000000       2.45004229105635560E-003
   0.0000000000000000        0.0000000000000000     
 Atom=           7 Dimension=           2
   0.0000000000000000       2.85027649853535460E-003
   0.0000000000000000        0.0000000000000000     
 Atom=           7 Dimension=           3
   0.0000000000000000       7.81595867632258520E-004
   0.0000000000000000        0.0000000000000000     
 Atom=           8 Dimension=           1
   0.0000000000000000       1.34078844968649863E-003
   0.0000000000000000        0.0000000000000000     
 Atom=           8 Dimension=           2
   0.0000000000000000       1.47832747038358818E-003
   0.0000000000000000        0.0000000000000000     
 Atom=           8 Dimension=           3
   0.0000000000000000       2.67056247145821537E-003
   0.0000000000000000        0.0000000000000000     
 Atom=           9 Dimension=           1
   0.0000000000000000      -4.94480495253261411E-004
   0.0000000000000000        0.0000000000000000     
 Atom=           9 Dimension=           2
   0.0000000000000000      -5.45239232133534280E-004
   0.0000000000000000        0.0000000000000000     
 Atom=           9 Dimension=           3
   0.0000000000000000      -9.84811255116994954E-004
   0.0000000000000000        0.0000000000000000     
 Atom=          10 Dimension=           1
   0.0000000000000000       2.00045030732671656E-003
   0.0000000000000000        0.0000000000000000     
 Atom=          10 Dimension=           2
   0.0000000000000000       2.27918703775783485E-003
   0.0000000000000000        0.0000000000000000     
 Atom=          10 Dimension=           3
   0.0000000000000000      -7.53420405255329599E-003
   0.0000000000000000        0.0000000000000000     
 Atom=          11 Dimension=           1
   0.0000000000000000      -2.72764639309626107E-003
   0.0000000000000000        0.0000000000000000     
 Atom=          11 Dimension=           2
   0.0000000000000000      -2.93006946686384922E-003
   0.0000000000000000        0.0000000000000000     
 Atom=          11 Dimension=           3
   0.0000000000000000      -6.03598195469793285E-003
   0.0000000000000000        0.0000000000000000     
 Atom=          12 Dimension=           1
   0.0000000000000000       1.49653797237910479E-003
   0.0000000000000000        0.0000000000000000     
 Atom=          12 Dimension=           2
   0.0000000000000000       1.60747879172515773E-003
   0.0000000000000000        0.0000000000000000     
 Atom=          12 Dimension=           3
   0.0000000000000000       3.31194918220956494E-003
   0.0000000000000000        0.0000000000000000     
 Atom=           1 Dimension=           1
   0.0000000000000000        0.0000000000000000     
 -2.49305338879020951E-003   0.0000000000000000     
 Atom=           1 Dimension=           2
   0.0000000000000000        0.0000000000000000     
 -1.82636169649720884E-004   0.0000000000000000     
 Atom=           1 Dimension=           3
   0.0000000000000000        0.0000000000000000     
 -1.01806242430469394E-003   0.0000000000000000     
 Atom=           2 Dimension=           1
   0.0000000000000000        0.0000000000000000     
 -2.00469561668179105E-003   0.0000000000000000     
 Atom=           2 Dimension=           2
   0.0000000000000000        0.0000000000000000     
  2.62304627418817138E-004   0.0000000000000000     
 Atom=           2 Dimension=           3
   0.0000000000000000        0.0000000000000000     
 -2.33049559328438009E-003   0.0000000000000000     
 Atom=           3 Dimension=           1
   0.0000000000000000        0.0000000000000000     
  4.52203780686107537E-004   0.0000000000000000     
 Atom=           3 Dimension=           2
   0.0000000000000000        0.0000000000000000     
 -5.91642531529417971E-005   0.0000000000000000     
 Atom=           3 Dimension=           3
   0.0000000000000000        0.0000000000000000     
  5.25719643324953543E-004   0.0000000000000000     
 Atom=           4 Dimension=           1
   0.0000000000000000        0.0000000000000000     
 -2.33701140359718817E-003   0.0000000000000000     
 Atom=           4 Dimension=           2
   0.0000000000000000        0.0000000000000000     
 -4.16812078252766938E-003   0.0000000000000000     
 Atom=           4 Dimension=           3
   0.0000000000000000        0.0000000000000000     
  7.61901938146111214E-003   0.0000000000000000     
 Atom=           5 Dimension=           1
   0.0000000000000000        0.0000000000000000     
  5.05886158001717708E-003   0.0000000000000000     
 Atom=           5 Dimension=           2
   0.0000000000000000        0.0000000000000000     
 -1.29444298501878033E-003   0.0000000000000000     
 Atom=           5 Dimension=           3
   0.0000000000000000        0.0000000000000000     
  6.54183714610748115E-003   0.0000000000000000     
 Atom=           6 Dimension=           1
   0.0000000000000000        0.0000000000000000     
 -2.74238369224193710E-003   0.0000000000000000     
 Atom=           6 Dimension=           2
   0.0000000000000000        0.0000000000000000     
  7.01769917516745071E-004   0.0000000000000000     
 Atom=           6 Dimension=           3
   0.0000000000000000        0.0000000000000000     
 -3.54611683737537887E-003   0.0000000000000000     
 Atom=           7 Dimension=           1
   0.0000000000000000       2.44995325659303582E-003
   0.0000000000000000        0.0000000000000000     
 Atom=           7 Dimension=           2
   0.0000000000000000       2.85021039196498753E-003
   0.0000000000000000        0.0000000000000000     
 Atom=           7 Dimension=           3
   0.0000000000000000       7.81522250199763783E-004
   0.0000000000000000        0.0000000000000000     
 Atom=           8 Dimension=           1
   0.0000000000000000       1.34079109330850765E-003
   0.0000000000000000        0.0000000000000000     
 Atom=           8 Dimension=           2
   0.0000000000000000       1.47829219830406498E-003
   0.0000000000000000        0.0000000000000000     
 Atom=           8 Dimension=           3
   0.0000000000000000       2.67064097741326594E-003
   0.0000000000000000        0.0000000000000000     
 Atom=           9 Dimension=           1
   0.0000000000000000      -4.94493395470318640E-004
   0.0000000000000000        0.0000000000000000     
 Atom=           9 Dimension=           2
   0.0000000000000000      -5.45239372078852092E-004
   0.0000000000000000        0.0000000000000000     
 Atom=           9 Dimension=           3
   0.0000000000000000      -9.84863956756522200E-004
   0.0000000000000000        0.0000000000000000     
 Atom=          10 Dimension=           1
   0.0000000000000000       2.00050077163257825E-003
   0.0000000000000000        0.0000000000000000     
 Atom=          10 Dimension=           2
   0.0000000000000000       2.27927289842294730E-003
   0.0000000000000000        0.0000000000000000     
 Atom=          10 Dimension=           3
   0.0000000000000000      -7.53420467201122972E-003
   0.0000000000000000        0.0000000000000000     
 Atom=          11 Dimension=           1
   0.0000000000000000      -2.72767304195411326E-003
   0.0000000000000000        0.0000000000000000     
 Atom=          11 Dimension=           2
   0.0000000000000000      -2.93002445038596879E-003
   0.0000000000000000        0.0000000000000000     
 Atom=          11 Dimension=           3
   0.0000000000000000      -6.03597080496830196E-003
   0.0000000000000000        0.0000000000000000     
 Atom=          12 Dimension=           1
   0.0000000000000000       1.49658400831463308E-003
   0.0000000000000000        0.0000000000000000     
 Atom=          12 Dimension=           2
   0.0000000000000000       1.60748783707803872E-003
   0.0000000000000000        0.0000000000000000     
 Atom=          12 Dimension=           3
   0.0000000000000000       3.31201258630232790E-003
   0.0000000000000000        0.0000000000000000     
 Atom=           1 Dimension=           1
   0.0000000000000000        0.0000000000000000     
 -2.49305338879020951E-003   0.0000000000000000     
 Atom=           1 Dimension=           2
   0.0000000000000000        0.0000000000000000     
 -1.82636169649720884E-004   0.0000000000000000     
 Atom=           1 Dimension=           3
   0.0000000000000000        0.0000000000000000     
 -1.01806242430469394E-003   0.0000000000000000     
 Atom=           2 Dimension=           1
   0.0000000000000000        0.0000000000000000     
 -2.00469561668179105E-003   0.0000000000000000     
 Atom=           2 Dimension=           2
   0.0000000000000000        0.0000000000000000     
  2.62304627418817138E-004   0.0000000000000000     
 Atom=           2 Dimension=           3
   0.0000000000000000        0.0000000000000000     
 -2.33049559328438009E-003   0.0000000000000000     
 Atom=           3 Dimension=           1
   0.0000000000000000        0.0000000000000000     
  4.52203780686107537E-004   0.0000000000000000     
 Atom=           3 Dimension=           2
   0.0000000000000000        0.0000000000000000     
 -5.91642531529417971E-005   0.0000000000000000     
 Atom=           3 Dimension=           3
   0.0000000000000000        0.0000000000000000     
  5.25719643324953543E-004   0.0000000000000000     
 Atom=           4 Dimension=           1
   0.0000000000000000        0.0000000000000000     
 -2.33701140359718817E-003   0.0000000000000000     
 Atom=           4 Dimension=           2
   0.0000000000000000        0.0000000000000000     
 -4.16812078252766938E-003   0.0000000000000000     
 Atom=           4 Dimension=           3
   0.0000000000000000        0.0000000000000000     
  7.61901938146111214E-003   0.0000000000000000     
 Atom=           5 Dimension=           1
   0.0000000000000000        0.0000000000000000     
  5.05886158001717708E-003   0.0000000000000000     
 Atom=           5 Dimension=           2
   0.0000000000000000        0.0000000000000000     
 -1.29444298501878033E-003   0.0000000000000000     
 Atom=           5 Dimension=           3
   0.0000000000000000        0.0000000000000000     
  6.54183714610748115E-003   0.0000000000000000     
 Atom=           6 Dimension=           1
   0.0000000000000000        0.0000000000000000     
 -2.74238369224193710E-003   0.0000000000000000     
 Atom=           6 Dimension=           2
   0.0000000000000000        0.0000000000000000     
  7.01769917516745071E-004   0.0000000000000000     
 Atom=           6 Dimension=           3
   0.0000000000000000        0.0000000000000000     
 -3.54611683737537887E-003   0.0000000000000000     
 Atom=           7 Dimension=           1
   0.0000000000000000       2.44995325659303582E-003
   0.0000000000000000        0.0000000000000000     
 Atom=           7 Dimension=           2
   0.0000000000000000       2.85021039196498753E-003
   0.0000000000000000        0.0000000000000000     
 Atom=           7 Dimension=           3
   0.0000000000000000       7.81522250199763783E-004
   0.0000000000000000        0.0000000000000000     
 Atom=           8 Dimension=           1
   0.0000000000000000       1.34079109330850765E-003
   0.0000000000000000        0.0000000000000000     
 Atom=           8 Dimension=           2
   0.0000000000000000       1.47829219830406498E-003
   0.0000000000000000        0.0000000000000000     
 Atom=           8 Dimension=           3
   0.0000000000000000       2.67064097741326594E-003
   0.0000000000000000        0.0000000000000000     
 Atom=           9 Dimension=           1
   0.0000000000000000      -4.94493395470318640E-004
   0.0000000000000000        0.0000000000000000     
 Atom=           9 Dimension=           2
   0.0000000000000000      -5.45239372078852092E-004
   0.0000000000000000        0.0000000000000000     
 Atom=           9 Dimension=           3
   0.0000000000000000      -9.84863956756522200E-004
   0.0000000000000000        0.0000000000000000     
 Atom=          10 Dimension=           1
   0.0000000000000000       2.00050077163257825E-003
   0.0000000000000000        0.0000000000000000     
 Atom=          10 Dimension=           2
   0.0000000000000000       2.27927289842294730E-003
   0.0000000000000000        0.0000000000000000     
 Atom=          10 Dimension=           3
   0.0000000000000000      -7.53420467201122972E-003
   0.0000000000000000        0.0000000000000000     
 Atom=          11 Dimension=           1
   0.0000000000000000      -2.72767304195411326E-003
   0.0000000000000000        0.0000000000000000     
 Atom=          11 Dimension=           2
   0.0000000000000000      -2.93002445038596879E-003
   0.0000000000000000        0.0000000000000000     
 Atom=          11 Dimension=           3
   0.0000000000000000      -6.03597080496830196E-003
   0.0000000000000000        0.0000000000000000     
 Atom=          12 Dimension=           1
   0.0000000000000000       1.49658400831463308E-003
   0.0000000000000000        0.0000000000000000     
 Atom=          12 Dimension=           2
   0.0000000000000000       1.60748783707803872E-003
   0.0000000000000000        0.0000000000000000     
 Atom=          12 Dimension=           3
   0.0000000000000000       3.31201258630232790E-003
   0.0000000000000000        0.0000000000000000     
 Atom=           1 Dimension=           1
   0.0000000000000000        0.0000000000000000     
 -2.49305092199623339E-003   0.0000000000000000     
 Atom=           1 Dimension=           2
   0.0000000000000000        0.0000000000000000     
 -1.82635988921618615E-004   0.0000000000000000     
 Atom=           1 Dimension=           3
   0.0000000000000000        0.0000000000000000     
 -1.01806141694845797E-003   0.0000000000000000     
 Atom=           2 Dimension=           1
   0.0000000000000000        0.0000000000000000     
 -2.00469363312322452E-003   0.0000000000000000     
 Atom=           2 Dimension=           2
   0.0000000000000000        0.0000000000000000     
  2.62304367905578332E-004   0.0000000000000000     
 Atom=           2 Dimension=           3
   0.0000000000000000        0.0000000000000000     
 -2.33049328736360676E-003   0.0000000000000000     
 Atom=           3 Dimension=           1
   0.0000000000000000        0.0000000000000000     
  4.52203333251097541E-004   0.0000000000000000     
 Atom=           3 Dimension=           2
   0.0000000000000000        0.0000000000000000     
 -5.91641945865867166E-005   0.0000000000000000     
 Atom=           3 Dimension=           3
   0.0000000000000000        0.0000000000000000     
  5.25719123188168988E-004   0.0000000000000000     
 Atom=           4 Dimension=           1
   0.0000000000000000        0.0000000000000000     
 -2.33700909121050977E-003   0.0000000000000000     
 Atom=           4 Dimension=           2
   0.0000000000000000        0.0000000000000000     
 -4.16811665837208897E-003   0.0000000000000000     
 Atom=           4 Dimension=           3
   0.0000000000000000        0.0000000000000000     
  7.61901184285064276E-003   0.0000000000000000     
 Atom=           5 Dimension=           1
   0.0000000000000000        0.0000000000000000     
  5.05885657456717815E-003   0.0000000000000000     
 Atom=           5 Dimension=           2
   0.0000000000000000        0.0000000000000000     
 -1.29444170420049231E-003   0.0000000000000000     
 Atom=           5 Dimension=           3
   0.0000000000000000        0.0000000000000000     
  6.54183067332629944E-003   0.0000000000000000     
 Atom=           6 Dimension=           1
   0.0000000000000000        0.0000000000000000     
 -2.74238097875456740E-003   0.0000000000000000     
 Atom=           6 Dimension=           2
   0.0000000000000000        0.0000000000000000     
  7.01769223183075085E-004   0.0000000000000000     
 Atom=           6 Dimension=           3
   0.0000000000000000        0.0000000000000000     
 -3.54611332866569887E-003   0.0000000000000000     
 Atom=           7 Dimension=           1
   0.0000000000000000       2.44995325659303582E-003
   0.0000000000000000        0.0000000000000000     
 Atom=           7 Dimension=           2
   0.0000000000000000       2.85021039197431818E-003
   0.0000000000000000        0.0000000000000000     
 Atom=           7 Dimension=           3
   0.0000000000000000       7.81522250199763783E-004
   0.0000000000000000        0.0000000000000000     
 Atom=           8 Dimension=           1
   0.0000000000000000       1.34079109330850765E-003
   0.0000000000000000        0.0000000000000000     
 Atom=           8 Dimension=           2
   0.0000000000000000       1.47829219830406498E-003
   0.0000000000000000        0.0000000000000000     
 Atom=           8 Dimension=           3
   0.0000000000000000       2.67064097741326594E-003
   0.0000000000000000        0.0000000000000000     
 Atom=           9 Dimension=           1
   0.0000000000000000      -4.94493395451658002E-004
   0.0000000000000000        0.0000000000000000     
 Atom=           9 Dimension=           2
   0.0000000000000000      -5.45239372078852092E-004
   0.0000000000000000        0.0000000000000000     
 Atom=           9 Dimension=           3
   0.0000000000000000      -9.84863956765852627E-004
   0.0000000000000000        0.0000000000000000     
 Atom=          10 Dimension=           1
   0.0000000000000000       2.00050077163257825E-003
   0.0000000000000000        0.0000000000000000     
 Atom=          10 Dimension=           2
   0.0000000000000000       2.27927289844160772E-003
   0.0000000000000000        0.0000000000000000     
 Atom=          10 Dimension=           3
   0.0000000000000000      -7.53420467201122972E-003
   0.0000000000000000        0.0000000000000000     
 Atom=          11 Dimension=           1
   0.0000000000000000      -2.72767304195411326E-003
   0.0000000000000000        0.0000000000000000     
 Atom=          11 Dimension=           2
   0.0000000000000000      -2.93002445037663858E-003
   0.0000000000000000        0.0000000000000000     
 Atom=          11 Dimension=           3
   0.0000000000000000      -6.03597080495897175E-003
   0.0000000000000000        0.0000000000000000     
 Atom=          12 Dimension=           1
   0.0000000000000000       1.49658400831463308E-003
   0.0000000000000000        0.0000000000000000     
 Atom=          12 Dimension=           2
   0.0000000000000000       1.60748783708736893E-003
   0.0000000000000000        0.0000000000000000     
 Atom=          12 Dimension=           3
   0.0000000000000000       3.31201258631165811E-003
   0.0000000000000000        0.0000000000000000     
 Atom=           1 Dimension=           1
   0.0000000000000000        0.0000000000000000     
 -2.49295611869562164E-003   0.0000000000000000     
 Atom=           1 Dimension=           2
   0.0000000000000000        0.0000000000000000     
 -1.82659961016200890E-004   0.0000000000000000     
 Atom=           1 Dimension=           3
   0.0000000000000000        0.0000000000000000     
 -1.01795235958416553E-003   0.0000000000000000     
 Atom=           2 Dimension=           1
   0.0000000000000000        0.0000000000000000     
 -2.00467374847878264E-003   0.0000000000000000     
 Atom=           2 Dimension=           2
   0.0000000000000000        0.0000000000000000     
  2.62286401320928775E-004   0.0000000000000000     
 Atom=           2 Dimension=           3
   0.0000000000000000        0.0000000000000000     
 -2.33048776196342943E-003   0.0000000000000000     
 Atom=           3 Dimension=           1
   0.0000000000000000        0.0000000000000000     
  4.52189234863637141E-004   0.0000000000000000     
 Atom=           3 Dimension=           2
   0.0000000000000000        0.0000000000000000     
 -5.91588843993367492E-005   0.0000000000000000     
 Atom=           3 Dimension=           3
   0.0000000000000000        0.0000000000000000     
  5.25706699973873810E-004   0.0000000000000000     
 Atom=           4 Dimension=           1
   0.0000000000000000        0.0000000000000000     
 -2.33701867193657122E-003   0.0000000000000000     
 Atom=           4 Dimension=           2
   0.0000000000000000        0.0000000000000000     
 -4.16815383599012865E-003   0.0000000000000000     
 Atom=           4 Dimension=           3
   0.0000000000000000        0.0000000000000000     
  7.61900462949477528E-003   0.0000000000000000     
 Atom=           5 Dimension=           1
   0.0000000000000000        0.0000000000000000     
  5.05888626160718325E-003   0.0000000000000000     
 Atom=           5 Dimension=           2
   0.0000000000000000        0.0000000000000000     
 -1.29441645478648804E-003   0.0000000000000000     
 Atom=           5 Dimension=           3
   0.0000000000000000        0.0000000000000000     
  6.54180493414566883E-003   0.0000000000000000     
 Atom=           6 Dimension=           1
   0.0000000000000000        0.0000000000000000     
 -2.74247532441281071E-003   0.0000000000000000     
 Atom=           6 Dimension=           2
   0.0000000000000000        0.0000000000000000     
  7.01775559564456588E-004   0.0000000000000000     
 Atom=           6 Dimension=           3
   0.0000000000000000        0.0000000000000000     
 -3.54620055963610157E-003   0.0000000000000000     
 Atom=           7 Dimension=           1
   0.0000000000000000       2.44986413969642885E-003
   0.0000000000000000        0.0000000000000000     
 Atom=           7 Dimension=           2
   0.0000000000000000       2.85014396648462917E-003
   0.0000000000000000        0.0000000000000000     
 Atom=           7 Dimension=           3
   0.0000000000000000       7.81448736529645124E-004
   0.0000000000000000        0.0000000000000000     
 Atom=           8 Dimension=           1
   0.0000000000000000       1.34079357455513378E-003
   0.0000000000000000        0.0000000000000000     
 Atom=           8 Dimension=           2
   0.0000000000000000       1.47825692502093209E-003
   0.0000000000000000        0.0000000000000000     
 Atom=           8 Dimension=           3
   0.0000000000000000       2.67071948640066736E-003
   0.0000000000000000        0.0000000000000000     
 Atom=           9 Dimension=           1
   0.0000000000000000      -4.94506223293501444E-004
   0.0000000000000000        0.0000000000000000     
 Atom=           9 Dimension=           2
   0.0000000000000000      -5.45239497160986304E-004
   0.0000000000000000        0.0000000000000000     
 Atom=           9 Dimension=           3
   0.0000000000000000      -9.84916636021966390E-004
   0.0000000000000000        0.0000000000000000     
 Atom=          10 Dimension=           1
   0.0000000000000000       2.00055048324368186E-003
   0.0000000000000000        0.0000000000000000     
 Atom=          10 Dimension=           2
   0.0000000000000000       2.27935813765210108E-003
   0.0000000000000000        0.0000000000000000     
 Atom=          10 Dimension=           3
   0.0000000000000000      -7.53420554630791599E-003
   0.0000000000000000        0.0000000000000000     
 Atom=          11 Dimension=           1
   0.0000000000000000      -2.72769934016025943E-003
   0.0000000000000000        0.0000000000000000     
 Atom=          11 Dimension=           2
   0.0000000000000000      -2.92997895650412305E-003
   0.0000000000000000        0.0000000000000000     
 Atom=          11 Dimension=           3
   0.0000000000000000      -6.03595940823737839E-003
   0.0000000000000000        0.0000000000000000     
 Atom=          12 Dimension=           1
   0.0000000000000000       1.49662968826151850E-003
   0.0000000000000000        0.0000000000000000     
 Atom=          12 Dimension=           2
   0.0000000000000000       1.60749644308528822E-003
   0.0000000000000000        0.0000000000000000     
 Atom=          12 Dimension=           3
   0.0000000000000000       3.31207549118619181E-003
   0.0000000000000000        0.0000000000000000     
 Atom=           1 Dimension=           1
   0.0000000000000000        0.0000000000000000     
 -2.49295611869562164E-003   0.0000000000000000     
 Atom=           1 Dimension=           2
   0.0000000000000000        0.0000000000000000     
 -1.82659961016200890E-004   0.0000000000000000     
 Atom=           1 Dimension=           3
   0.0000000000000000        0.0000000000000000     
 -1.01795235958416553E-003   0.0000000000000000     
 Atom=           2 Dimension=           1
   0.0000000000000000        0.0000000000000000     
 -2.00467374847878264E-003   0.0000000000000000     
 Atom=           2 Dimension=           2
   0.0000000000000000        0.0000000000000000     
  2.62286401320928775E-004   0.0000000000000000     
 Atom=           2 Dimension=           3
   0.0000000000000000        0.0000000000000000     
 -2.33048776196342943E-003   0.0000000000000000     
 Atom=           3 Dimension=           1
   0.0000000000000000        0.0000000000000000     
  4.52189234863637141E-004   0.0000000000000000     
 Atom=           3 Dimension=           2
   0.0000000000000000        0.0000000000000000     
 -5.91588843993367492E-005   0.0000000000000000     
 Atom=           3 Dimension=           3
   0.0000000000000000        0.0000000000000000     
  5.25706699973873810E-004   0.0000000000000000     
 Atom=           4 Dimension=           1
   0.0000000000000000        0.0000000000000000     
 -2.33701867193657122E-003   0.0000000000000000     
 Atom=           4 Dimension=           2
   0.0000000000000000        0.0000000000000000     
 -4.16815383599012865E-003   0.0000000000000000     
 Atom=           4 Dimension=           3
   0.0000000000000000        0.0000000000000000     
  7.61900462949477528E-003   0.0000000000000000     
 Atom=           5 Dimension=           1
   0.0000000000000000        0.0000000000000000     
  5.05888626160718325E-003   0.0000000000000000     
 Atom=           5 Dimension=           2
   0.0000000000000000        0.0000000000000000     
 -1.29441645478648804E-003   0.0000000000000000     
 Atom=           5 Dimension=           3
   0.0000000000000000        0.0000000000000000     
  6.54180493414566883E-003   0.0000000000000000     
 Atom=           6 Dimension=           1
   0.0000000000000000        0.0000000000000000     
 -2.74247532441281071E-003   0.0000000000000000     
 Atom=           6 Dimension=           2
   0.0000000000000000        0.0000000000000000     
  7.01775559564456588E-004   0.0000000000000000     
 Atom=           6 Dimension=           3
   0.0000000000000000        0.0000000000000000     
 -3.54620055963610157E-003   0.0000000000000000     
 Atom=           7 Dimension=           1
   0.0000000000000000       2.44986413969642885E-003
   0.0000000000000000        0.0000000000000000     
 Atom=           7 Dimension=           2
   0.0000000000000000       2.85014396648462917E-003
   0.0000000000000000        0.0000000000000000     
 Atom=           7 Dimension=           3
   0.0000000000000000       7.81448736529645124E-004
   0.0000000000000000        0.0000000000000000     
 Atom=           8 Dimension=           1
   0.0000000000000000       1.34079357455513378E-003
   0.0000000000000000        0.0000000000000000     
 Atom=           8 Dimension=           2
   0.0000000000000000       1.47825692502093209E-003
   0.0000000000000000        0.0000000000000000     
 Atom=           8 Dimension=           3
   0.0000000000000000       2.67071948640066736E-003
   0.0000000000000000        0.0000000000000000     
 Atom=           9 Dimension=           1
   0.0000000000000000      -4.94506223293501444E-004
   0.0000000000000000        0.0000000000000000     
 Atom=           9 Dimension=           2
   0.0000000000000000      -5.45239497160986304E-004
   0.0000000000000000        0.0000000000000000     
 Atom=           9 Dimension=           3
   0.0000000000000000      -9.84916636021966390E-004
   0.0000000000000000        0.0000000000000000     
 Atom=          10 Dimension=           1
   0.0000000000000000       2.00055048324368186E-003
   0.0000000000000000        0.0000000000000000     
 Atom=          10 Dimension=           2
   0.0000000000000000       2.27935813765210108E-003
   0.0000000000000000        0.0000000000000000     
 Atom=          10 Dimension=           3
   0.0000000000000000      -7.53420554630791599E-003
   0.0000000000000000        0.0000000000000000     
 Atom=          11 Dimension=           1
   0.0000000000000000      -2.72769934016025943E-003
   0.0000000000000000        0.0000000000000000     
 Atom=          11 Dimension=           2
   0.0000000000000000      -2.92997895650412305E-003
   0.0000000000000000        0.0000000000000000     
 Atom=          11 Dimension=           3
   0.0000000000000000      -6.03595940823737839E-003
   0.0000000000000000        0.0000000000000000     
 Atom=          12 Dimension=           1
   0.0000000000000000       1.49662968826151850E-003
   0.0000000000000000        0.0000000000000000     
 Atom=          12 Dimension=           2
   0.0000000000000000       1.60749644308528822E-003
   0.0000000000000000        0.0000000000000000     
 Atom=          12 Dimension=           3
   0.0000000000000000       3.31207549118619181E-003
   0.0000000000000000        0.0000000000000000     
