CN  0.095, 0.181, -0.217
H  1.1279200612, 0.4323243335, 0.0856756953
H  -0.096616099, -0.7343448055, -0.7065099912
CN  -0.8801786358, 1.1493781993, -0.1040235345
H  -1.9330390454, 0.9761085678, -0.4665174436
H  -0.5943998985, 2.1106507261, 0.2177369077
CP  3.622, 0.965, -0.383
H  3.1187905496, 1.7611318405, -0.8395631033
H  4.0643438919, 0.24502902, -1.0594480418
CP  3.7970700197, 0.9037123571, 0.9382459359
H  4.3196598983, 0.0505978877, 1.3877988949
H  3.4246469673, 1.6907382818, 1.5836530641
CN  7.149, 1.749, -0.549
H  7.2773960246, 1.3979173864, 0.4915422893
H  7.109963277, 1.0508517539, -1.3669342045
CN  7.0788362922, 3.0552174023, -0.7697672574
H  6.9251798071, 3.4592409356, -1.7767931952
H  7.1219717872, 3.7864004685, 0.0216035612
CN  10.676, 2.533, -0.715
H  11.2592245254, 2.0971251707, 0.0496071311
H  9.9650202935, 3.2877348991, -0.4270208761
CN  10.6523422672, 2.230163885, -1.9835964512
H  10.0136791973, 2.8424992109, -2.5885588588
H  11.2917017192, 1.4278052993, -2.4466966463
CN  14.203, 3.317, -0.881
H  15.0631479191, 3.1041363217, -1.5552376357
H  13.6172936451, 2.4962234551, -0.5435876693
CN  13.8391323031, 4.5143331153, -0.5660404646
H  12.9355240251, 4.6883089011, -0.0028435825
H  14.4719913324, 5.329682952, -0.8863365326
CN  17.73, 4.101, -1.047
H  17.8257714612, 5.0488276263, -1.4673592953
H  17.1784653894, 3.9480821553, -0.1713928271
CN  18.2231509045, 3.015147702, -1.5639553061
H  17.9202165597, 2.0757965184, -1.0962561109
H  18.8602093652, 2.9847948573, -2.4810331502
CN  21.257, 4.885, -1.213
H  21.5650697102, 5.6217008423, -1.9396263573
H  21.1257891833, 3.8458450635, -1.5346977932
CN  21.208127212, 5.1203711971, 0.1265807829
H  20.9108566056, 4.358350629, 0.8386316069
H  21.552115244, 6.0882535322, 0.5465689505
CN  24.784, 5.669, -1.379
H  24.7714888907, 5.0020294147, -0.4677702487
H  25.1528528733, 5.3374741822, -2.319904016
CN  24.3323794811, 6.8937585323, -1.1840209622
H  24.241345026, 7.6839346923, -1.9583178331
H  23.9771234209, 7.2861957518, -0.247108336
CN  28.311, 6.453, -1.545
H  28.454560863, 5.5401085966, -2.1264102087
H  28.0820592642, 7.384247747, -2.1325470937
CN  28.326272103, 6.4630308025, -0.2116424671
H  28.0534427647, 7.3002089771, 0.3716293311
H  28.5712403149, 5.5174700193, 0.3212164465
CN  31.838, 7.237, -1.711
H  32.0473859026, 6.5593443379, -0.8785852792
H  30.8214127057, 7.3520533054, -2.1864441029
CN  32.8552265851, 7.9908694971, -2.1144007098
H  32.7079068789, 8.7252008373, -2.9345039653
H  33.9064308105, 7.907610458, -1.6901035688
