CN  0.095, 0.181, -0.217
H  0.516366817, 1.2222030449, -0.2551247289
H  0.7544288116, -0.6067256093, 0.1946268839
CN  -1.1226177087, -0.2010335629, -0.7179109579
H  -1.4495920766, -1.2530846381, -0.6342786709
H  -1.7640359985, 0.5595741361, -1.0935658227
CP  3.622, 0.965, -0.383
H  3.7497079169, 1.7646114674, 0.3151910293
H  3.4901419636, 1.2099866696, -1.4298772305
CP  3.8364225806, -0.3174311261, -0.0321104803
H  3.7188228834, -1.0162580982, -0.8989311091
H  4.0072054644, -0.6422382019, 0.9941665599
CN  7.149, 1.749, -0.549
H  7.8564277099, 2.4904048621, -0.2442840808
H  6.468021725, 1.385664798, 0.2424770951
CN  7.2401242552, 1.2106396241, -1.793870032
H  6.5907575928, 0.3561150061, -2.0336406877
H  7.9911267868, 1.5797506014, -2.4687224199
CN  10.676, 2.533, -0.715
H  9.8343180287, 3.1870593419, -1.035319061
H  11.1531070851, 2.6348874647, 0.2550159285
CN  11.0265823345, 1.6426053144, -1.6198267666
H  11.7831937523, 0.9414018031, -1.5212406887
H  10.4424268035, 1.6546292861, -2.5298782584
CN  14.203, 3.317, -0.881
H  14.3654110431, 2.4251373624, -0.3241012043
H  14.322264253, 3.2824153956, -1.9254280368
CN  13.8829243122, 4.4465155405, -0.3588551865
H  13.8157331648, 5.3033428502, -0.9831497588
H  13.7445109312, 4.4797502849, 0.720018699
CN  17.73, 4.101, -1.047
H  17.9280190754, 4.9035161028, -0.3475846431
H  17.2679289141, 4.3389126075, -2.0164405497
CN  17.744423819, 2.8401240307, -0.6068434125
H  17.5186928241, 2.0799292439, -1.3200539904
H  18.1355928732, 2.5497910178, 0.3284760705
CN  21.257, 4.885, -1.213
H  20.8959958261, 3.8736584507, -1.2711681852
H  21.6858807816, 5.2493929725, -0.266891425
CN  21.0738255905, 5.7029525943, -2.2620257045
H  21.4708645782, 6.6732518748, -2.1946615179
H  20.6469604487, 5.3672577747, -3.2021084991
CN  24.784, 5.669, -1.379
H  24.2133124873, 5.6279029077, -2.3180816214
H  25.2914068717, 4.7736286705, -1.0748481795
CN  24.7144507507, 6.7543244002, -0.6126617231
H  25.1180960189, 6.7337056288, 0.3442629729
H  24.2048978914, 7.6299612324, -1.004465889
CN  28.311, 6.453, -1.545
H  28.6998071104, 5.5366687371, -1.059525037
H  27.9334491193, 6.4011704665, -2.5779812953
CN  28.3003476042, 7.6020722294, -0.9398872274
H  28.0604855349, 8.6021650789, -1.377467359
H  28.7130489308, 7.6641541024, 0.0608720661
CN  31.838, 7.237, -1.711
H  31.0812222204, 6.547365272, -2.0392722154
H  32.3731461345, 6.9225973126, -0.8828027712
CN  32.0439208887, 8.4171038223, -2.2877628026
H  32.7527813578, 9.1047897096, -1.9134031925
H  31.424199548, 8.6670099609, -3.140636017
