CN  0.095, 0.181, -0.217
H  0.9423845202, 0.520300875, -0.7949105984
H  0.2503934774, -0.6031223265, 0.5377455156
CN  -1.2306085367, 0.5352835035, -0.4886608952
H  -2.0270041173, 0.0672468613, 0.1438247154
H  -1.4382726645, 1.2338314701, -1.3202666733
CP  3.622, 0.965, -0.383
H  4.1934345722, 1.3324448829, 0.4883665148
H  2.9350303561, 0.094506819, -0.2332815439
CP  3.5449057316, 1.6833704386, -1.4679098345
H  2.9478265946, 1.4160426952, -2.3539740982
H  4.1202799425, 2.6121525725, -1.4714628883
CN  7.149, 1.749, -0.549
H  7.2784028857, 0.6741450172, -0.8048375086
H  6.9088609438, 2.4413342228, -1.3690717187
CN  7.2303180352, 2.2381954899, 0.6955453171
H  7.1328070385, 3.3181247079, 0.8183121832
H  7.4636959768, 1.5666318348, 1.5060477844
CN  10.676, 2.533, -0.715
H  10.598773823, 2.2548457314, 0.3418439101
H  10.3636333073, 3.5119534712, -1.0076394352
CN  11.2011292206, 1.7326757171, -1.677326428
H  11.2734635541, 2.0519627931, -2.7518027118
H  11.4491176663, 0.7496544376, -1.3858723174
CN  14.203, 3.317, -0.881
H  14.1575618627, 2.5517660788, -1.6046962619
H  14.1548158993, 4.3356824587, -1.2118542069
CN  14.530488431, 3.0205806533, 0.3477604772
H  14.5879507945, 3.8398976742, 1.1108462513
H  14.5899230627, 2.0424691365, 0.7114826164
CN  17.73, 4.101, -1.047
H  18.0767619524, 3.2010663339, -0.5810861093
H  17.5647259179, 5.027297544, -0.5010384372
CN  17.4545823428, 4.0859872787, -2.3163449671
H  16.9904291496, 5.0024087437, -2.7749222001
H  17.69196847, 3.2832749858, -2.9929277611
CN  21.257, 4.885, -1.213
H  20.9794861453, 5.290414184, -0.212319793
H  21.3496945292, 3.8459387961, -1.3669966666
CN  21.3633242906, 5.6746741817, -2.2616068278
H  21.5816819252, 5.2334500169, -3.2263636845
H  21.2661978012, 6.7376045945, -2.2122059441
CN  24.784, 5.669, -1.379
H  25.4579410366, 4.8438286945, -1.40481743
H  24.1837678485, 5.9601058124, -2.2212858507
CN  24.7012568199, 6.3225456964, -0.2091867529
H  23.9775375503, 7.1101071085, -0.1038323131
H  25.3889631447, 6.0119719949, 0.5950232013
CN  28.311, 6.453, -1.545
H  28.2908369643, 5.6154796114, -2.2347776529
H  27.8793865507, 7.439946786, -1.8983626197
CN  28.6530216548, 6.2567431791, -0.2899126181
H  28.520785169, 7.0982868198, 0.4035862409
H  29.1224691266, 5.3320281945, -0.0008890582
CN  31.838, 7.237, -1.711
H  31.366531656, 6.990853681, -0.7624398594
H  32.6952091083, 6.6703400635, -2.0403013759
CN  31.5267243195, 8.4219154825, -2.2702643864
H  32.1741118282, 8.7323372671, -3.114280284
H  30.7109894376, 9.088047872, -1.9747324072
