CN  0.095, 0.181, -0.217
H  0.7841242774, -0.5101347985, -0.7945896403
H  -0.2514178654, -0.035473963, 0.8087082611
CN  -0.3649557878, 1.372127892, -0.8361798377
H  -0.9736393374, 2.0480456614, -0.241217239
H  -0.0749657243, 1.5874273885, -1.9316871971
CP  3.622, 0.965, -0.383
H  3.5545798553, 2.0057919887, -0.7313289642
H  3.3387547956, 0.1242399639, -1.0192465504
CP  3.863358161, 0.778328381, 0.8991725135
H  3.8424650077, -0.1963529709, 1.2955087393
H  4.2403433474, 1.6287458709, 1.4358054695
CN  7.149, 1.749, -0.549
H  7.4427200288, 0.8154871875, -0.1174321805
H  6.85022829, 2.5620871932, 0.0848149102
CN  7.1025079558, 1.7655902058, -1.883571528
H  6.7779663263, 2.7124409746, -2.2856527222
H  7.3424382515, 0.8665793901, -2.4856507125
CN  10.676, 2.533, -0.715
H  11.2445331326, 3.4442992756, -0.6520884071
H  9.8427761415, 2.3723886579, -0.0420401708
CN  11.0907318043, 1.5821447152, -1.5596162125
H  10.5189472341, 0.613370671, -1.6135371702
H  12.0475724191, 1.713173428, -2.0638553683
CN  14.203, 3.317, -0.881
H  15.0111752741, 2.5388227665, -0.992018184
H  13.6371765762, 3.3582939468, -0.0091976392
CN  13.907469042, 4.2570128499, -1.7670392445
H  13.1432685024, 5.0050495384, -1.5548649726
H  14.5933015377, 4.3432086567, -2.5440321055
CN  17.73, 4.101, -1.047
H  18.2298284057, 3.2672823369, -1.4969253108
H  17.255423006, 4.033888016, -0.0570196783
CN  17.6096694332, 5.2797796098, -1.7219682191
H  17.0529430537, 6.1349276416, -1.3417393875
H  18.0115737889, 5.286119321, -2.7804844312
CN  21.257, 4.885, -1.213
H  21.6448068047, 4.1659919364, -1.9544838973
H  20.8987009044, 4.5490815615, -0.2286311348
CN  21.2442572996, 6.1996135701, -1.4691614561
H  20.8189213475, 6.8798473919, -0.7651595693
H  21.5257161319, 6.6039376738, -2.4530793524
CN  24.784, 5.669, -1.379
H  24.1478005661, 6.5303109381, -1.128632114
H  25.0974607511, 5.5875037107, -2.3928636055
CN  25.1920244641, 4.8145228387, -0.4401133194
H  25.7630796947, 3.931011859, -0.6479522321
H  24.8863027169, 4.9735770373, 0.5813859209
CN  28.311, 6.453, -1.545
H  28.0620024642, 6.2316738806, -2.5922716217
H  28.8414494715, 5.7443983782, -0.967248798
CN  27.9885102134, 7.6319480038, -1.0380980961
H  28.3206472008, 7.9632650897, -0.0489500668
H  27.3716394763, 8.3122995384, -1.6741052329
CN  31.838, 7.237, -1.711
H  32.4268305896, 7.7454704589, -2.4711547746
H  30.9389350494, 6.7417077813, -1.9579621895
CN  32.1323663225, 7.4320541496, -0.450088661
H  31.5576520048, 6.9701620319, 0.3303517867
H  32.9867284314, 8.0580131963, -0.2429688916
