CN  0.095, 0.181, -0.217
H  0.6517735808, 0.3059810081, -1.1246620414
H  0.5249615513, -0.3512440667, 0.5749624798
CN  -1.2274569092, 0.647739216, -0.1983599573
H  -1.8773206191, 0.4409628351, 0.5922712126
H  -1.5056867573, 1.2415416343, -1.0748045409
CP  3.622, 0.965, -0.383
H  3.7049654805, 1.47594904, 0.6264481879
H  3.186514085, 1.4882384009, -1.1975778198
CP  3.9830845025, -0.3043316353, -0.4934471338
H  3.7584346649, -0.8674307819, -1.3438351849
H  4.4367721748, -0.7680298104, 0.3861965473
CN  7.149, 1.749, -0.549
H  7.9910697288, 1.2204975689, -0.9566657508
H  6.486458688, 2.2688188299, -1.2429428587
CN  7.0586304788, 1.7985267818, 0.740548348
H  6.2365705475, 2.3679217564, 1.1189520547
H  7.7006012623, 1.2415909294, 1.4129649764
CN  10.676, 2.533, -0.715
H  11.5037573791, 1.8104937272, -0.7118320701
H  10.0740967305, 2.7105398581, 0.1547631969
CN  10.5111169196, 3.2291723329, -1.8358752704
H  9.6646688947, 3.9381887963, -1.7874104504
H  11.0935120744, 3.0876588176, -2.7781709262
CN  14.203, 3.317, -0.881
H  14.0941388135, 2.2788689405, -0.5734047368
H  14.6025459707, 3.5919430011, -1.8168442
CN  13.9075495526, 4.2470920028, 0.0214513979
H  13.9696678317, 5.3037996635, -0.2752179461
H  13.4265680365, 3.9664242432, 0.9745352417
CN  17.73, 4.101, -1.047
H  17.0840633392, 4.8222464955, -0.567998133
H  18.3306845357, 4.4360855711, -1.8028433506
CN  17.7384573333, 2.8197187521, -0.6806123009
H  18.4084427797, 2.1600638365, -1.1604155042
H  17.0773127776, 2.4876857959, 0.1001711735
CN  21.257, 4.885, -1.213
H  21.0393936653, 4.324795127, -0.2580751481
H  22.0812377267, 4.5917997317, -1.9317680495
CN  20.5878614111, 6.0186896834, -1.4681184751
H  20.8019199823, 6.5470048728, -2.3823343535
H  19.885366851, 6.3745405955, -0.7390115669
CN  24.784, 5.669, -1.379
H  24.7378051366, 5.357749884, -0.3444909025
H  24.773647688, 4.8641595225, -2.1250515272
CN  24.6597879857, 6.9292919007, -1.731131521
H  24.649391089, 7.2145423398, -2.7617712981
H  24.6538348115, 7.6859636938, -0.9727359352
CN  28.311, 6.453, -1.545
H  28.9069704356, 5.6229311394, -1.8732080565
H  27.8277372247, 6.9808513784, -2.3695838525
CN  28.2374841835, 6.8459578179, -0.2792461732
H  27.5288054252, 7.6325897532, -0.0086090514
H  28.7374645842, 6.3404895164, 0.5031329754
CN  31.838, 7.237, -1.711
H  30.7401247853, 7.108410185, -1.7464714076
H  32.4622977567, 6.4650241753, -1.2446586693
CN  32.4035721245, 8.3695527718, -2.1197627204
H  33.4000150157, 8.6237610884, -1.8687419132
H  31.7213228578, 9.1595678657, -2.5973989402
