CN  0.095, 0.181, -0.217
H  -0.6130097605, 0.4123343187, -1.0227560127
H  1.1520865614, -0.1776928766, -0.369868506
CN  -0.4716640308, 0.1250330321, 1.081376795
H  0.0996113617, -0.2983717274, 1.9398533354
H  -1.4367598497, 0.3858133093, 1.1868339476
CP  3.622, 0.965, -0.383
H  3.6616813765, 2.0115919792, -0.6847006277
H  3.8650437364, 0.2656505876, -1.180266785
CP  3.5565408475, 0.4570847014, 0.8368161014
H  3.7306429875, -0.608246119, 0.9067593339
H  3.5908491848, 1.1038390173, 1.7350563422
CN  7.149, 1.749, -0.549
H  7.8945717053, 1.2913079178, 0.0868508994
H  6.2994095305, 2.2668826595, -0.1363643719
CN  7.2104076592, 1.5788527255, -1.8717740838
H  6.4459738507, 1.9941378483, -2.4876685489
H  8.0200729803, 0.9796793196, -2.2894375483
CN  10.676, 2.533, -0.715
H  10.1896613878, 3.2705894689, -1.3673769623
H  10.8871489144, 2.7280508388, 0.295219877
CN  10.9032779363, 1.2854640778, -1.0422741367
H  11.2191635443, 0.607053833, -0.2941570383
H  10.6406355189, 0.8615551281, -2.0116251043
CN  14.203, 3.317, -0.881
H  15.2053008507, 3.0459603322, -0.5960420219
H  13.4910347921, 2.4688279137, -0.9124115436
CN  13.8429940675, 4.5898977346, -1.0678153709
H  12.7770711474, 4.8127767392, -1.1645697963
H  14.5242297749, 5.4477220099, -1.0400030222
CN  17.73, 4.101, -1.047
H  17.8116735112, 4.2395384964, 0.0473502724
H  17.5271646589, 4.956747917, -1.6903401889
CN  17.7544069331, 2.8697211798, -1.4957137005
H  17.6096176321, 2.6664273547, -2.5422312628
H  17.9235066538, 1.9532202354, -0.8019902696
CN  21.257, 4.885, -1.213
H  21.4830265597, 4.0477951536, -1.8444225912
H  20.9278054824, 5.8421204208, -1.66384957
CN  21.1962871985, 4.7463053791, 0.0984164195
H  20.8622379547, 5.6095277657, 0.6991515839
H  21.2858828215, 3.7899463108, 0.5987564484
CN  24.784, 5.669, -1.379
H  25.091615275, 6.4578855245, -1.9720066475
H  24.2317255332, 5.8252117572, -0.4756471843
CN  24.9983523969, 4.4360583373, -1.8421420602
H  24.6450179675, 3.6019399855, -1.2040313344
H  25.485541365, 4.2243959683, -2.8096194497
CN  28.311, 6.453, -1.545
H  27.9785905914, 6.295992364, -2.5863267183
H  29.1122477775, 5.8508363151, -1.0993825471
CN  27.9267101686, 7.5514160373, -0.9319611053
H  28.2433954515, 7.7095826293, 0.1358699097
H  27.1836575003, 8.1917138809, -1.3763747373
CN  31.838, 7.237, -1.711
H  31.0423854023, 7.8787382838, -2.0286382101
H  31.8200989642, 6.9252150548, -0.6430767996
CN  32.8393088486, 7.058360291, -2.5144173855
H  33.7128614396, 6.4740420815, -2.1300307457
H  32.7992046369, 7.4818797967, -3.5101371095
