CN  0.095, 0.181, -0.217
H  0.6966117163, 0.755086905, 0.4616228689
H  -0.50369218, 0.6107052049, -1.0296099676
CN  0.1765688128, -1.2171537968, -0.2548912045
H  -0.381213658, -1.7740284941, -0.9925912478
H  0.6582438419, -1.7325829208, 0.5469082265
CP  3.622, 0.965, -0.383
H  4.3142602591, 0.1373019364, -0.535386825
H  2.9440336813, 1.1650819242, -1.250684724
CP  3.4742574657, 1.4999157465, 0.8283674868
H  2.6710361486, 2.2517529278, 0.9222839754
H  4.1556608943, 1.2148919746, 1.6314887535
CN  7.149, 1.749, -0.549
H  7.0025052201, 0.7012431094, -0.3967231307
H  7.4647675796, 2.0079444383, -1.5477441665
CN  7.1072388006, 2.5689930123, 0.4897107714
H  7.3170003745, 3.5893644573, 0.3178850838
H  6.8850999904, 2.1629073828, 1.4514353491
CN  10.676, 2.533, -0.715
H  10.3237246004, 2.0375578053, -1.6276128047
H  10.9990683197, 3.5860119393, -0.7322312644
CN  10.773887552, 1.7560970509, 0.3451474087
H  11.1139203605, 2.202687654, 1.3029221786
H  10.5429608812, 0.6799415037, 0.3003064663
CN  14.203, 3.317, -0.881
H  14.9276885528, 2.6731680752, -0.3285924867
H  13.7630042869, 2.8969633733, -1.8383421852
CN  13.9534246558, 4.5656856124, -0.5378969907
H  13.3408399978, 5.1896964919, -1.1156294276
H  14.4687409347, 5.1189872749, 0.2934684143
CN  17.73, 4.101, -1.047
H  16.9149649828, 4.0229726055, -1.7769527463
H  18.3197448061, 5.0260116842, -0.9289465578
CN  17.9729461578, 2.9955690805, -0.3150895434
H  18.7965929823, 2.9489003076, 0.3906467796
H  17.3685900528, 2.1465665834, -0.443203823
CN  21.257, 4.885, -1.213
H  20.4416628518, 4.737759381, -0.5101336527
H  22.3067065074, 4.8722022547, -0.8404419912
CN  21.006427685, 4.9991318136, -2.5135566884
H  21.809373187, 5.1950325464, -3.2067779079
H  20.0021101709, 4.9094193487, -2.8692466249
CN  24.784, 5.669, -1.379
H  25.5510367438, 5.4005975276, -2.156754235
H  23.9742894338, 6.3479253021, -1.5329863676
CN  24.9920421709, 5.0592088366, -0.2171330494
H  24.2612996424, 5.2031494481, 0.5754341504
H  25.8389362786, 4.3867541349, -0.1515308829
CN  28.311, 6.453, -1.545
H  28.3110665431, 7.4524461309, -1.1350192043
H  28.1463547945, 6.2239240682, -2.5983028904
CN  28.8396453881, 5.5323820412, -0.7355732094
H  29.0600303604, 4.4942439117, -1.0078054236
H  29.0263429023, 5.797375938, 0.2643898737
CN  31.838, 7.237, -1.711
H  31.3779579331, 6.9387613664, -2.6812676642
H  31.3976141452, 6.9611281746, -0.7459998082
CN  32.8540142085, 8.0664701617, -1.7698977629
H  33.3346446638, 8.4273368011, -0.8787745866
H  33.2940322193, 8.3922120073, -2.7285337259
