CN  0.095, 0.181, -0.217
H  0.6036931902, -0.5260621861, 0.3798277661
H  0.4295450692, 1.262038822, -0.1380796167
CN  -0.8424893689, -0.1513260987, -1.1694852787
H  -1.1748908593, 0.5833921927, -1.8084583062
H  -1.0689278585, -1.1760250389, -1.3145513845
CP  3.622, 0.965, -0.383
H  3.2154730323, 0.8132853923, -1.3666892801
H  3.7843975387, 2.0074684816, -0.0959694711
CP  3.7531150431, -0.0209253968, 0.528696508
H  4.0170092656, 0.2239237243, 1.581406994
H  3.4247332313, -1.0246382688, 0.3710298201
CN  7.149, 1.749, -0.549
H  7.5437998548, 2.5656477024, -1.130184952
H  6.5016787263, 1.0291890046, -1.0509276381
CN  7.4317483739, 1.6168790313, 0.7467330544
H  7.0698550427, 0.7685932315, 1.2630507867
H  7.9377439471, 2.484315006, 1.198270406
CN  10.676, 2.533, -0.715
H  10.4945986798, 2.3540574459, 0.3603819283
H  10.7119443532, 3.490550417, -1.1616852791
CN  10.7124665156, 1.5256413287, -1.5204254262
H  10.8586507701, 1.7217930667, -2.5803813746
H  10.6158842812, 0.5004493296, -1.1887879426
CN  14.203, 3.317, -0.881
H  13.3325301768, 3.3895197496, -1.5655815228
H  15.0458337329, 4.0368771461, -1.0077368622
CN  14.3304668584, 2.2525101194, -0.0885291052
H  15.2025669933, 2.2083205361, 0.5057189192
H  13.5618956569, 1.5062636424, 0.0582949382
CN  17.73, 4.101, -1.047
H  17.8066748816, 3.5545653722, -0.1323422884
H  18.114377243, 3.6824715148, -1.9859464043
CN  17.2019853291, 5.3436914819, -1.011464902
H  17.0594416408, 5.9445625703, -1.9673743013
H  16.859543494, 5.7884248832, -0.0765400021
CN  21.257, 4.885, -1.213
H  20.3827298949, 4.2640201686, -1.277554919
H  22.14486247, 4.396682381, -0.9253609251
CN  21.2586526762, 6.128550058, -1.6309155955
H  22.1885865189, 6.7119040478, -1.5210951765
H  20.3760978198, 6.5836516175, -2.0718074344
CN  24.784, 5.669, -1.379
H  24.3947086513, 6.3839799552, -2.0980649415
H  25.214574699, 6.0236246684, -0.466005695
CN  24.8211528731, 4.375805921, -1.7215741264
H  25.2315947971, 3.6997294044, -0.9338831678
H  24.3977086224, 3.9726789337, -2.6264392862
CN  28.311, 6.453, -1.545
H  27.6377412635, 7.3073917397, -1.4844524101
H  28.9642030553, 6.2599017878, -0.7196360179
CN  28.3162973905, 5.6253351594, -2.593272384
H  29.0100675253, 4.8001678258, -2.5361955444
H  27.6146552505, 5.8083417982, -3.4014818794
CN  31.838, 7.237, -1.711
H  31.0376725739, 7.5705048094, -2.4316878012
H  31.8972908846, 6.2273197271, -1.3948551537
CN  32.7441082419, 8.1577094647, -1.3989302348
H  33.5758629077, 7.93384694, -0.7368143562
H  32.5873578236, 9.219144006, -1.7678194299
