CN  0.095, 0.181, -0.217
H  0.9390017427, 0.547543747, -0.8417255934
H  -0.4269405269, -0.7857766897, -0.4084806425
CN  -0.43151215, 1.0054467387, 0.8077333083
H  -1.2351023748, 0.5933589001, 1.384832069
H  0.1411509964, 1.9552871089, 1.0648701069
CP  3.622, 0.965, -0.383
H  3.8159530218, 1.9999329688, -0.2362284405
H  3.2951287761, 0.5096927131, -1.3068757076
CP  3.7703316828, 0.2595739956, 0.7423244401
H  3.6326032999, -0.8414121315, 0.691961422
H  4.0844267789, 0.7018225806, 1.6582724999
CN  7.149, 1.749, -0.549
H  7.1887535999, 1.1251637876, -1.3859792193
H  7.3635274545, 1.3363739725, 0.4479204081
CN  6.9508437823, 3.0423592105, -0.6297506577
H  6.8479454669, 3.7017777243, 0.2071913725
H  6.9343606945, 3.4809034727, -1.6319110405
CN  10.676, 2.533, -0.715
H  10.973773544, 3.0611717107, -1.6306423155
H  10.1055015157, 3.0097814834, 0.0486115768
CN  10.9219296852, 1.2312171161, -0.5781030237
H  10.7945412071, 0.6480325392, 0.3169028479
H  11.3686355002, 0.7774130514, -1.4684741619
CN  14.203, 3.317, -0.881
H  13.7074646729, 3.4349905237, -1.8672676259
H  14.7449664985, 2.4239070196, -0.6354455568
CN  14.0022513412, 4.2889345973, 0.0305213523
H  14.3697532639, 4.1068085008, 1.0221991757
H  13.4270121735, 5.1628608024, -0.2074895087
CN  17.73, 4.101, -1.047
H  16.9224089765, 4.8038957429, -0.7720833093
H  18.4010850989, 3.8327435858, -0.254036511
CN  17.961695283, 3.6399673704, -2.2655021122
H  18.8104873364, 3.005192407, -2.4307725037
H  17.4365552834, 4.0033961766, -3.1009454793
CN  21.257, 4.885, -1.213
H  21.1844537005, 4.0680889671, -1.9850137748
H  21.0669553076, 5.9140399987, -1.4521731724
CN  21.4110934856, 4.529973075, 0.059414469
H  21.4311629479, 5.2386131194, 0.9287754159
H  21.5455363031, 3.4908289979, 0.2594006621
CN  24.784, 5.669, -1.379
H  25.7434595622, 5.9581852618, -1.0348494104
H  23.9165878544, 6.2729486696, -1.2045191848
CN  24.6921797036, 4.6243594947, -2.1894941186
H  23.7239221849, 4.402029064, -2.6120000058
H  25.5957253402, 4.1281020854, -2.5568120226
CN  28.311, 6.453, -1.545
H  28.1472617494, 5.4509974881, -1.1812383646
H  28.4061098349, 6.719073565, -2.5841183916
CN  28.3198113772, 7.4046691873, -0.6342045674
H  28.4974415191, 8.4783782316, -0.8793259269
H  28.242051939, 7.1225461441, 0.4263401616
CN  31.838, 7.237, -1.711
H  30.8757503071, 7.7567054401, -1.8346143513
H  32.6573160809, 7.5522269582, -2.3463191283
CN  32.0908366608, 6.4329384001, -0.6690679478
H  33.0191532683, 5.9922075412, -0.4821923671
H  31.2402795968, 6.1447901248, 0.0593998975
