CN  0.095, 0.181, -0.217
H  -1.0007384964, 0.5194282173, -0.1874503395
H  0.8314591138, 0.7489176558, -0.7691952713
CN  0.4648307856, -0.8842767524, 0.6749664632
H  1.475717918, -1.0855416489, 0.7569256882
H  -0.2293265641, -1.3851363866, 1.3362188506
CP  3.622, 0.965, -0.383
H  3.5795811829, 1.6906479537, -1.1828409628
H  3.7428701996, -0.0670276644, -0.6564175998
CP  3.4524617836, 1.3616705017, 0.8711757177
H  3.367010423, 0.53519362, 1.6178151558
H  3.4235045738, 2.4217919382, 1.1006122731
CN  7.149, 1.749, -0.549
H  6.5135275695, 1.3321409868, 0.2043763166
H  8.0930799267, 1.3204177148, -0.7491379304
CN  6.7332404252, 2.7022970233, -1.417786838
H  7.4087431334, 2.9147878847, -2.20214607
H  5.7411846513, 3.1643487513, -1.3267194546
CN  10.676, 2.533, -0.715
H  10.3855917801, 2.109826448, 0.2251052234
H  11.2381203493, 1.9467907875, -1.4266244278
CN  10.1811847902, 3.7269957329, -0.9175390473
H  10.2983142209, 4.2759852031, -1.8541019664
H  9.5128637227, 4.1800346172, -0.1221451779
CN  14.203, 3.317, -0.881
H  14.3566934841, 2.6898331083, -1.7748122182
H  14.0402401808, 4.3831418576, -1.0352194979
CN  14.1691657749, 2.8377717412, 0.3206705083
H  13.9199557217, 3.3817166271, 1.1840071168
H  14.2393894098, 1.7204207098, 0.3743822894
CN  17.73, 4.101, -1.047
H  18.0400542256, 3.1162320986, -0.7647469561
H  17.417148613, 4.8074705431, -0.2588151849
CN  17.6354565792, 4.4472413022, -2.3368442673
H  17.2702720986, 5.4399123371, -2.6021288572
H  18.069825936, 3.7651106233, -3.0966867379
CN  21.257, 4.885, -1.213
H  21.3380259869, 3.940792703, -1.7703029287
H  21.3775706624, 4.7726426969, -0.1322602557
CN  21.1760638212, 6.0868023597, -1.7550470559
H  21.154233713, 7.0206649139, -1.1743610465
H  21.1682137681, 6.1858895729, -2.8557087595
CN  24.784, 5.669, -1.379
H  24.2013350269, 6.4231841102, -0.8034773161
H  25.4673363182, 4.9806811967, -0.9060987373
CN  24.6024563854, 5.5427366081, -2.7076270849
H  25.1837966909, 4.8238062455, -3.2879319477
H  24.0002993762, 6.3350707803, -3.2269478005
CN  28.311, 6.453, -1.545
H  28.4607460496, 7.4781964783, -1.1975053163
H  28.1024181212, 6.2546863314, -2.631642846
CN  28.4451655985, 5.3851817923, -0.7219449805
H  28.4236410744, 4.3752352677, -1.1136814905
H  28.5725183393, 5.5081339464, 0.3245237924
CN  31.838, 7.237, -1.711
H  32.8917969208, 6.8947879005, -1.9183203897
H  31.0989561835, 6.5134629004, -1.4569061586
CN  31.4932715273, 8.5102466786, -1.7875997489
H  30.4903919637, 8.7990659321, -1.4768369931
H  32.1979083564, 9.224312347, -2.1222080277
