CN  0.095, 0.181, -0.217
H  0.0475692141, -0.9045842122, -0.0461899228
H  0.4312934151, 0.6144880411, -1.2002648022
CN  -0.429431114, 1.0377242502, 0.7500673732
H  -0.3477298711, 2.1519294245, 0.6995024649
H  -0.9614146175, 0.6338744003, 1.6113167974
CP  3.622, 0.965, -0.383
H  4.1432358783, 0.2315752712, 0.2049876915
H  3.0452936089, 0.586974413, -1.2697623917
CP  3.6242176783, 2.2737218318, -0.0281981585
H  3.0947867303, 2.9519224966, -0.6601206741
H  4.2539870185, 2.6843066914, 0.7648112043
CN  7.149, 1.749, -0.549
H  6.2626008001, 2.12038214, -1.0820718291
H  7.762007715, 2.4112518507, 0.0038835155
CN  7.4920504425, 0.4425030432, -0.7005263588
H  8.3944047001, 0.0557382065, -0.2314642677
H  6.9089450151, -0.132820954, -1.4231905798
CN  10.676, 2.533, -0.715
H  10.2140287004, 1.8199556571, -1.3755897193
H  10.8520752632, 3.5299185811, -1.0885274015
CN  10.9235743425, 2.180319058, 0.5296933862
H  11.3219875455, 2.8729508736, 1.2647661518
H  10.8005108599, 1.1347435864, 0.8440154027
CN  14.203, 3.317, -0.881
H  14.4643952133, 4.196003148, -0.3396226288
H  13.5567877181, 3.3107377389, -1.7195138543
CN  14.6137233501, 2.1697586546, -0.4033565203
H  14.382409603, 1.1945215016, -0.8158921446
H  15.3503864686, 2.2494124262, 0.4522896493
CN  17.73, 4.101, -1.047
H  17.612853818, 5.1162784607, -0.6356290967
H  18.0175251303, 3.3153623138, -0.3414126239
CN  17.4932489916, 3.8145965242, -2.2694815065
H  17.5358723338, 2.8305927986, -2.6275429094
H  17.1419525975, 4.5849196246, -2.9816330108
CN  21.257, 4.885, -1.213
H  21.9375705871, 5.6790602016, -0.9721863086
H  20.319323108, 5.1870473611, -1.672404727
CN  21.6376481329, 3.5941058132, -1.1132348781
H  21.0187447216, 2.7518850301, -1.3948386389
H  22.6287327538, 3.4450467984, -0.6825868559
CN  24.784, 5.669, -1.379
H  24.3368348253, 5.416727463, -0.4053535678
H  25.2258246098, 6.647791836, -1.437571769
CN  24.9389719248, 4.787998708, -2.3276896895
H  25.4244096291, 5.1576096511, -3.2065931056
H  24.4903444683, 3.7779634407, -2.233334808
CN  28.311, 6.453, -1.545
H  28.5745283541, 5.5374141373, -1.9728620488
H  28.2922709372, 6.5854057721, -0.4876483305
CN  28.0154916874, 7.4896610911, -2.3200426594
H  27.7437148176, 8.4181413175, -1.8050184949
H  28.0393053882, 7.4609880364, -3.3850943964
CN  31.838, 7.237, -1.711
H  32.0999240991, 6.2013130561, -2.0235115548
H  30.8424465137, 7.7309462031, -1.9943184044
CN  32.7980268847, 7.8603716511, -1.0609341613
H  32.7295343528, 8.8610534039, -0.6877564253
H  33.7186785673, 7.2516515915, -0.8279615796
