CN  0.095, 0.181, -0.217
H  -0.1921835358, 0.6615920231, -1.1446294503
H  0.4140677136, 0.7235177299, 0.6721249966
CN  -0.106199624, -1.2130937845, -0.1901425645
H  0.1963175353, -1.7217281283, 0.6733848832
H  -0.3809732603, -1.742247239, -1.1396766725
CP  3.622, 0.965, -0.383
H  3.9615988401, 0.0428010462, -0.912147019
H  3.5228545111, 1.9234608579, -0.8554060099
CP  3.5756670927, 0.802852015, 0.9380916224
H  3.3327891597, 1.5910796239, 1.6502772102
H  3.7587033621, -0.2234691033, 1.3190228649
CN  7.149, 1.749, -0.549
H  8.0960870279, 2.0714227762, -0.0802336006
H  6.5845068426, 0.9344696324, -0.1285086189
CN  6.6381086376, 2.4566877713, -1.5085615316
H  5.6430528932, 2.2034669597, -1.9111300556
H  7.1002527511, 3.313292624, -2.0036281635
CN  10.676, 2.533, -0.715
H  10.3710185507, 2.2211533128, 0.3503488571
H  11.3372914638, 1.913677143, -1.2943430519
CN  10.2750848584, 3.6927672144, -1.1804386164
H  10.4629759977, 4.0704310249, -2.2175816433
H  9.595797308, 4.2150547355, -0.5368282152
CN  14.203, 3.317, -0.881
H  13.4897576194, 3.7415422497, -1.5592235862
H  14.6720895976, 3.9928014856, -0.1625942965
CN  14.2986233959, 1.9947743639, -0.7378308554
H  14.8926026929, 1.5619266815, 0.0905289132
H  13.6566456835, 1.361946774, -1.3775362259
CN  17.73, 4.101, -1.047
H  17.4278628023, 3.7380979787, -1.9849146925
H  18.3845743325, 3.5561399319, -0.4557674259
CN  17.3105556758, 5.2952505211, -0.5547553384
H  17.6681610522, 5.6773461429, 0.3797116576
H  16.5293193018, 5.8442513754, -1.1044838162
CN  21.257, 4.885, -1.213
H  21.9563677396, 4.4267858537, -1.8534566803
H  20.5547805313, 4.2808702733, -0.6021410936
CN  21.0307126121, 6.1978322611, -1.3559546263
H  20.2381059903, 6.5621208554, -0.7406301346
H  21.6331638141, 6.8421943181, -2.0038297111
CN  24.784, 5.669, -1.379
H  25.298006225, 5.0245871979, -2.0262333683
H  24.0752453433, 6.35634381, -1.7348895182
CN  24.860700676, 5.536086053, -0.0944234346
H  24.2927688177, 6.168788236, 0.5517993398
H  25.50884512, 4.7253257571, 0.3189532865
CN  28.311, 6.453, -1.545
H  27.7301805486, 6.5829738395, -0.6570030768
H  28.7410527572, 7.3849887837, -1.8907925778
CN  28.5868195314, 5.2109513979, -1.9144989479
H  29.2132859718, 5.0607355155, -2.8279266582
H  28.1021398609, 4.4016884761, -1.3677195979
CN  31.838, 7.237, -1.711
H  31.910257934, 8.2521731619, -2.0309851211
H  31.2267651827, 6.5846269747, -2.2683379841
CN  32.3632074172, 6.7406414643, -0.5917463398
H  32.1898791931, 5.6685630839, -0.3838065244
H  32.9134653105, 7.4446051503, 0.0775518337
