CN  0.095, 0.181, -0.217
H  0.2559110751, 0.3364793062, -1.2972150664
H  0.3043229958, 0.9813181018, 0.4867306093
CN  -0.364881052, -0.9880377396, 0.3390225593
H  -0.4393632546, -1.0875247535, 1.4113605916
H  -0.647774517, -1.8066590883, -0.346355432
CP  3.622, 0.965, -0.383
H  4.0859790711, 0.9495475701, -1.3466618906
H  3.3047724859, 1.9707596934, -0.0152294399
CP  3.5167929975, -0.0766255488, 0.3901474918
H  3.0816478778, 0.0352066449, 1.3578825343
H  3.7386939068, -1.0423419995, 0.0111158139
CN  7.149, 1.749, -0.549
H  7.163890595, 1.1172770344, -1.4721773088
H  7.6757693754, 1.5222386125, 0.4480284482
CN  6.5524999593, 2.9573674714, -0.663302852
H  6.5311254981, 3.626197797, 0.1564638167
H  6.0590834847, 3.2003625275, -1.5952634504
CN  10.676, 2.533, -0.715
H  10.7228930089, 1.7579572595, -1.4762027295
H  10.4653115898, 3.5610714581, -1.0101026597
CN  10.8128473956, 2.2150443011, 0.5280788949
H  10.8015315877, 2.9456447544, 1.3753204335
H  11.0323225221, 1.1716403646, 0.8519779137
CN  14.203, 3.317, -0.881
H  14.1750253369, 2.374267845, -0.3284731904
H  14.0319907125, 4.2453785046, -0.3163226339
CN  14.2899286723, 3.3686889914, -2.2110118438
H  14.291598685, 4.3686998493, -2.6671108554
H  14.447508285, 2.4382544471, -2.7330999428
CN  17.73, 4.101, -1.047
H  17.6274492951, 3.9855585042, -2.129206983
H  17.7721984586, 3.2262410377, -0.4320444182
CN  17.6569497938, 5.3010167208, -0.4814603323
H  17.7591009317, 5.4538034561, 0.5879614857
H  17.5669028823, 6.2166016998, -1.0735779602
CN  21.257, 4.885, -1.213
H  21.3946945356, 4.0450560419, -1.8381244996
H  20.9930782532, 5.8733350873, -1.5751440533
CN  21.4399059359, 4.74851065, 0.0992585957
H  21.1906492177, 5.5854184099, 0.7724197456
H  21.8143033069, 3.780143606, 0.5147299348
CN  24.784, 5.669, -1.379
H  24.3970618042, 4.6650711034, -1.2455420543
H  25.3912604955, 6.0832393375, -0.6338768888
CN  24.6376120638, 6.2773851236, -2.5312799019
H  25.1578933688, 7.1697540282, -2.765550755
H  24.0498091476, 5.8093431281, -3.2999739019
CN  28.311, 6.453, -1.545
H  28.2404680314, 7.1022123814, -2.4278880493
H  28.4492384261, 5.3945239243, -1.634071977
CN  28.2617604385, 7.043734946, -0.398709339
H  28.2550877417, 6.473056418, 0.4729786334
H  28.2460577591, 8.1142145342, -0.2009410629
CN  31.838, 7.237, -1.711
H  31.280928904, 6.4726464394, -2.2307379334
H  31.5085254851, 8.3017409192, -1.7372636174
CN  32.9342830406, 6.9998404402, -0.9952225243
H  33.2942743523, 7.82295633, -0.5153606898
H  33.3516289794, 6.0426241964, -0.8301019947
