CN  0.095, 0.181, -0.217
H  0.5105330724, 0.3627476227, -1.2716978581
H  0.2665065699, -0.7767162548, 0.2110800401
CN  -0.7068421703, 1.1873435798, 0.3913444669
H  -1.248242373, 0.962799981, 1.3271947874
H  -0.9129330226, 2.0720020205, -0.158750347
CP  3.622, 0.965, -0.383
H  3.6105361294, 2.0284360945, -0.3354327168
H  3.6237308971, 0.343278053, 0.5588253421
CP  3.6012767029, 0.4024211013, -1.5783439498
H  3.6870019524, -0.678732475, -1.7505313163
H  3.6243878308, 1.0122327681, -2.4547414785
CN  7.149, 1.749, -0.549
H  6.2592755835, 2.1611949212, -1.0271089807
H  7.882257564, 2.4124476464, -0.086309471
CN  7.4517337943, 0.4480568766, -0.5622915508
H  8.3719456303, 0.1266200715, -0.0614266099
H  6.7777015056, -0.302283, -0.9706908485
CN  10.676, 2.533, -0.715
H  10.8883997195, 2.0283283621, -1.6350182879
H  10.2268165387, 3.5319596453, -0.8102385036
CN  10.9588710901, 1.9388526661, 0.4389266906
H  10.7548177429, 2.3868181128, 1.42217551
H  11.4411287329, 0.9914628969, 0.4178744603
CN  14.203, 3.317, -0.881
H  14.3787473448, 2.281748196, -1.1756208259
H  14.408108387, 3.53579966, 0.1666781003
CN  13.7699702639, 4.193599415, -1.7781095964
H  13.5864591847, 5.2728171842, -1.5465704436
H  13.5640125772, 3.7900114219, -2.7325180589
CN  17.73, 4.101, -1.047
H  17.4373486556, 4.4520856798, -2.0071036977
H  17.811463745, 4.8750208916, -0.2126466296
CN  18.0498498786, 2.8533195505, -0.7512337022
H  18.1203738855, 2.6270520106, 0.3001164588
H  18.0133813902, 2.0669347457, -1.4772832909
CN  21.257, 4.885, -1.213
H  21.159870806, 5.6871057516, -0.4531512023
H  21.1570749835, 5.1157981735, -2.2232083006
CN  21.7073116582, 3.7327690633, -0.8947902023
H  21.8419628621, 3.0005623635, -1.6386248325
H  21.9024170965, 3.5621272158, 0.1534697385
CN  24.784, 5.669, -1.379
H  24.781574714, 5.6790443243, -0.2966104853
H  25.1081028382, 4.7580999683, -1.8954999895
CN  24.3341404345, 6.7311426057, -2.0428097615
H  24.2810129084, 6.6741289233, -3.1147206889
H  23.9629693482, 7.5959953656, -1.514474078
CN  28.311, 6.453, -1.545
H  28.5063882449, 6.0562159368, -0.5426835739
H  28.4939492625, 5.8291842347, -2.4019567938
CN  28.0080193961, 7.7152820126, -1.8331146984
H  27.8606628614, 8.0447832906, -2.8588242109
H  27.8422388559, 8.454538087, -1.0446834978
CN  31.838, 7.237, -1.711
H  32.2845850499, 7.3273909332, -0.806833484
H  30.8749399406, 7.6582185634, -1.9255988157
CN  32.5306205264, 6.7409955243, -2.6732757475
H  32.096217956, 6.6636488429, -3.6231457545
H  33.5501767592, 6.4333747894, -2.4879926825
