CN  0.095, 0.181, -0.217
H  -0.0039238518, -0.2838429139, 0.7933255388
H  -0.2010185864, 1.1980411661, -0.370756138
CN  0.2406197384, -0.6498228724, -1.3175693051
H  0.2655956564, -0.2450372165, -2.3875061047
H  0.2898426811, -1.6752799903, -1.1838641634
CP  3.622, 0.965, -0.383
H  4.390424394, 0.3220167332, -0.1235985047
H  3.0291897555, 0.7940816228, -1.2516708192
CP  3.4109731683, 2.1254850506, 0.30084824
H  2.6750049219, 2.8906289215, -0.054881442
H  4.0116758959, 2.3691266718, 1.1620808611
CN  7.149, 1.749, -0.549
H  7.2148932777, 0.669757139, -0.5190208478
H  7.1104993932, 2.3163243898, 0.3755214398
CN  6.7784632413, 2.3764387567, -1.6886356219
H  6.4296158088, 3.369212411, -1.5783677125
H  6.7523162824, 1.9142188089, -2.6415412238
CN  10.676, 2.533, -0.715
H  10.5387946642, 2.0358637971, 0.2241880957
H  11.0535243494, 1.9823860164, -1.5762614511
CN  10.3442396041, 3.8178214374, -0.8256201044
H  10.4424281641, 4.3047546347, -1.7946233403
H  9.9322826967, 4.3016554063, 0.1119386549
CN  14.203, 3.317, -0.881
H  14.3843135468, 3.6421265715, 0.1616624981
H  13.753495477, 3.9923034172, -1.6268585001
CN  14.5138681427, 2.0994746311, -1.2375603112
H  14.3082130163, 1.8120150259, -2.2501341972
H  14.9319421088, 1.369348683, -0.5823304604
CN  17.73, 4.101, -1.047
H  17.3949334502, 3.2212666389, -0.5447572668
H  18.164157744, 4.945587852, -0.4826364139
CN  17.6355923043, 4.3019217359, -2.3550520626
H  17.9625732411, 5.1942650951, -2.7749225585
H  17.2345630576, 3.4447634579, -2.9753503685
CN  21.257, 4.885, -1.213
H  21.2436778343, 4.261680721, -2.1744784438
H  21.463384177, 4.3428463455, -0.2577664269
CN  20.9687484029, 6.1790424151, -1.2191982631
H  21.0694338183, 6.7726566182, -0.3314491867
H  20.7801714399, 6.6731602364, -2.1105387528
CN  24.784, 5.669, -1.379
H  23.7476852756, 5.9275712744, -1.477599633
H  25.4271302582, 6.1536420227, -0.6973398034
CN  25.2621442362, 4.6090941888, -1.9940739563
H  26.2495683106, 4.336318329, -1.718634343
H  24.6786567198, 4.1714487999, -2.8062352549
CN  28.311, 6.453, -1.545
H  28.7788137611, 5.5045827474, -1.7284429069
H  27.4926360306, 6.8277969937, -2.2002838609
CN  28.5451102757, 7.0744962348, -0.4160009757
H  27.988050558, 7.9274696979, -0.1421876526
H  29.242528794, 6.558997688, 0.2907426457
CN  31.838, 7.237, -1.711
H  31.8167908258, 7.5864348269, -0.6950564141
H  31.6481910155, 7.9697668817, -2.4614455555
CN  32.1879221045, 5.9617792691, -2.0325504988
H  32.290515414, 5.7436089221, -3.069914024
H  32.4437599521, 5.1689228225, -1.2994844627
