CN  0.095, 0.181, -0.217
H  0.1813418881, -0.676872254, -0.8903653616
H  0.3611612891, 1.1582272614, -0.5388559592
CN  -0.1769159389, -0.0385981092, 1.1627470329
H  -0.2363827607, 0.8160474498, 1.8698684047
H  -0.3942192543, -0.9744801368, 1.4655337291
CP  3.622, 0.965, -0.383
H  3.1491959485, 1.4303347269, -1.2383491333
H  3.6041987797, 1.3996131602, 0.5650843623
CP  3.9737629606, -0.2672287647, -0.6568126055
H  4.3493067317, -0.8138306496, 0.1956674513
H  3.7549805727, -0.7723484021, -1.5960080464
CN  7.149, 1.749, -0.549
H  7.6581155957, 2.6187776615, -0.1197419739
H  6.7542564338, 1.0105824032, 0.149818839
CN  7.0358199677, 1.535958523, -1.8497066322
H  6.5835666561, 0.6650049254, -2.2533598506
H  7.35757975, 2.2831047247, -2.5422453943
CN  10.676, 2.533, -0.715
H  11.3154215137, 2.958693479, -1.4828345429
H  9.9307003061, 1.8641930222, -1.062189144
CN  10.9058263294, 2.6710611506, 0.5793425145
H  10.3667098774, 2.14389034, 1.3143956609
H  11.6982981617, 3.3351395306, 0.8380730341
CN  14.203, 3.317, -0.881
H  13.4948814234, 4.153126932, -1.0668667333
H  14.4601159638, 3.1517868046, 0.1444236586
CN  14.5744631741, 2.4655629953, -1.8097003724
H  15.1299664175, 1.5821754009, -1.489000236
H  14.3485494572, 2.5328180393, -2.8696075881
CN  17.73, 4.101, -1.047
H  17.1356234198, 3.4962137035, -0.3992689049
H  18.7709305421, 3.8550899785, -1.1296176398
CN  17.3318867428, 5.2137541713, -1.6649763007
H  18.0134971055, 5.8076063827, -2.197348898
H  16.3116896077, 5.6084968287, -1.5740846217
CN  21.257, 4.885, -1.213
H  21.2065291121, 3.9013462761, -0.6673598527
H  21.6882062747, 5.0416320474, -2.1856070595
CN  20.7339307096, 5.9658967682, -0.6803038147
H  20.809177623, 6.8381172829, -1.2895659671
H  20.2380517668, 6.0035957581, 0.3322570554
CN  24.784, 5.669, -1.379
H  24.6391919194, 6.5880556096, -0.8265817085
H  24.7439906931, 4.6857523375, -0.8191733331
CN  24.9398197942, 5.654591697, -2.7149036654
H  25.1027961577, 4.7262782426, -3.2345439619
H  24.9055126246, 6.6029821344, -3.2737443873
CN  28.311, 6.453, -1.545
H  27.931118624, 7.0341553064, -0.6803013669
H  28.411849172, 6.8773961216, -2.5427697447
CN  28.6675269854, 5.1699308023, -1.3375519869
H  29.0700254297, 4.656056385, -2.2041515333
H  28.4126644957, 4.7251518301, -0.4073529271
CN  31.838, 7.237, -1.711
H  32.3525626178, 6.7378065772, -2.5662252846
H  31.1886938896, 6.6578311457, -1.0793615806
CN  32.0096176964, 8.5238600773, -1.5333719286
H  31.4822618531, 9.0248402757, -0.7371994524
H  32.5252291551, 9.0858180983, -2.253360541
