CN  0.095, 0.181, -0.217
H  -0.0375117762, 0.0409772472, -1.3183246415
H  0.2963556556, 1.1836741857, 0.1325144163
CN  -0.1041023636, -0.7804202665, 0.7510861492
H  0.1185779068, -0.5767923396, 1.7860654197
H  -0.3949834986, -1.8138322219, 0.4509661201
CP  3.622, 0.965, -0.383
H  4.6047780475, 0.4937143291, -0.3183132575
H  2.9937755897, 0.9788121558, 0.4689760576
CP  3.2117012506, 1.5533373717, -1.4800514467
H  2.3200233425, 2.1740132727, -1.4793058122
H  3.8956938713, 1.5643283641, -2.300301189
CN  7.149, 1.749, -0.549
H  7.7849995787, 2.0505748497, -1.3233821473
H  6.3003092402, 2.4318415957, -0.336354493
CN  7.3357918757, 0.6284751188, 0.1721136327
H  6.6527914223, 0.401580701, 0.9842544099
H  8.148031558, -0.0037582236, -0.0695309782
CN  10.676, 2.533, -0.715
H  10.3387767714, 3.5041888011, -1.1660635117
H  11.0891322927, 1.7905663828, -1.3676021896
CN  10.6742839755, 2.3873192085, 0.5669231561
H  11.0303588498, 1.4492152522, 1.0494535558
H  10.2403330718, 3.1040752694, 1.3030405584
CN  14.203, 3.317, -0.881
H  14.1949262839, 4.1423245094, -1.5643887936
H  13.8296580632, 3.4993401995, 0.1288262615
CN  14.5649247941, 2.0867946563, -1.3082085377
H  14.5940595832, 1.1641633572, -0.7163533652
H  14.7448722698, 1.9314253721, -2.3617637802
CN  17.73, 4.101, -1.047
H  17.1032393818, 3.2245589891, -1.227752111
H  18.5703783203, 4.3941774457, -1.702635031
CN  17.4477705695, 4.8443592258, -0.000124039
H  18.0305759058, 5.6987725023, 0.2221485128
H  16.7224259177, 4.5257668066, 0.7237911727
CN  21.257, 4.885, -1.213
H  21.0832299232, 4.9971816788, -2.2365584471
H  21.5230632488, 5.7465122935, -0.6466774448
CN  21.2255990823, 3.7059917949, -0.5672028936
H  21.5129400426, 3.7227708003, 0.5065258241
H  20.9539302567, 2.8012866542, -1.0636095265
CN  24.784, 5.669, -1.379
H  25.3773582973, 5.5079525506, -2.3089641166
H  24.3323407176, 4.8339046092, -0.8461831949
CN  24.4444275554, 6.8927879586, -1.0625486697
H  23.7720462876, 7.0667130682, -0.2523820958
H  24.9175113701, 7.7367513088, -1.5629350183
CN  28.311, 6.453, -1.545
H  27.3579593143, 6.8737924094, -1.8111134924
H  29.0236164973, 7.121553673, -1.2077180987
CN  28.5825132255, 5.1416394618, -1.6042309496
H  29.5790094163, 4.7979977127, -1.4211503483
H  27.7906470444, 4.3861941018, -1.9333937816
CN  31.838, 7.237, -1.711
H  31.319473947, 6.3149642642, -2.0239681584
H  31.340834774, 8.1494673984, -1.4005169223
CN  33.128101772, 7.2840636245, -1.9016863396
H  33.6870474457, 8.1856041471, -1.7259815758
H  33.6128315972, 6.3952981963, -2.2352433943
