CN  0.095, 0.181, -0.217
H  0.3928399203, 1.2565520558, -0.2533490491
H  -0.0252039918, -0.3847343328, -1.1638957464
CN  -0.2888098924, -0.3957578461, 0.9862187257
H  -0.587736679, -1.4393380538, 1.0481638872
H  -0.3551786078, 0.2414445474, 1.8973713572
CP  3.622, 0.965, -0.383
H  3.7635258246, 1.0999334056, -1.469282546
H  3.1907176256, 1.7943332089, 0.1241063827
CP  4.0285754528, -0.0899189534, 0.2900869177
H  3.847806067, -0.1652577636, 1.3633574676
H  4.5094846094, -0.9550766686, -0.1506307587
CN  7.149, 1.749, -0.549
H  7.2098204894, 0.8095955095, 0.0804754239
H  7.3986840246, 1.547806916, -1.623756948
CN  6.9883463223, 2.9695678683, -0.0388737971
H  6.9532807678, 3.777550117, -0.783014655
H  6.829736093, 3.1533923041, 1.0108515508
CN  10.676, 2.533, -0.715
H  11.0737612271, 2.0215609308, 0.1520080793
H  10.088394676, 3.4711502568, -0.5459391864
CN  10.7541162921, 1.8714640708, -1.8546353902
H  10.4068246303, 2.3292952866, -2.7463723367
H  11.2202147618, 0.9088363999, -1.97212921
CN  14.203, 3.317, -0.881
H  14.9273095872, 2.6258236061, -0.4348035441
H  13.8406348909, 3.0346699394, -1.8394847413
CN  13.8895280361, 4.4330526674, -0.2134396217
H  13.3021476104, 5.2014845942, -0.747875785
H  14.1815252852, 4.5089695001, 0.8246882023
CN  17.73, 4.101, -1.047
H  17.6153114749, 2.9580481926, -0.9880291913
H  17.8581221022, 4.7452727372, -0.1807648214
CN  17.4981234557, 4.6724025488, -2.2274335416
H  17.65991791, 5.7333394581, -2.264722049
H  17.2218816057, 4.1660574478, -3.106315921
CN  21.257, 4.885, -1.213
H  20.8696842988, 5.2607463944, -2.1508365066
H  21.8093683605, 3.9704179438, -1.1965405343
CN  21.1676058049, 5.5768605455, -0.0726054417
H  21.5916563575, 5.2483345059, 0.8719295456
H  20.6054225621, 6.5388242751, -0.0365078388
CN  24.784, 5.669, -1.379
H  24.5943564778, 4.7022968483, -1.7694736684
H  24.9411536128, 5.8210717517, -0.3438028677
CN  24.6453380623, 6.7631471494, -2.1163518049
H  24.5972232226, 7.7275151252, -1.654276051
H  24.508885846, 6.6773271135, -3.1841216312
CN  28.311, 6.453, -1.545
H  28.5877204782, 7.4563253575, -1.8999873364
H  28.0841273499, 5.6977991336, -2.3133921603
CN  27.9476292306, 6.3492294405, -0.2370838392
H  27.5279641647, 5.4685591258, 0.1742476823
H  28.1136530406, 7.1956306066, 0.3862993258
CN  31.838, 7.237, -1.711
H  31.0157349291, 7.2106681066, -1.0079834689
H  32.6172286835, 6.497955269, -1.6026483838
CN  31.9494141745, 8.1226306168, -2.6665658274
H  32.7558829214, 8.1008660582, -3.355391726
H  31.2746123434, 8.9721891627, -2.7825710533
