CN  0.095, 0.181, -0.217
H  0.1562778819, 1.2670629877, -0.1640404287
H  0.2482475928, -0.2734727753, -1.1940918788
CN  0.122109283, -0.5029647136, 0.9956844106
H  0.2797665557, -1.5511275214, 0.9554571267
H  0.1820999578, 0.0686877215, 1.9628711649
CP  3.622, 0.965, -0.383
H  3.3692232625, 1.3608033319, -1.3763929181
H  3.8533571035, 1.6871262145, 0.4016666174
CP  3.621706945, -0.373246505, -0.1986924289
H  3.8531207697, -0.7888263412, 0.7951608673
H  3.3934536593, -1.0314020081, -1.0420128476
CN  7.149, 1.749, -0.549
H  7.727743284, 1.9316382556, -1.4463062026
H  6.6178575955, 0.8538534572, -0.5108782454
CN  6.9199062509, 2.7091571663, 0.3007971376
H  6.2650444653, 2.4002998081, 1.111078129
H  7.333536365, 3.6863184163, 0.2220018796
CN  10.676, 2.533, -0.715
H  10.8693159273, 3.4284957052, -0.1738436776
H  10.2284714584, 1.6824810271, -0.1386470635
CN  10.8912815715, 2.473282129, -2.0172013295
H  10.6616349899, 1.5198906518, -2.5056973819
H  11.3590106693, 3.248496901, -2.5987139609
CN  14.203, 3.317, -0.881
H  14.1978421158, 2.2954002581, -0.5147977723
H  14.3693079478, 3.4767048469, -1.9133331499
CN  13.9607111009, 4.3762956434, -0.0949030485
H  13.966555269, 5.3444646365, -0.5405655234
H  13.7069544101, 4.1956350486, 0.9482382585
CN  17.73, 4.101, -1.047
H  16.9042717976, 4.6689418214, -0.6235005655
H  18.2249057824, 4.4826899953, -1.8931011272
CN  18.1107658727, 2.9056213407, -0.4652635619
H  18.9792895043, 2.435789556, -0.92517003
H  17.5880088472, 2.3581255519, 0.3556995943
CN  21.257, 4.885, -1.213
H  21.4475444343, 3.8969147257, -1.6295424949
H  21.246144158, 5.0594371579, -0.1344066372
CN  20.9232244861, 5.8480587726, -2.0484025522
H  20.6800305451, 6.8207748378, -1.6572131587
H  20.785996702, 5.6983824606, -3.1203354781
CN  24.784, 5.669, -1.379
H  25.0878514816, 4.6817980763, -1.4956243116
H  24.5077886196, 6.1737130656, -2.2765121993
CN  24.7058902599, 6.202850412, -0.2090632162
H  24.2563958828, 7.2128907705, -0.1213397669
H  24.9924086843, 5.6855777169, 0.6744628176
CN  28.311, 6.453, -1.545
H  27.5218203186, 6.6623731946, -0.78561018
H  29.2222598685, 5.9282057969, -1.3167642485
CN  28.1441386549, 7.0763266879, -2.7024802414
H  28.9512657682, 7.0508642823, -3.4597840945
H  27.3415574487, 7.7081942454, -2.9030880501
CN  31.838, 7.237, -1.711
H  31.2701037071, 6.3438540379, -1.9917493844
H  31.6610964268, 8.2229958779, -2.1171000581
CN  32.8739254572, 7.0251390523, -0.8850210726
H  33.4302666287, 7.8605510773, -0.6042986198
H  33.0518482788, 5.9797679706, -0.5613145817
