CN  0.095, 0.181, -0.217
H  0.2522138778, -0.333011994, 0.7021490999
H  0.681257641, -0.1001030195, -1.0194108455
CN  -0.887925726, 1.1095136516, -0.4137850046
H  -0.9783989795, 1.6349950802, -1.4048843784
H  -1.4852046075, 1.4299607757, 0.4101028887
CP  3.622, 0.965, -0.383
H  3.5426890702, 1.4152584982, 0.6484648509
H  4.0121121882, -0.0236323611, -0.4287200528
CP  3.2697319128, 1.68362482, -1.4513705165
H  3.3811638011, 1.1325134229, -2.4156643783
H  2.9974498928, 2.7597773602, -1.377825926
CN  7.149, 1.749, -0.549
H  8.0579795452, 1.7325245233, 0.0450781021
H  6.2334430515, 2.2115864621, -0.1837000825
CN  7.0977712033, 1.2059048371, -1.7464576121
H  6.1785546526, 1.3059863407, -2.347965357
H  7.9979495661, 0.786342372, -2.1701981232
CN  10.676, 2.533, -0.715
H  9.9154897453, 2.0998212057, -1.3265881965
H  11.3541181222, 3.3610423023, -1.1234730007
CN  10.9402248816, 2.0249258502, 0.4961343545
H  11.7721387404, 2.4117830992, 1.0519180157
H  10.4691417252, 1.1331033603, 0.7887523998
CN  14.203, 3.317, -0.881
H  13.8267022575, 4.3109250228, -0.7498916413
H  14.55370169, 2.8224753519, 0.0039171784
CN  14.1672361537, 2.6785108434, -2.0230878469
H  14.4225014421, 1.6234386163, -2.026462045
H  13.8433599929, 3.1197723009, -3.0080724938
CN  17.73, 4.101, -1.047
H  18.2115203114, 4.2696467329, -0.0464349041
H  17.5805327554, 3.0549113177, -1.3674981238
CN  17.3791275383, 5.1162261394, -1.7928220917
H  16.8604853099, 4.8848224332, -2.7657593641
H  17.6274555661, 6.1407319768, -1.5075983117
CN  21.257, 4.885, -1.213
H  21.3337435267, 4.9272896742, -2.3075776526
H  21.5116181063, 3.9758790741, -0.6910928042
CN  20.9235552765, 5.9461647503, -0.5296894623
H  20.8254695625, 5.8941366278, 0.5667199392
H  20.6438490813, 6.8942096543, -1.0030750054
CN  24.784, 5.669, -1.379
H  24.6473492613, 5.4905944664, -2.4623559517
H  24.9206792289, 6.7068867775, -1.0213785151
CN  24.8257324158, 4.6423139033, -0.5707526683
H  25.0309502794, 4.8332272714, 0.4569572258
H  24.7356335548, 3.6783661941, -0.9732803056
CN  28.311, 6.453, -1.545
H  28.277365293, 5.5153070436, -2.1117401158
H  28.7449622735, 6.4944082763, -0.5124063111
CN  27.9868246979, 7.6190081884, -2.0987977511
H  28.0746621223, 8.6117076529, -1.5460425051
H  27.5489927497, 7.6046015155, -3.1131884979
CN  31.838, 7.237, -1.711
H  31.4138605056, 8.1564263013, -1.3744262862
H  31.540223257, 6.3249854294, -1.248443489
CN  32.7749904688, 7.1769910638, -2.636822178
H  33.2597635335, 6.1777137284, -2.8374599047
H  33.1728529272, 8.098156568, -3.0079205355
