CN  0.095, 0.181, -0.217
H  -0.1353777285, 0.2422122859, -1.2941844457
H  1.044246244, -0.3141542753, 0.0370255824
CN  -0.8150649398, 0.6002278767, 0.7639884108
H  -0.4967695575, 0.4635876703, 1.82785915
H  -1.7914220883, 1.0165959118, 0.5245952575
CP  3.622, 0.965, -0.383
H  4.2211959136, 0.0563410903, -0.4384886949
H  3.1068346379, 1.2301663955, -1.3128584712
CP  3.2772139978, 1.6101301215, 0.7071682706
H  2.4593806883, 2.3599929008, 0.5863992904
H  3.5830536183, 1.3593825732, 1.7127382172
CN  7.149, 1.749, -0.549
H  8.0786521767, 1.2930807022, -0.8274895761
H  6.5465643351, 1.2547830621, 0.1416132901
CN  6.7971693777, 2.9597051705, -1.0135208838
H  5.8599662781, 3.4553757112, -0.6887536155
H  7.4579861237, 3.419284029, -1.775285711
CN  10.676, 2.533, -0.715
H  10.4663004869, 2.2965284118, 0.3275009684
H  10.5932092912, 3.527205234, -1.0981586703
CN  10.9443282729, 1.5251406561, -1.5763499354
H  11.2110599616, 1.7959367694, -2.6173027
H  11.0355952897, 0.486701314, -1.1370988094
CN  14.203, 3.317, -0.881
H  13.6086329209, 4.2529434456, -1.0538540371
H  14.6180695783, 3.0530583433, 0.058293655
CN  14.2145776767, 2.4682022157, -1.9535578441
H  14.7508381041, 1.5314509483, -1.8682888066
H  13.6595072209, 2.7454033853, -2.8828293929
CN  17.73, 4.101, -1.047
H  18.1024166852, 3.5413273761, -1.8806118205
H  17.4653188251, 3.6540979227, -0.0722529507
CN  17.5305526312, 5.4489457888, -1.1351153767
H  17.0277426186, 6.0806081384, -0.3856958012
H  17.8009298082, 5.9693251846, -2.052991661
CN  21.257, 4.885, -1.213
H  20.7589017891, 5.7566419611, -0.9680171559
H  21.3480350307, 4.1981031471, -0.4097214901
CN  21.4564396293, 4.5474903151, -2.4925882906
H  21.9064643378, 3.594820508, -2.8077874839
H  21.2360905994, 5.244340698, -3.2571066334
CN  24.784, 5.669, -1.379
H  23.8401585505, 6.1754259647, -1.6652028265
H  25.3494382349, 6.0489860152, -0.4863453572
CN  25.2786819065, 4.6395873214, -2.0450978726
H  26.2337795444, 4.1816603167, -1.7980946849
H  24.7814519442, 4.3068903845, -2.955420899
CN  28.311, 6.453, -1.545
H  28.3385729256, 5.516140808, -1.0378041595
H  28.5347542137, 6.598066191, -2.6232587043
CN  27.9171446214, 7.5646488633, -0.8878491525
H  27.9261969538, 8.4568770332, -1.502152307
H  27.6827453251, 7.5079508129, 0.1326124597
CN  31.838, 7.237, -1.711
H  31.9897145095, 8.3176963855, -1.6376431965
H  31.458448947, 6.5822490381, -0.8776274707
CN  32.23886156, 6.7046850678, -2.8386488507
H  32.1837599723, 5.6361514251, -2.892630862
H  32.7676363983, 7.2437760163, -3.5988406355
