CN  0.095, 0.181, -0.217
H  -0.1418053306, -0.8810813023, -0.3031721984
H  0.1558578067, 0.8229945772, -1.1064261272
CN  0.0714531129, 0.7363221001, 1.0385440844
H  0.2205777178, 1.8068864261, 1.1579431064
H  0.0016732255, 0.1218012371, 1.9624662023
CP  3.622, 0.965, -0.383
H  3.1747490198, 0.8480509902, 0.5992965191
H  4.2268151426, 1.822703327, -0.5887425509
CP  3.4301266489, 0.0441663377, -1.3277045936
H  3.9085384924, 0.0813865561, -2.2740697082
H  2.8185764981, -0.8204034911, -0.9907993417
CN  7.149, 1.749, -0.549
H  7.422082307, 1.2612177036, -1.4636756336
H  7.1203813488, 1.1777464232, 0.3892236265
CN  6.8294392254, 3.0401355152, -0.5774586749
H  6.6022727525, 3.5742538701, 0.347250398
H  6.9615762033, 3.6025030308, -1.4524099159
CN  10.676, 2.533, -0.715
H  11.1049024321, 1.915064312, 0.0709459112
H  10.280569688, 3.5594702582, -0.4329539914
CN  10.5306488263, 2.0965916105, -1.9566785975
H  10.1305424006, 2.7879221882, -2.7585904652
H  10.9674353954, 1.1176685853, -2.2411020801
CN  14.203, 3.317, -0.881
H  13.6337841342, 3.0189472365, -0.0015640618
H  14.5068276083, 4.3486944224, -1.0302636515
CN  14.6232760464, 2.4069498515, -1.7171400842
H  15.2405707003, 2.606400329, -2.6333648899
H  14.4411094163, 1.3357593109, -1.4966590282
CN  17.73, 4.101, -1.047
H  18.4227455527, 3.3349306531, -1.3464139953
H  16.9672872265, 4.4238103098, -1.8352887447
CN  17.6377916269, 4.7496379876, 0.1138610782
H  16.8875151669, 5.5161669241, 0.2005320334
H  18.2366858487, 4.4102042983, 1.0037336689
CN  21.257, 4.885, -1.213
H  21.1923969621, 4.4667808069, -2.1923490374
H  21.1349748436, 4.2058106717, -0.4003927428
CN  21.2470381713, 6.2315606946, -1.0717921305
H  21.0565544984, 6.6484510917, -0.1300010902
H  21.3264639236, 6.887578098, -1.9077809676
CN  24.784, 5.669, -1.379
H  24.718696267, 4.8192036934, -0.7761248095
H  24.6283193747, 6.6787419615, -0.9684159661
CN  24.9646790561, 5.5773264749, -2.6825237934
H  24.9698541434, 6.4633910361, -3.3041692079
H  25.1664812359, 4.6521162999, -3.1958473769
CN  28.311, 6.453, -1.545
H  27.8452489379, 7.3215578325, -1.9950035339
H  28.7056456706, 5.6584223893, -2.1623038536
CN  28.5544854873, 6.4242221027, -0.2559938883
H  29.1710344332, 5.6405616773, 0.1661733937
H  28.2617331156, 7.3522967867, 0.3310692296
CN  31.838, 7.237, -1.711
H  32.6902751275, 6.6344052213, -1.3454949156
H  31.0921420918, 6.7852307629, -2.4176927904
CN  31.7068535777, 8.5343322451, -1.4129819363
H  30.8107305536, 8.9890975677, -1.8168232262
H  32.3939211169, 9.0123031374, -0.7452567525
