CN  0.095, 0.181, -0.217
H  -0.5609073368, -0.2404582262, -0.9681482878
H  1.0185899102, -0.4272246433, 0.0048988736
CN  -0.0705485526, 1.4726835526, 0.2252322431
H  0.7085913593, 1.9378454742, 0.8403537841
H  -0.8732569397, 2.0664563151, -0.1814743669
CP  3.622, 0.965, -0.383
H  3.2419621856, 0.8462279115, 0.6122544837
H  4.0292717229, 1.9400913668, -0.7075725886
CP  3.4852999553, -0.0864721344, -1.2052864187
H  3.8229268224, 0.0322762131, -2.2611150723
H  2.9733369568, -0.9757647167, -0.9212892639
CN  7.149, 1.749, -0.549
H  7.8365007009, 2.0387251071, -1.3404865097
H  6.3897168911, 2.4681841363, -0.2467664393
CN  7.3245422627, 0.5881759576, 0.0808215795
H  6.6572357975, 0.3011442464, 0.8508752619
H  8.1476082389, -0.1021171953, -0.1928539368
CN  10.676, 2.533, -0.715
H  10.1505009824, 1.644001167, -0.2885333997
H  11.2901186439, 2.3684574629, -1.5931447772
CN  10.432043938, 3.7080213592, -0.1702952979
H  10.9017830308, 4.5886937899, -0.5888228917
H  9.915984128, 3.7858679003, 0.8139244847
CN  14.203, 3.317, -0.881
H  14.7218728239, 2.3900608987, -0.7815648022
H  13.5796318766, 3.7258244713, -0.0499210699
CN  14.1714400328, 3.8948908035, -2.0787808596
H  13.7113396634, 4.8674439315, -2.1464976356
H  14.6912166949, 3.4566021415, -2.8899980947
CN  17.73, 4.101, -1.047
H  16.9100866167, 3.7961177537, -1.7058582709
H  18.3231345982, 4.9456371668, -1.3656038333
CN  18.0370055843, 3.4456202607, 0.0378307026
H  18.8442273351, 3.7030027286, 0.6861620663
H  17.5627205344, 2.5686573429, 0.333188636
CN  21.257, 4.885, -1.213
H  21.7212755629, 3.9216300741, -1.3759562651
H  20.7638772799, 5.0747935644, -0.2261603971
CN  21.0581703726, 5.7120776288, -2.2267904441
H  20.5735877274, 6.6518211295, -2.1074909025
H  21.5927072068, 5.5419267373, -3.1098728688
CN  24.784, 5.669, -1.379
H  24.2507591248, 6.6226301489, -1.3631078322
H  25.2121397366, 5.2178972166, -0.5368254689
CN  25.0550127976, 5.135246196, -2.5863655709
H  25.7099287092, 4.2737298901, -2.6542322519
H  24.6897610425, 5.5405210926, -3.5078040629
CN  28.311, 6.453, -1.545
H  29.0570671013, 5.6909583935, -1.3340190752
H  27.8455777943, 6.5504497786, -2.5600382963
CN  28.0994907985, 7.3518363073, -0.6052374276
H  27.4487358596, 8.2207994766, -0.8396736089
H  28.5705797159, 7.1431891536, 0.3393034834
CN  31.838, 7.237, -1.711
H  31.0454528691, 7.9155957944, -1.620761079
H  32.1638584346, 6.5700372588, -0.9076558562
CN  32.5405531437, 7.2929473281, -2.8124705106
H  33.3153456146, 6.5894657629, -2.8028662199
H  32.3580300227, 7.9514711673, -3.7358721017
