CN  0.095, 0.181, -0.217
H  -0.8503077485, -0.1200527476, 0.3215116376
H  1.0573846946, -0.1837615628, 0.1647895608
CN  -0.0741127856, 1.042492896, -1.3015799714
H  0.7443295663, 1.4704723491, -1.8707369986
H  -1.1145305994, 1.3476416584, -1.4743420098
CP  3.622, 0.965, -0.383
H  4.6181084647, 0.4001340812, -0.3424858264
H  2.9977302492, 0.8221393746, -1.2117222968
CP  3.2566106055, 1.817877314, 0.5953265119
H  2.3164559084, 2.3688808496, 0.6057715579
H  3.8957481195, 1.8597860109, 1.484748787
CN  7.149, 1.749, -0.549
H  7.4459150869, 1.2369783653, -1.456070366
H  7.1342408492, 1.2286411223, 0.4077897578
CN  6.8055700859, 3.0431868525, -0.5843919958
H  6.5286402986, 3.5407053327, 0.3506751561
H  6.9892461257, 3.6429263828, -1.4749756214
CN  10.676, 2.533, -0.715
H  10.2575113228, 3.4792524619, -0.5026818864
H  11.0207594823, 2.2184245148, -1.7289882382
CN  10.779838201, 1.6693636554, 0.2838276352
H  11.3190059944, 0.7932742895, 0.1017695097
H  10.4893329905, 1.905323722, 1.3342500233
CN  14.203, 3.317, -0.881
H  13.3641916483, 3.183164646, -0.2457179701
H  15.1677496019, 2.8236158247, -0.5804827278
CN  14.1741190251, 4.0957430617, -1.9439300871
H  15.1055138581, 4.2523433604, -2.5059984862
H  13.2233823096, 4.5715315736, -2.1887373666
CN  17.73, 4.101, -1.047
H  17.6994215287, 5.0633897499, -1.4639377789
H  17.6791087346, 3.2132340627, -1.6612562917
CN  17.8888960648, 3.9285397089, 0.2701336126
H  18.0774627484, 2.9126984165, 0.6246799
H  17.9584053967, 4.8737847893, 0.8340788738
CN  21.257, 4.885, -1.213
H  20.7310481557, 5.3077531133, -0.424178411
H  21.3592156557, 5.4841859519, -2.0975274722
CN  21.7546852579, 3.6984681108, -0.9966822495
H  22.2650359884, 3.1126833941, -1.8273810637
H  21.473740958, 3.1701040232, -0.0867381236
CN  24.784, 5.669, -1.379
H  24.5066643179, 4.8995727867, -2.0725323521
H  24.8382531877, 6.6946204395, -1.7150720925
CN  25.0852320046, 5.386115197, -0.1277749648
H  25.3249305593, 6.1667500069, 0.570423658
H  25.1376375263, 4.3136216017, 0.1721095362
CN  28.311, 6.453, -1.545
H  27.7760428789, 6.1083353167, -2.4111099934
H  29.0467039722, 5.8657240774, -1.074063274
CN  28.0086162414, 7.637952994, -1.0705540735
H  28.478874736, 7.9993524379, -0.1354120601
H  27.2812024648, 8.259627813, -1.5921251131
CN  31.838, 7.237, -1.711
H  31.7683561122, 8.245811499, -1.7699699614
H  31.3816694694, 6.543117785, -2.3730579875
CN  32.5349857384, 6.7474650941, -0.666761896
H  32.5900867836, 5.6909210378, -0.5910248804
H  33.0846045485, 7.4673761343, -0.1043090425
