CN  0.095, 0.181, -0.217
H  0.9701934254, 0.2249146594, 0.4367903865
H  -0.1056331631, -0.6720343254, -0.8342299202
CN  -0.7150959562, 1.3001595781, -0.1614331243
H  -1.6477216102, 1.3908700852, -0.7202146453
H  -0.2992198932, 2.0602676897, 0.4701637571
CP  3.622, 0.965, -0.383
H  3.7001362949, 1.1272012315, 0.7488643348
H  3.2372701471, 1.7125602819, -1.0765260608
CP  3.9229746693, -0.1980080351, -0.9240712845
H  3.7916333312, -0.310095597, -2.0368840714
H  4.1867879633, -1.0448022147, -0.3180335425
CN  7.149, 1.749, -0.549
H  7.1165438628, 1.9585872123, -1.6117583532
H  7.0758970377, 0.6755450847, -0.1905607267
CN  7.3824069443, 2.7326552767, 0.3280854545
H  7.3705873399, 2.5862117827, 1.4033777083
H  7.5993760209, 3.7329273926, -0.09054587
CN  10.676, 2.533, -0.715
H  11.04765554, 3.3567882121, -1.3306207096
H  10.4232072997, 2.7225465166, 0.2876382648
CN  10.6625083254, 1.311717642, -1.155886282
H  10.3136236941, 0.4993793172, -0.5982615565
H  10.9291038636, 1.1193963221, -2.1964252415
CN  14.203, 3.317, -0.881
H  14.0242298277, 4.4200690815, -0.6719325393
H  14.3467183975, 2.6114591828, -0.1245490382
CN  14.1617334465, 2.9091912094, -2.1299838941
H  14.1699925285, 1.8463093115, -2.3271346384
H  13.9870241495, 3.5629061121, -2.9768502418
CN  17.73, 4.101, -1.047
H  17.4499847518, 4.7226471157, -0.1961970213
H  17.890418481, 4.5189814756, -2.0689809383
CN  18.0275609298, 2.8313067448, -0.8169860323
H  18.2782621465, 2.1851647671, -1.688551497
H  17.8506968984, 2.3606999774, 0.129538552
CN  21.257, 4.885, -1.213
H  21.1267389319, 5.9399157721, -0.8910694448
H  21.4028408898, 3.9963948391, -0.5760624001
CN  21.2072425418, 4.690034784, -2.5305965436
H  21.3170641549, 3.7231492877, -2.9612690078
H  21.0889126561, 5.5402020358, -3.2484078558
CN  24.784, 5.669, -1.379
H  24.8012102623, 5.2338624851, -2.3741540995
H  24.8087470382, 6.7468288125, -1.2552658074
CN  24.8308684925, 4.9557437573, -0.2655025848
H  24.8867206393, 5.5490554078, 0.6648264733
H  24.8591915763, 3.8568846543, -0.2836024055
CN  28.311, 6.453, -1.545
H  28.6601758428, 7.0755475262, -0.7365337001
H  28.1198445301, 5.4355727217, -1.3209928152
CN  28.0946769622, 7.0283240411, -2.7169236515
H  27.5291668224, 6.3749906461, -3.4270642565
H  28.2414832538, 8.0541342964, -2.8854544289
CN  31.838, 7.237, -1.711
H  31.1001632728, 6.6936325998, -1.0914808785
H  32.3772862139, 6.7286951131, -2.439871993
CN  31.9540623809, 8.5101393913, -1.4502079871
H  32.5443095896, 9.1562726037, -2.1297568414
H  31.279478591, 9.0504203563, -0.7135102843
