CN  0.095, 0.181, -0.217
H  -0.2657030597, -0.8201570712, -0.0603821513
H  0.8145483461, 0.3767375136, -0.9761594346
CN  -0.13317894, 1.1670480266, 0.7441303959
H  0.3824853007, 2.1579693272, 0.6296385274
H  -0.6903009206, 0.9639714348, 1.6291835865
CP  3.622, 0.965, -0.383
H  3.4537817052, 1.9908131986, -0.0714248856
H  4.0720238126, 0.2086652081, 0.2100354753
CP  3.3825771668, 0.6966592551, -1.6693722445
H  3.5599149447, -0.2870922012, -2.1225534025
H  2.9850240189, 1.4756993432, -2.3423134249
CN  7.149, 1.749, -0.549
H  7.2150701914, 0.9057916377, 0.1496039535
H  7.0685292201, 2.7717168828, -0.16654515
CN  7.2641197712, 1.5556016299, -1.8618921197
H  7.2147016939, 2.3869110406, -2.5630367826
H  7.3406199938, 0.5342245259, -2.2219041548
CN  10.676, 2.533, -0.715
H  11.3393803545, 3.2831002092, -0.3574736815
H  9.7404478331, 2.9127156768, -1.2071027069
CN  10.9903498544, 1.2801682355, -0.5923134565
H  10.254470656, 0.5224817703, -0.9288820251
H  11.8857870779, 0.961027813, -0.0492925748
CN  14.203, 3.317, -0.881
H  14.2668782284, 4.0760045843, -1.6604925969
H  13.6192611103, 3.441369074, 0.0355874127
CN  14.8507076998, 2.1721106297, -1.0899973684
H  14.7273220015, 1.3265162325, -0.3758418705
H  15.3712185103, 2.074462638, -2.0381997002
CN  17.73, 4.101, -1.047
H  18.3484464613, 3.3268485289, -1.2858013727
H  17.2383461868, 4.6470799444, -1.8480303179
CN  17.4110691664, 4.3675899081, 0.2075478925
H  16.7768753631, 5.2070638215, 0.438825202
H  17.8456334827, 3.8352065657, 1.0620786401
CN  21.257, 4.885, -1.213
H  21.5054642705, 3.9717864707, -0.5992238765
H  21.1181560966, 5.8475204323, -0.6856904753
CN  21.0190065188, 4.8512184546, -2.5175273389
H  20.6122804959, 5.7055648496, -3.0099639595
H  21.0322358851, 3.9221077497, -3.0868746633
CN  24.784, 5.669, -1.379
H  25.3213942374, 5.0225772526, -0.6575101161
H  24.5555647457, 5.1974151522, -2.3456665457
CN  24.4690536056, 6.9381816706, -1.1321670664
H  23.9718165386, 7.5692143102, -1.8914304318
H  24.8467827228, 7.3426873453, -0.220054082
CN  28.311, 6.453, -1.545
H  28.4704971631, 5.8663780793, -2.4965714143
H  28.1496516886, 6.0032884044, -0.5400606958
CN  28.3079516069, 7.7737288413, -1.5517485084
H  28.1862659056, 8.341117179, -0.6335936297
H  28.4280957087, 8.3569116048, -2.4881573269
CN  31.838, 7.237, -1.711
H  31.9925960908, 8.2530590568, -1.7581203316
H  31.6815462515, 6.6510796613, -2.5837082561
CN  31.6447520009, 6.6343414248, -0.5347589607
H  31.4080417868, 5.529799436, -0.4947825245
H  31.7079874438, 7.2818828953, 0.4103190634
