CN  0.095, 0.181, -0.217
H  0.8223168472, 0.2760001124, 0.603211274
H  0.1951502824, -0.680192587, -0.8256294275
CN  -0.9435177116, 1.0975833254, -0.4653374107
H  -1.6530757118, 1.029530508, -1.2675134581
H  -0.9979081217, 1.9512850955, 0.2321304759
CP  3.622, 0.965, -0.383
H  3.458289096, 1.5863533148, 0.4817032191
H  3.7358177711, 1.3747128105, -1.3725286133
CP  4.1385755735, -0.1949126938, -0.0946915761
H  4.4200094965, -0.9025835306, -0.8921831189
H  4.2045996606, -0.4874408667, 0.9308439344
CN  7.149, 1.749, -0.549
H  7.6725550736, 2.1344967341, 0.3095203822
H  6.8541611715, 0.6950163932, -0.5418032792
CN  6.8167309322, 2.5013620501, -1.645623177
H  6.2100880695, 2.0673699099, -2.4419540147
H  7.0848906633, 3.5581858782, -1.7558829166
CN  10.676, 2.533, -0.715
H  10.6587643266, 2.1121497061, -1.7355494873
H  10.2040232359, 3.4872357197, -0.5309000872
CN  11.3018294097, 1.9155886884, 0.2933161827
H  11.2153872202, 2.3261969516, 1.2882709148
H  11.9492450006, 1.0551552278, 0.1056895519
CN  14.203, 3.317, -0.881
H  14.0782773403, 2.868429041, -1.8823619922
H  14.248892497, 2.662451886, -0.0491940965
CN  14.1232759658, 4.6168469089, -0.6557234458
H  14.3221696276, 5.0236892182, 0.3314402779
H  13.8767333693, 5.2919451083, -1.4355401652
CN  17.73, 4.101, -1.047
H  17.5008803189, 4.6034277331, -0.1544169491
H  18.225502083, 3.1285161294, -0.9915646139
CN  17.3731197307, 4.5700926879, -2.2400098565
H  17.5744253671, 4.0086889156, -3.153284351
H  16.7844993105, 5.4627018772, -2.3494248401
CN  21.257, 4.885, -1.213
H  20.3738674096, 5.539766856, -1.0042637176
H  21.7899626993, 5.0320913421, -2.148166828
CN  21.7565449185, 4.165071651, -0.2481941194
H  22.7133091769, 3.6940557935, -0.3611200889
H  21.1755790413, 4.0114710336, 0.68650174
CN  24.784, 5.669, -1.379
H  24.2499109126, 5.764882711, -2.3810975435
H  25.3463558958, 4.74760869, -1.1219990747
CN  24.8756315339, 6.7623529146, -0.5681181958
H  25.5847953613, 6.6184839163, 0.2617199751
H  24.4634638465, 7.7394531519, -0.8534219753
CN  28.311, 6.453, -1.545
H  27.4175332647, 7.155101294, -1.7632117244
H  29.027778336, 6.6748596106, -0.7789542648
CN  28.4793775305, 5.4177570807, -2.3069686829
H  29.3357979804, 4.7375006488, -2.1401169719
H  27.6890681242, 5.2337912575, -3.0602740792
CN  31.838, 7.237, -1.711
H  31.3731770237, 7.1880574083, -2.699900739
H  31.789108448, 8.1195981118, -1.1420351548
CN  32.3573027981, 6.1708777282, -1.1413709984
H  32.7949387762, 6.315427337, -0.1310595067
H  32.537764416, 5.1867505324, -1.6193508013
