CN  0.095, 0.181, -0.217
H  -0.1761914448, -0.0142883143, -1.2467832623
H  0.9126831857, 0.9405549119, 0.0433784371
CN  -0.474577624, -0.5601316712, 0.8296013493
H  -0.2229648841, -0.3795550471, 1.8424096791
H  -1.181946318, -1.3646822875, 0.5808593825
CP  3.622, 0.965, -0.383
H  3.5945804937, 0.4530839443, -1.3260410272
H  3.6974922877, 0.3231702667, 0.5032667794
CP  3.6395285086, 2.291669027, -0.3620657432
H  3.661948463, 2.9682685252, 0.5445108285
H  3.6078101788, 2.7854521925, -1.3376063108
CN  7.149, 1.749, -0.549
H  6.512676479, 2.4996368055, -1.0906057738
H  7.521799782, 2.0458100368, 0.418145127
CN  7.3928233527, 0.5831323348, -1.069182307
H  8.1091398677, -0.0781532916, -0.5759642882
H  6.9552701988, 0.3339217971, -2.0511766304
CN  10.676, 2.533, -0.715
H  11.4456477111, 1.8343548476, -1.0482284739
H  9.7676953712, 2.5841786983, -1.3114348466
CN  10.7446375599, 3.2509003236, 0.4198126219
H  9.8533512653, 3.8120728691, 0.7545887289
H  11.6517153574, 3.1914088936, 1.0108896565
CN  14.203, 3.317, -0.881
H  14.2918088069, 4.4059926423, -1.008331486
H  13.863055393, 2.7092015839, -1.693313825
CN  14.53230393, 2.8846059639, 0.3279629113
H  14.4352687158, 1.8881608996, 0.6666962072
H  14.9297335798, 3.5811587805, 1.02830251
CN  17.73, 4.101, -1.047
H  17.2046859341, 4.9631872287, -1.4791575702
H  18.0675282458, 4.1803143112, -0.0297538859
CN  17.9655091131, 2.9620494131, -1.7415637072
H  18.5416739264, 2.1474539017, -1.2343457852
H  17.8030869814, 2.9400441434, -2.8555651636
CN  21.257, 4.885, -1.213
H  21.795652496, 3.9759365253, -0.9782997814
H  20.7234314258, 5.4978771854, -0.4617473204
CN  21.245345207, 5.3511918816, -2.4326949926
H  20.7626402472, 6.2792989678, -2.7596910973
H  21.7088344434, 4.7417804076, -3.2414503353
CN  24.784, 5.669, -1.379
H  25.4905796945, 6.0427938519, -0.6858349337
H  23.9359871112, 6.2871587866, -1.4792010222
CN  24.8827232629, 4.443882336, -1.9047347974
H  24.1048001441, 3.9900979902, -2.5458764487
H  25.7990199105, 3.8633062428, -1.7680655477
CN  28.311, 6.453, -1.545
H  27.495271648, 7.1222305122, -1.8568921983
H  28.9124449047, 6.7545258198, -0.6572805489
CN  28.5586229388, 5.2963191567, -2.1018149725
H  29.4757458003, 4.6970452798, -1.7338588824
H  27.9590367577, 4.9290619595, -2.9129388299
CN  31.838, 7.237, -1.711
H  31.9416273557, 6.2529616728, -2.1818403022
H  31.5452768211, 8.1325463134, -2.2664776978
CN  32.1668684605, 7.4691204119, -0.452718429
H  32.1957826983, 8.4513362437, 0.0458118615
H  32.4667582408, 6.6121179988, 0.1715138624
