CN  0.095, 0.181, -0.217
H  -0.1871726337, 0.1912505041, -1.2203447344
H  1.1462307394, 0.031726036, 0.1143481064
CN  -0.8803892756, 0.4863890654, 0.7467994293
H  -0.569420065, 0.4688799627, 1.7806576289
H  -1.9488485089, 0.7057157599, 0.4815315446
CP  3.622, 0.965, -0.383
H  3.2581941923, 1.6056749909, 0.4082159128
H  3.814407596, 1.4641797428, -1.3285492152
CP  3.9909631338, -0.2902444874, -0.1935679343
H  4.3465247707, -0.9110824276, -1.0013600534
H  3.7645814643, -0.832672751, 0.707388787
CN  7.149, 1.749, -0.549
H  6.9573740685, 2.3534604022, -1.376380534
H  7.5948491307, 0.7503940022, -0.8028115201
CN  6.9508068401, 2.1509159846, 0.7386697394
H  7.2833583698, 1.4894140303, 1.5169557077
H  6.4916308001, 3.0777713598, 1.0858374854
CN  10.676, 2.533, -0.715
H  10.6791674056, 1.5841233758, -1.1970573191
H  11.1132271961, 2.6588981139, 0.2654306452
CN  10.0525399587, 3.5111584714, -1.3010407687
H  9.962543145, 4.4778784912, -0.7492083941
H  9.6234494957, 3.3731266476, -2.3173310308
CN  14.203, 3.317, -0.881
H  14.3217737932, 3.2027927485, -1.9604483108
H  14.0290567553, 2.3855547559, -0.3179514266
CN  14.185458075, 4.5502607131, -0.3572635244
H  14.0807603179, 4.6698594262, 0.6913903883
H  14.1568953122, 5.4585948415, -0.9451975308
CN  17.73, 4.101, -1.047
H  18.5266739998, 4.2816785066, -0.3306942725
H  16.8136555371, 4.5973713491, -1.0230066419
CN  17.7800678517, 2.9267682337, -1.5817460972
H  17.0279114537, 2.5738433255, -2.2739726388
H  18.7123651475, 2.3159250876, -1.49783349
CN  21.257, 4.885, -1.213
H  21.366985675, 5.7428080401, -1.8141733561
H  20.6704637993, 4.9391435102, -0.2791060762
CN  21.6581667218, 3.6930586478, -1.6455085021
H  21.4092802651, 2.8238415562, -1.0366535004
H  22.0754951525, 3.5370151912, -2.6360218838
CN  24.784, 5.669, -1.379
H  24.1065642498, 5.6962581227, -2.2837721928
H  25.2665684659, 6.5921163298, -1.078264529
CN  25.0802342881, 4.5521231153, -0.7439614398
H  25.848979959, 4.5927177059, 0.0343500026
H  24.6896727081, 3.6117926248, -1.0613733161
CN  28.311, 6.453, -1.545
H  28.8337416514, 6.6345126403, -2.5372536455
H  27.7812293657, 5.5401107058, -1.3529165676
CN  28.3059919605, 7.2957757986, -0.4901738089
H  27.8926874529, 6.9872373858, 0.4465264586
H  28.6885749386, 8.3005782628, -0.618167058
CN  31.838, 7.237, -1.711
H  31.1267379905, 7.4069594157, -0.8498399302
H  31.6258164249, 6.3920811911, -2.4204402876
CN  32.8445758177, 8.0884325603, -1.8201253989
H  33.6046151456, 8.0058898609, -2.6073985743
H  32.9627311088, 8.8065631368, -1.0905004577
