CN  0.095, 0.181, -0.217
H  -0.3706127155, 1.0020444582, 0.287462414
H  1.0131019653, -0.1823084015, 0.1785292215
CN  -0.5991345534, -0.4606223649, -1.2722607588
H  -0.0954799831, -1.2486126683, -1.8575831396
H  -1.5196269482, -0.0519746679, -1.5704148209
CP  3.622, 0.965, -0.383
H  4.0159305643, 0.5605818449, 0.4964974346
H  3.5643620938, 0.3180167231, -1.22376831
CP  3.3004088144, 2.2349466818, -0.4382467345
H  3.0085297387, 2.7075565871, -1.3723073871
H  3.5804855335, 2.8730714993, 0.4049822012
CN  7.149, 1.749, -0.549
H  6.2576856269, 1.6658308621, 0.1377042567
H  8.0976032971, 2.0493858033, -0.0489266388
CN  7.0506350928, 1.6429855115, -1.8522797713
H  7.8931859394, 1.7394695096, -2.4855125906
H  6.1207385967, 1.4235083476, -2.3414801491
CN  10.676, 2.533, -0.715
H  10.4894882041, 3.5048726793, -0.3006109515
H  10.5830132921, 2.4008122294, -1.7679695556
CN  10.9664237269, 1.47760674, 0.0845178247
H  10.9670292639, 0.4646210509, -0.3339083867
H  11.0199112084, 1.5872300776, 1.1496782471
CN  14.203, 3.317, -0.881
H  13.5288338589, 4.2289910625, -0.8722777682
H  14.6890350005, 2.9994591998, -1.8035353175
CN  14.5563595146, 2.7523729615, 0.2567220786
H  15.1720678407, 1.8453709322, 0.2617715049
H  14.1158129165, 3.0879657295, 1.195294938
CN  17.73, 4.101, -1.047
H  17.2491397507, 3.1505305083, -1.0360936719
H  18.1532810264, 4.4317374812, -2.0223591185
CN  17.8664024751, 4.8239001419, 0.0624939346
H  18.4107973636, 5.6768848151, 0.0967489415
H  17.5495529188, 4.362383803, 1.0162643871
CN  21.257, 4.885, -1.213
H  21.8315877424, 5.1043622821, -0.2432893949
H  20.4354678667, 5.6076349075, -1.490991686
CN  21.5489888374, 3.7351900425, -1.819598571
H  21.0581408629, 3.4513844189, -2.7484899199
H  22.3610826624, 3.1781416547, -1.4058025035
CN  24.784, 5.669, -1.379
H  25.1743688839, 4.8856872415, -2.0098715576
H  24.7288141606, 5.3161109395, -0.335018231
CN  24.4427148106, 6.8662040185, -1.8601027532
H  23.9892595882, 7.5748467101, -1.1318228772
H  24.5251367329, 7.1037941718, -2.9077961896
CN  28.311, 6.453, -1.545
H  28.1119743944, 7.2474524326, -0.8310980091
H  28.6716525885, 5.51424498, -1.2069871306
CN  28.2761716538, 6.6823463677, -2.8446122331
H  28.5085292468, 5.8595339197, -3.5100458154
H  27.8677249257, 7.6748406498, -3.1776947437
CN  31.838, 7.237, -1.711
H  30.9399144878, 6.5863332381, -1.6157084582
H  32.1491623436, 7.6608457249, -2.6584095989
CN  32.5726782551, 7.3664065584, -0.6323984008
H  33.4565375049, 7.9835736849, -0.6537676694
H  32.2751351094, 7.0212120665, 0.3673496683
