CN  0.095, 0.181, -0.217
H  -0.4219146664, 0.9041509833, 0.3515241202
H  0.2453512914, 0.2869293104, -1.2150976234
CN  0.5409713802, -1.0178209197, 0.3696696716
H  1.1064748599, -1.7816240843, -0.1939410649
H  0.3723899356, -1.222511652, 1.4519808931
CP  3.622, 0.965, -0.383
H  4.4961953992, 0.5708192245, 0.1663744994
H  2.8274589933, 1.5079596766, 0.0817324257
CP  3.5863124116, 0.8740990231, -1.7282191309
H  2.6881802037, 1.2162403997, -2.2639294463
H  4.3526283717, 0.3580344699, -2.2764866229
CN  7.149, 1.749, -0.549
H  7.0295246927, 2.5724861643, -1.1958642177
H  7.4033444385, 0.7687839048, -0.9720572642
CN  7.0219711392, 1.8729108094, 0.7901479866
H  7.1756159095, 0.9912491759, 1.3824082494
H  6.7866389117, 2.8555867785, 1.2396381787
CN  10.676, 2.533, -0.715
H  10.0226305277, 1.8352795495, -0.1981250728
H  11.1209284295, 3.3714975944, -0.1208172311
CN  10.8040158981, 2.4297079709, -2.0551388167
H  11.3997922644, 3.0894421172, -2.6860094282
H  10.1586980714, 1.7274154967, -2.5430978266
CN  14.203, 3.317, -0.881
H  13.5572649717, 2.9182518278, -1.6498218496
H  15.1685963168, 2.9187036528, -0.8345754963
CN  13.9980949493, 4.4720705128, -0.2500995547
H  14.7515385486, 4.8492155448, 0.396466018
H  13.0300604027, 5.0379970392, -0.3458332754
CN  17.73, 4.101, -1.047
H  18.2613048604, 3.2030873222, -1.3492489508
H  17.4226069911, 4.2933143495, -0.0127050914
CN  17.5478144044, 5.046964014, -1.9825583488
H  17.0615940621, 5.9987489272, -1.7567507201
H  17.8523388481, 4.9349058823, -3.0126429098
CN  21.257, 4.885, -1.213
H  21.6386839648, 5.4666455604, -0.3593899921
H  20.7923129731, 5.3762529612, -2.0415500922
CN  21.5103368082, 3.5867920492, -1.2407987609
H  21.1352276369, 3.0204236302, -2.0738923013
H  22.1063452147, 3.1430458833, -0.4405075385
CN  24.784, 5.669, -1.379
H  25.0925854928, 5.5260792461, -0.3533405322
H  24.9542998205, 4.8939347697, -2.1380350725
CN  24.3250996511, 6.8581592228, -1.8330831273
H  24.1437259285, 6.9637606071, -2.8754500142
H  24.2905845938, 7.7455038444, -1.1532598613
CN  28.311, 6.453, -1.545
H  28.6479919031, 5.3708045151, -1.41879225
H  28.3709109728, 7.1904821294, -0.7175063708
CN  27.9001098884, 6.7769759826, -2.7659619133
H  27.7362689982, 7.8110812369, -3.0032319536
H  27.9352182815, 6.0401925721, -3.5548167903
CN  31.838, 7.237, -1.711
H  32.2228699857, 8.2032384563, -1.3226397335
H  30.8868649737, 7.2521863278, -2.2538742069
CN  32.4294109037, 6.0801487759, -1.565951827
H  31.9800462213, 5.147968979, -1.9510192011
H  33.4336937807, 6.0320329065, -1.089575737
