CN  0.095, 0.181, -0.217
H  -0.0525756142, 1.1350645661, -0.6449364609
H  0.4859121802, 0.0339998415, 0.7887749018
CN  -0.3037501174, -0.8490240528, -1.0417430246
H  -0.3932575941, -1.8326644076, -0.6642426546
H  -0.7922226491, -0.5447281962, -1.9905666101
CP  3.622, 0.965, -0.383
H  4.4828675175, 1.5073730736, -0.7575989281
H  2.9634037647, 0.4196101065, -1.013182755
CP  3.4604708905, 0.9251547448, 0.9415724433
H  2.652509341, 0.3409073549, 1.3844273956
H  4.1996010269, 1.4850562739, 1.5624211719
CN  7.149, 1.749, -0.549
H  7.5959701633, 0.8870595534, -1.0119715309
H  6.7284154384, 2.5517534083, -1.1815534676
CN  7.3299541523, 1.8495599099, 0.7610093355
H  6.9565674415, 2.7266639333, 1.2580280318
H  7.8558684869, 1.0382661924, 1.3361634638
CN  10.676, 2.533, -0.715
H  11.6149204079, 2.7774464626, -0.2168591629
H  9.8006819126, 2.6814888182, -0.1454639422
CN  10.5700745597, 2.1031325622, -1.9344434061
H  9.6456089329, 1.8537088071, -2.3985736802
H  11.4895976632, 1.9115800941, -2.5007625037
CN  14.203, 3.317, -0.881
H  14.7707424279, 3.0612685143, -0.0142094417
H  14.0336104901, 2.4791395674, -1.55942854
CN  13.9215636918, 4.5511874261, -1.3278201627
H  13.4752824131, 4.585468757, -2.3424011978
H  14.1298878973, 5.445107287, -0.8173410148
CN  17.73, 4.101, -1.047
H  18.3617958442, 3.380453716, -0.4554386733
H  17.003353236, 4.7474716451, -0.5571157298
CN  17.6995767596, 3.9890360671, -2.3569841547
H  17.0489332964, 4.7155583107, -2.8006349874
H  18.2933765332, 3.2767320233, -2.8930622002
CN  21.257, 4.885, -1.213
H  21.8598193922, 5.8157074513, -1.3598851837
H  20.3833000788, 4.6456193797, -1.7832422312
CN  21.581162708, 4.0711661984, -0.2467204655
H  21.0108172653, 3.2000402815, -0.0446688971
H  22.4500435498, 4.315786291, 0.3442523279
CN  24.784, 5.669, -1.379
H  24.2849072846, 5.4916537699, -0.4099845611
H  25.4150820622, 4.9267760438, -1.8802453777
CN  24.6387970805, 6.829335613, -1.987243246
H  25.1552564178, 6.9875866575, -2.9555140699
H  23.9776701395, 7.5718823772, -1.5368421718
CN  28.311, 6.453, -1.545
H  28.8246599945, 6.0532288822, -2.3890311442
H  27.6741600748, 5.8188129898, -0.9890351077
CN  28.4285351292, 7.7502215774, -1.2166913079
H  27.8706010722, 8.0872702296, -0.401651968
H  29.0580236551, 8.3914985879, -1.7678961231
CN  31.838, 7.237, -1.711
H  32.1495622822, 8.0089342191, -2.4806736616
H  31.004939585, 6.5458796976, -1.8791121825
CN  32.4830211451, 7.1813983888, -0.5506332301
H  32.2746705922, 6.5494381742, 0.3349630964
H  33.2255124931, 7.9201813682, -0.4614008678
