CN  0.095, 0.181, -0.217
H  0.4413912479, 1.1773156421, 0.1298586185
H  0.3281574424, -0.214715736, -1.2565225795
CN  -0.6951044952, -0.6835984122, 0.5348866585
H  -1.0015860687, -1.6057059626, 0.1078140753
H  -1.0477461057, -0.4596583436, 1.568025729
CP  3.622, 0.965, -0.383
H  3.3671797304, 2.0185739457, -0.3234405602
H  3.8877655556, 0.3856519584, 0.5257608416
CP  3.6259193023, 0.3891672183, -1.566136258
H  3.8795729344, -0.6551542995, -1.5855718547
H  3.288673078, 0.9392549851, -2.4533786928
CN  7.149, 1.749, -0.549
H  6.3595047608, 2.479026294, -0.9451809716
H  7.7154363465, 2.034880967, 0.2985021425
CN  7.239670192, 0.5645199996, -1.0585125627
H  7.971755387, -0.1823912108, -0.7598653922
H  6.6443227688, 0.2772227111, -1.9307962096
CN  10.676, 2.533, -0.715
H  10.9844080781, 3.1631251586, -1.5357907124
H  10.4163443769, 1.5474648516, -0.9953931768
CN  10.5434454227, 2.932927858, 0.5267711288
H  9.9889699876, 2.2940690658, 1.2592016936
H  10.8344449231, 3.9484147716, 0.7978215546
CN  14.203, 3.317, -0.881
H  14.4157378782, 3.0670244801, 0.1675320939
H  13.9886095712, 4.3403830491, -1.0997869339
CN  14.25907335, 2.3338024567, -1.759446374
H  14.0458231108, 2.5916089243, -2.7652013992
H  14.3930843717, 1.3125568159, -1.4318505702
CN  17.73, 4.101, -1.047
H  17.6865955376, 3.403115603, -1.8159647655
H  17.6827153275, 5.1388380064, -1.3150054127
CN  17.8077650958, 3.7180651372, 0.1966889988
H  17.8041844947, 4.4769866073, 0.94858167
H  17.791814374, 2.6729753597, 0.408789693
CN  21.257, 4.885, -1.213
H  20.7322840332, 4.687177393, -2.1233626046
H  21.8117694662, 4.0842429252, -0.7720305873
CN  21.1406182336, 6.0332484753, -0.6161883816
H  21.7179160894, 6.1768702575, 0.2934513045
H  20.516139317, 6.8170149335, -1.0203061403
CN  24.784, 5.669, -1.379
H  24.7823709316, 5.9144153619, -2.377313747
H  24.6354041356, 6.3731340216, -0.5790277155
CN  25.2004478079, 4.5228948412, -0.985804636
H  25.3483275954, 4.3612576559, 0.0889114983
H  25.5116009913, 3.7307803439, -1.6715679796
CN  28.311, 6.453, -1.545
H  28.4801418385, 7.1823176389, -0.7196444455
H  28.0552512265, 5.3712377761, -1.3204198979
CN  28.4219762104, 6.7898620432, -2.8373092321
H  28.3022801613, 6.0769940689, -3.5981348938
H  28.6278734822, 7.8413134114, -3.0381627679
CN  31.838, 7.237, -1.711
H  31.1254894271, 7.0516036751, -0.9073919677
H  31.6330275187, 7.8817020315, -2.5590774218
CN  33.041954688, 6.6524937883, -1.6283842047
H  33.8435399376, 6.7813309355, -2.4018492256
H  33.1736432954, 5.8657713523, -0.8230966586
