CN  0.095, 0.181, -0.217
H  0.3209548671, 1.2523331492, -0.0664669758
H  0.4785272029, -0.5511156068, 0.4694063298
CN  -0.5925979654, -0.2142216187, -1.4277991698
H  -0.6903450878, -1.2530579357, -1.6685196684
H  -0.7235172874, 0.4689952948, -2.2125485171
CP  3.622, 0.965, -0.383
H  3.1450112028, 0.1449172707, -0.94366785
H  4.1798220903, 1.6494441272, -0.9653195541
CP  3.7683972032, 1.0292741709, 0.9316061717
H  4.2906355352, 1.8179158015, 1.3664242434
H  3.4067482541, 0.181437399, 1.5306969604
CN  7.149, 1.749, -0.549
H  7.3286187825, 2.4364440785, 0.2763114755
H  6.8863775396, 2.1341044401, -1.5088309302
CN  7.6000894135, 0.5039051927, -0.3717226099
H  7.6454718375, -0.1793084058, -1.2149256802
H  7.9710296121, 0.2829403934, 0.6144024791
CN  10.676, 2.533, -0.715
H  10.654814457, 1.6052437809, -1.3000690551
H  10.6085802862, 3.4905150965, -1.229756507
CN  10.6893918051, 2.4905946969, 0.5920941716
H  10.7555959182, 3.4266572771, 1.0980411966
H  10.7251385282, 1.510541029, 1.1493565489
CN  14.203, 3.317, -0.881
H  13.3658803007, 3.951424498, -0.440813804
H  15.1120510174, 3.0717084313, -0.2895191443
CN  14.0404560474, 2.8781260825, -2.1407636385
H  14.8784144136, 2.2941815569, -2.5725014954
H  13.1909642728, 3.1554701498, -2.7963324409
CN  17.73, 4.101, -1.047
H  18.5959505409, 3.9773385317, -1.7139808602
H  16.9067469934, 4.7519681637, -1.3606388622
CN  17.7718921664, 3.719953917, 0.2210679823
H  16.9371742171, 3.891830744, 0.8468299573
H  18.5856420134, 3.1801692384, 0.5413938924
CN  21.257, 4.885, -1.213
H  21.5496706531, 5.2112272252, -2.2261567849
H  21.3576011089, 3.8160372588, -1.0577379234
CN  21.015589479, 5.7383778204, -0.1754808371
H  20.8940378359, 5.3526475495, 0.8706448384
H  21.0324485389, 6.7886856308, -0.4081772169
CN  24.784, 5.669, -1.379
H  25.4196159811, 6.560601207, -1.2241126679
H  24.1404139156, 5.3494271902, -0.6030033524
CN  24.7989968343, 5.0726920077, -2.5761522154
H  24.1744060451, 4.2270225913, -2.8157572064
H  25.5536665782, 5.3197435716, -3.3048606857
CN  28.311, 6.453, -1.545
H  27.8808793453, 7.2800643317, -0.9499001304
H  28.7170411913, 5.5097608922, -1.0591136827
CN  28.2701511252, 6.5272606074, -2.895028868
H  28.6623242641, 5.7230144477, -3.5293914033
H  27.8284798812, 7.3482392973, -3.3521881025
CN  31.838, 7.237, -1.711
H  31.0339335253, 6.5490794521, -2.0714895369
H  32.6858739868, 6.8448614805, -1.1209471231
CN  31.7016236603, 8.5551480645, -1.9399848046
H  32.4006728802, 9.2883957271, -1.4391493306
H  30.9379183143, 8.9193787851, -2.5869096666
