CN  0.095, 0.181, -0.217
H  -0.814337773, 0.3405735451, 0.4401921391
H  1.0516522787, 0.5551663146, 0.1044681294
CN  -0.0749715267, -0.3148907076, -1.5251735482
H  0.7736935887, -0.3344927957, -2.2103562455
H  -1.0202787038, -0.605992589, -1.9661207792
CP  3.622, 0.965, -0.383
H  4.1666669355, 1.6149239439, 0.3406548216
H  3.1992704271, -0.0081268178, -0.0790569309
CP  3.6404461062, 1.3093661024, -1.6613129944
H  3.2590716703, 0.6604659663, -2.4394736666
H  4.1986919207, 2.2136852117, -1.966333437
CN  7.149, 1.749, -0.549
H  7.9229064768, 2.3366875904, -1.001577518
H  6.1345549633, 2.1030357708, -0.5194163919
CN  7.4598689795, 0.5521185949, -0.1413821393
H  6.7288316192, -0.1463241208, 0.2602552964
H  8.523534708, 0.2349040999, -0.2086673199
CN  10.676, 2.533, -0.715
H  10.8102874242, 1.8674002015, -1.508537743
H  10.37083911, 3.5101661586, -0.9619681914
CN  10.9131540879, 2.1647475373, 0.536191632
H  10.8907838127, 2.9556978445, 1.2744040925
H  11.4621593511, 1.2223082853, 0.7114291536
CN  14.203, 3.317, -0.881
H  13.2073540074, 3.6445392349, -1.0487059433
H  14.941283934, 4.0865893995, -0.9474693979
CN  14.4577678806, 2.0177257142, -0.6603571508
H  15.4816626991, 1.6366342795, -0.5000003445
H  13.6813029183, 1.2536051242, -0.699347041
CN  17.73, 4.101, -1.047
H  18.1480729443, 4.9159127733, -0.4364818191
H  17.3624263974, 3.1938109704, -0.5658153258
CN  17.8589410298, 4.1286328318, -2.4028000645
H  17.6152091947, 3.2791715369, -3.0414555191
H  18.3578880546, 4.9364992168, -2.9059378368
CN  21.257, 4.885, -1.213
H  21.3811568901, 5.954557531, -0.9245923646
H  21.184527135, 4.7626411906, -2.2832266145
CN  21.1094164188, 3.8462552652, -0.3819246268
H  21.0370160224, 2.8147869199, -0.7866875837
H  21.2314983004, 3.9986627665, 0.7125524849
CN  24.784, 5.669, -1.379
H  24.2047350363, 4.8893930862, -1.8566499519
H  25.4267246409, 6.3219479495, -1.9632373639
CN  24.8439472987, 5.6493958994, -0.0530221845
H  25.4401197167, 6.4001010015, 0.4471833814
H  24.2352332646, 4.910645628, 0.4798641241
CN  28.311, 6.453, -1.545
H  27.4965554358, 6.1403994154, -0.9836422867
H  28.9548402963, 7.2100114794, -1.175147372
CN  28.4998360276, 5.9777798113, -2.772779892
H  29.3366979544, 6.3144807807, -3.3570508619
H  27.7794096927, 5.2848579814, -3.2262227507
CN  31.838, 7.237, -1.711
H  31.5647731284, 6.2766652974, -1.8904530672
H  31.3114156513, 8.0149895885, -2.2531226567
CN  32.7185293934, 7.4654664723, -0.7984215719
H  33.045958644, 8.430424845, -0.5190039427
H  33.1948612938, 6.6685017631, -0.2841233572
