CN  0.095, 0.181, -0.217
H  -0.4401724102, -0.3671600375, 0.5377161382
H  0.973208479, 0.8426040566, 0.0501239277
CN  -0.3489299678, 0.0285512054, -1.5365647437
H  0.232879264, 0.5665375371, -2.330026174
H  -1.1782841983, -0.534276027, -1.8273504285
CP  3.622, 0.965, -0.383
H  4.1323698042, 1.2830911147, 0.5255558879
H  3.4872582908, -0.059250823, -0.575443994
CP  3.1318971885, 1.8416123541, -1.2373055201
H  2.5791349804, 1.5206759767, -2.0571010689
H  3.2529150949, 2.9001517997, -1.1149152344
CN  7.149, 1.749, -0.549
H  7.1465761004, 1.9333456188, 0.5047947973
H  7.0345983941, 2.5554102286, -1.2343518651
CN  7.4986733375, 0.5966641943, -1.0701104669
H  7.6150128925, 0.3788136558, -2.1376415823
H  7.7483815019, -0.2640774847, -0.4245838958
CN  10.676, 2.533, -0.715
H  11.432053015, 3.0318441601, -0.1223355049
H  9.7783117489, 3.0626939234, -0.9981554767
CN  11.0224147006, 1.3889146841, -1.2645848162
H  10.241189699, 0.941937694, -1.8906806154
H  11.8830007829, 0.7637587661, -1.0224037459
CN  14.203, 3.317, -0.881
H  14.4501390968, 2.9458991953, -1.8759910464
H  13.7053749136, 4.2790904688, -0.84142114
CN  14.5286083908, 2.656150066, 0.2531130012
H  14.2678080068, 3.0442161667, 1.2345011608
H  15.1976140777, 1.7446170594, 0.2896370528
CN  17.73, 4.101, -1.047
H  17.698672765, 4.8605882185, -0.2865256287
H  17.9359227531, 3.044932476, -0.8360962093
CN  17.5575931362, 4.3988713981, -2.3141391014
H  17.578829743, 3.5682098468, -3.0202709218
H  17.2865186401, 5.4446522068, -2.5193571411
CN  21.257, 4.885, -1.213
H  20.7087097363, 5.2220663257, -2.0048580868
H  21.759281087, 5.5920249354, -0.5827591207
CN  21.2693292799, 3.5560389578, -1.0180719338
H  21.9268888894, 3.1112146055, -0.2506560236
H  20.8127673147, 2.9346935167, -1.7611399646
CN  24.784, 5.669, -1.379
H  24.7808505793, 4.6085313607, -1.3700127743
H  24.70072822, 6.111063501, -2.3215171024
CN  24.7643373792, 6.3132685321, -0.2323307001
H  24.7698601548, 7.3895447587, -0.2942755817
H  24.9624305561, 5.8357257999, 0.7167632215
CN  28.311, 6.453, -1.545
H  28.660961058, 5.6591060339, -2.1912805807
H  28.1288448595, 6.2426122418, -0.5513093355
CN  27.9872316956, 7.6204538654, -1.9957280096
H  27.6401687089, 8.4327923787, -1.4002353165
H  28.1344130468, 7.7937481131, -3.0436848455
CN  31.838, 7.237, -1.711
H  32.5990022852, 7.5688311203, -1.0746225003
H  30.819451652, 7.5213185046, -1.5937140407
CN  32.1909832096, 6.4193287694, -2.7036162807
H  31.4813831294, 6.0091478904, -3.400185911
H  33.1747307239, 5.9825827174, -2.8027924661
