CN  0.095, 0.181, -0.217
H  0.9937739732, 0.691122851, 0.0658636035
H  0.0339387575, -0.8462374538, 0.1139868287
CN  -0.9682542694, 0.8295051269, -0.9084929913
H  -1.850706107, 0.2337392005, -1.1185794358
H  -0.891664263, 1.8193145085, -1.3771902095
CP  3.622, 0.965, -0.383
H  3.9193653201, -0.0821608732, -0.4169027301
H  3.1912623677, 1.4431937245, -1.2240697091
CP  3.807591524, 1.7245681959, 0.753193299
H  3.5231881895, 2.7574792126, 0.6393448086
H  4.2235428096, 1.2671259131, 1.655911046
CN  7.149, 1.749, -0.549
H  7.1673460952, 1.893534005, 0.5239958941
H  7.3754265879, 0.7814225251, -1.0121600093
CN  6.7204740376, 2.7390674562, -1.2806859145
H  6.5558141821, 2.6957429448, -2.4057292265
H  6.6129747472, 3.7043857223, -0.8267631084
CN  10.676, 2.533, -0.715
H  10.8497440036, 3.5927027623, -0.7097737156
H  10.3241242942, 2.0649349731, -1.6491636791
CN  10.8713426514, 1.9153822335, 0.4265067261
H  10.7433309649, 0.8114595378, 0.5562031296
H  11.1257415525, 2.5227867414, 1.310632571
CN  14.203, 3.317, -0.881
H  14.5155459334, 2.5920164067, -1.5574787024
H  13.6945422942, 4.2407128832, -1.1544172946
CN  14.5747157146, 3.1551422799, 0.3650345544
H  14.3589002664, 3.9115443603, 1.0757635429
H  15.1883659291, 2.2898256484, 0.7462559278
CN  17.73, 4.101, -1.047
H  18.3512515951, 3.6898693576, -0.2303785845
H  17.1374815127, 4.9822353649, -0.8408884689
CN  17.8425617277, 3.7193785926, -2.323286324
H  17.2522264166, 4.177689631, -3.1352908102
H  18.52477271, 2.8754962459, -2.6108626064
CN  21.257, 4.885, -1.213
H  21.5794285871, 3.922368319, -0.7283403704
H  21.0870948084, 4.9848857154, -2.2903601401
CN  20.9513509676, 5.9138952925, -0.446151753
H  20.4263306093, 6.7766291463, -0.9063698765
H  21.0122065029, 5.7659884308, 0.6427945248
CN  24.784, 5.669, -1.379
H  24.321587305, 4.7113789642, -1.7090075884
H  25.7019702498, 5.626251727, -0.7981952695
CN  24.2629580605, 6.7970028058, -1.7677136675
H  24.7857815241, 7.7300748891, -1.5207731684
H  23.3164520285, 6.8647497933, -2.3900634201
CN  28.311, 6.453, -1.545
H  28.6717625536, 5.4832044883, -1.3151566197
H  28.035894605, 6.6677318877, -2.5673302293
CN  28.1862026498, 7.3553203153, -0.586942947
H  27.9140646669, 8.4350913304, -0.7416036775
H  28.4266921618, 7.0424287455, 0.4297651939
CN  31.838, 7.237, -1.711
H  31.3041567807, 6.2995864607, -1.8039618163
H  32.5905237046, 7.3202865659, -0.9906064283
CN  31.3543302502, 8.3320860731, -2.2872720512
H  31.8395912618, 9.2645371127, -2.0530966811
H  30.5255749276, 8.2572998905, -2.9821464082
