CN  0.095, 0.181, -0.217
H  -0.0007398555, -0.8794124488, -0.1260214237
H  0.7484200147, 0.5923877674, -0.9939241578
CN  -0.652687786, 1.0315555072, 0.6267480797
H  -0.6509759025, 2.1864559016, 0.61939782
H  -1.1868489667, 0.6796656004, 1.5048217656
CP  3.622, 0.965, -0.383
H  4.4999347634, 1.0144554838, -1.0241751154
H  3.0494473985, 0.0472938606, -0.3320795807
CP  3.2419077125, 2.0658242753, 0.29425801
H  2.4285028282, 2.1047923964, 1.0054102079
H  3.8458013691, 2.9480650374, 0.1601569575
CN  7.149, 1.749, -0.549
H  7.8954881264, 1.9372714644, 0.1930923796
H  6.3433454971, 2.499419234, -0.6906714065
CN  7.2591838018, 0.6049995758, -1.1789939918
H  6.5064206999, 0.2023315526, -1.8811538202
H  8.0451158042, -0.0643462579, -0.9536133133
CN  10.676, 2.533, -0.715
H  10.7533538648, 3.058992768, 0.2462269225
H  10.7783744835, 1.4422076856, -0.7355969332
CN  10.5611833506, 3.1513355853, -1.8493797846
H  10.5327864563, 2.6196350873, -2.8490694908
H  10.5388801379, 4.2668009209, -1.8589126513
CN  14.203, 3.317, -0.881
H  13.8756422596, 3.8034297021, -1.8269175457
H  14.6095201722, 2.2686939394, -0.9037045894
CN  14.1756135605, 3.9666705187, 0.2397372899
H  14.5169431049, 3.5058464606, 1.18425028
H  13.8144159303, 4.9429008889, 0.2791562834
CN  17.73, 4.101, -1.047
H  17.687693036, 3.040308664, -1.2629984976
H  18.0982367547, 4.4958856828, -0.1251333615
CN  17.1881044172, 4.9659665835, -1.9183185529
H  17.2421699221, 6.0323601122, -1.7138375568
H  16.645459898, 4.5917217452, -2.7577524066
CN  21.257, 4.885, -1.213
H  20.8321726076, 4.7592562067, -0.2323584866
H  22.1459832081, 4.3458555628, -1.5505457485
CN  20.8034024692, 5.8338355745, -2.0094389496
H  21.3113088933, 5.9671445771, -2.9503548341
H  19.9977964417, 6.4912109596, -1.7424611232
CN  24.784, 5.669, -1.379
H  25.2499142962, 5.4627103455, -2.3471766414
H  24.7114731126, 4.8384725469, -0.6479146785
CN  24.3459129575, 6.890780568, -1.0429833704
H  23.8844119355, 7.0812213994, -0.0514224669
H  24.337106351, 7.723906845, -1.8027788933
CN  28.311, 6.453, -1.545
H  27.7961643443, 6.0467217977, -0.6197546232
H  28.9535973915, 5.8510838391, -2.1152612672
CN  28.2349786197, 7.7424589538, -1.7757396265
H  28.7414450588, 8.1700259411, -2.6299225298
H  27.5572488383, 8.4054562995, -1.2945304727
CN  31.838, 7.237, -1.711
H  32.4537511638, 6.7120349352, -2.4324041906
H  31.2564308041, 8.1026777185, -2.0006001307
CN  31.9214405671, 6.7645096266, -0.4772008787
H  31.4495414571, 7.2672873412, 0.3717783605
H  32.505690301, 5.8354867646, -0.2807969687
