CN  0.095, 0.181, -0.217
H  -0.7122552839, 0.7852509057, -0.4847156918
H  0.9025138312, 0.0012559631, -0.9027308778
CN  0.0526418767, -0.5003852019, 0.989494913
H  0.8209598543, -1.1112191502, 1.2305636545
H  -0.7550572747, -0.3882037146, 1.6628935766
CP  3.622, 0.965, -0.383
H  3.3529545018, 0.0082695969, 0.1069561225
H  4.2976895654, 0.8978271745, -1.2188753543
CP  3.1701755749, 2.0925007994, 0.1296181999
H  3.2765368941, 3.0703713341, -0.305793903
H  2.4809441854, 2.0692397038, 0.9959868552
CN  7.149, 1.749, -0.549
H  7.6223451245, 0.9813044484, -1.173455985
H  6.807225355, 2.5984230745, -1.0990313202
CN  7.2791838489, 1.6240033171, 0.7868176168
H  6.9054061126, 2.397078466, 1.5285442227
H  7.711947012, 0.7142784429, 1.1837738693
CN  10.676, 2.533, -0.715
H  9.6803546061, 2.5299613323, -0.3097739593
H  11.5301188398, 2.9498943309, -0.1403893878
CN  10.8574740873, 1.8115774151, -1.7944975589
H  11.8636148665, 1.5864769235, -2.1629049711
H  9.9467443012, 1.3967828336, -2.1778867918
CN  14.203, 3.317, -0.881
H  14.4424561344, 3.3140525107, -1.9881671609
H  13.8644405354, 4.211243371, -0.314516093
CN  14.2639525872, 2.2041525878, -0.1649755528
H  14.0546989782, 2.0761774546, 0.8845416527
H  14.6265839668, 1.2904644284, -0.6608891525
CN  17.73, 4.101, -1.047
H  18.3506902272, 3.243683756, -1.2424988652
H  17.5548505158, 4.3082310418, -0.0142469201
CN  17.2664322438, 4.8888836999, -2.0168597542
H  16.606889929, 5.7994366278, -1.8242294131
H  17.5688914081, 4.7035610974, -3.0541523111
CN  21.257, 4.885, -1.213
H  20.5726536657, 5.0706033381, -2.0572659361
H  22.1245041757, 4.1899675926, -1.2982647164
CN  20.977711712, 5.4874721583, -0.0476508915
H  21.6714864775, 5.3783560456, 0.7427393739
H  20.1078799184, 6.1408555439, -0.0276248783
CN  24.784, 5.669, -1.379
H  24.523303578, 6.022092621, -0.4143305192
H  24.7703923313, 6.3309626447, -2.2282622702
CN  25.131186124, 4.3772193996, -1.4680341348
H  25.4412935113, 3.9022846275, -2.3683839453
H  25.107318809, 3.7773475721, -0.5350509476
CN  28.311, 6.453, -1.545
H  28.1057367124, 5.8137561102, -0.7209089027
H  28.578991869, 7.5208694658, -1.3022292024
CN  28.2384097648, 6.0209133984, -2.7958162219
H  28.3394658295, 6.774455737, -3.559029615
H  27.9720276638, 4.9807795602, -2.9813061918
CN  31.838, 7.237, -1.711
H  31.5732605762, 6.229061429, -2.083448851
H  31.0404647717, 7.8730791452, -1.2828304693
CN  33.1304794278, 7.5540159446, -1.6558314624
H  33.4625497836, 8.480058531, -1.2079763835
H  33.8583647517, 6.9435599223, -2.0798018483
