CN  0.095, 0.181, -0.217
H  1.165314948, 0.0527306908, -0.2168089929
H  -0.580254106, -0.5873339341, 0.2522508986
CN  -0.5018148697, 1.1848083576, -0.9167890358
H  -1.5047110861, 1.2644212618, -0.9051161747
H  0.1543771845, 1.8663438417, -1.5074851358
CP  3.622, 0.965, -0.383
H  3.4246267965, 0.7944282286, 0.6982191708
H  4.1984526791, 0.2664717166, -0.9163667936
CP  3.1799851449, 2.059579196, -0.9619624146
H  3.4182538881, 2.2515477485, -1.9966981861
H  2.6177298041, 2.8306390333, -0.4005674362
CN  7.149, 1.749, -0.549
H  7.2864777522, 0.6953444159, -0.2886091109
H  7.1843873417, 2.0454885067, -1.5969035566
CN  7.048917369, 2.6116348629, 0.4378925078
H  6.927566493, 3.669572029, 0.3603117952
H  7.0461102604, 2.2717594665, 1.4767618838
CN  10.676, 2.533, -0.715
H  9.9576659447, 3.3200294488, -0.4621649905
H  10.9404275589, 2.3767596304, -1.728399437
CN  11.0757465075, 1.7061742939, 0.2459716251
H  11.8217792984, 0.9289474313, 0.0248354328
H  10.6717032707, 1.8321072941, 1.2913277065
CN  14.203, 3.317, -0.881
H  14.133475807, 4.0739360687, -0.0743410202
H  13.7331285425, 3.5533161818, -1.8048326102
CN  14.7402111628, 2.0833945336, -0.730833529
H  14.8252404628, 1.4205659582, -1.5868625977
H  15.2020583437, 1.8397851907, 0.2445508947
CN  17.73, 4.101, -1.047
H  17.3633367983, 4.3016968541, -0.0561394799
H  18.5528531747, 3.4640440414, -1.2909761461
CN  17.3947637006, 5.0293437974, -1.9007434228
H  17.769123862, 4.9575825932, -2.8611836837
H  16.7050889121, 5.8371062318, -1.5994452183
CN  21.257, 4.885, -1.213
H  21.8074382902, 4.9434809115, -0.305946382
H  20.404843078, 5.5484905759, -1.3781138325
CN  21.5477334321, 3.8785796018, -2.0146702469
H  21.0095948236, 3.7327212866, -2.9167585589
H  22.4042195919, 3.3077609544, -1.7477372208
CN  24.784, 5.669, -1.379
H  25.1326322427, 6.4105326149, -0.7031066044
H  24.2946234774, 4.790226087, -0.9438275932
CN  24.5913695546, 5.9317170781, -2.6697054611
H  24.1660243407, 5.2199080235, -3.3409751595
H  24.9513024317, 6.8659366628, -3.0719874253
CN  28.311, 6.453, -1.545
H  28.0531458973, 6.7916332367, -2.5460378377
H  28.5699470741, 5.4528667734, -1.3755865641
CN  28.0971390505, 7.313002964, -0.5991682693
H  28.1764111536, 7.0453654272, 0.4116429836
H  27.8274737865, 8.3567727133, -0.8573164191
CN  31.838, 7.237, -1.711
H  32.3043463214, 7.9288519963, -2.4271547562
H  31.2296433959, 6.3548306169, -2.0177211617
CN  32.0005862763, 7.5175100033, -0.4292524083
H  31.5606119154, 6.9199247719, 0.3268228981
H  32.5956709735, 8.3491616667, -0.0880872519
