CN  0.095, 0.181, -0.217
H  0.4204310874, 1.0417150301, 0.3701489979
H  0.5984455091, -0.7842534656, -0.2060343511
CN  -0.9394387494, 0.3803703126, -1.1084765115
H  -1.1634260592, -0.4002227633, -1.7029405197
H  -1.3385931154, 1.4077682847, -1.1566573897
CP  3.622, 0.965, -0.383
H  4.0923891561, 0.0176958079, -0.0211430889
H  3.1612017199, 1.0022075793, -1.3557229049
CP  3.3718234551, 1.9097121846, 0.5349759447
H  2.7653678116, 2.7974270353, 0.2568750843
H  3.8896165845, 1.8397241245, 1.5314935583
CN  7.149, 1.749, -0.549
H  7.9567472538, 2.1342533289, -1.169578797
H  6.2928959228, 2.3890747515, -0.2870502939
CN  7.139645522, 0.5051963286, -0.1029104273
H  6.2181401664, 0.1331029737, 0.3549280727
H  8.0118513791, -0.1513828245, -0.3162503382
CN  10.676, 2.533, -0.715
H  11.2232770801, 2.8889221158, -1.608046932
H  10.0057647776, 3.2139130697, -0.2160983248
CN  10.8545762159, 1.360001278, -0.1554180407
H  10.2742970663, 1.1714468251, 0.7830188269
H  11.5836560357, 0.6934300697, -0.5371402343
CN  14.203, 3.317, -0.881
H  13.5032271982, 2.4891636387, -0.7907201255
H  15.2120983894, 3.2093316547, -0.3811428436
CN  13.9404237487, 4.3461713539, -1.6836329074
H  14.6223269846, 5.1830525355, -1.8772545666
H  13.0039235769, 4.3189285449, -2.1883537414
CN  17.73, 4.101, -1.047
H  16.9864299725, 4.7302071664, -1.4993240821
H  17.9326964891, 4.3285350978, 0.0034641242
CN  18.319775849, 3.0740884295, -1.6657553895
H  18.9938630386, 2.3846630006, -1.0491268271
H  18.063490068, 2.8811191288, -2.7336135669
CN  21.257, 4.885, -1.213
H  21.9020585376, 4.0148612106, -1.4007173055
H  20.8621147447, 4.986509928, -0.2038660842
CN  21.1153625643, 5.9169837823, -2.0295034708
H  20.6076435568, 6.789714262, -1.7121897778
H  21.6015238873, 5.9724336027, -2.9975681628
CN  24.784, 5.669, -1.379
H  24.6763834006, 6.1450523922, -0.4360431394
H  24.7501731891, 6.2050026638, -2.2972517922
CN  25.0556664765, 4.3615338366, -1.3606908652
H  25.257856492, 3.8504518984, -2.3143537232
H  25.1316259836, 3.749282927, -0.4473738611
CN  28.311, 6.453, -1.545
H  27.8070880841, 7.1538456158, -2.0980011641
H  28.68066514, 5.5150299278, -1.9823496586
CN  28.4399470047, 6.6244116715, -0.2084712485
H  28.8771363963, 5.8747335469, 0.4726731039
H  28.1106819508, 7.5794860599, 0.1520579199
CN  31.838, 7.237, -1.711
H  32.0189068662, 6.6383911256, -0.8343224142
H  31.2338578502, 6.8498676875, -2.5873141238
CN  32.4371201484, 8.4383353569, -1.8049261136
H  32.3926665759, 9.1105505561, -2.687353745
H  33.0338612027, 8.7672361784, -0.9405911795
