CN  0.095, 0.181, -0.217
H  -0.2662506737, 0.217119161, -1.2315316115
H  0.7691664889, -0.6127032955, 0.1683937118
CN  -0.2596567284, 1.1977907865, 0.6666612986
H  0.1608048783, 1.0694889816, 1.6872212179
H  -0.9166056689, 2.0004822678, 0.4025505475
CP  3.622, 0.965, -0.383
H  4.268814762, 1.2938269681, 0.4278155557
H  2.6865239793, 1.451918835, -0.5818096321
CP  4.0937618414, 0.0330046006, -1.1788443448
H  3.5106841685, -0.3326478684, -1.9688163368
H  5.073331221, -0.4007235016, -0.8884249339
CN  7.149, 1.749, -0.549
H  7.378213725, 0.7007583711, -0.4354754895
H  7.0427951452, 2.1476678277, -1.532298144
CN  7.0087485292, 2.4519307403, 0.5617418215
H  6.8462786976, 3.5226046172, 0.4779936088
H  7.1405904558, 2.0082847384, 1.5160194285
CN  10.676, 2.533, -0.715
H  10.8841979508, 2.5611657466, 0.3296624446
H  10.5815652733, 1.5993790786, -1.1606854629
CN  10.5306018763, 3.662949307, -1.360414406
H  10.1547917995, 3.5483692262, -2.3586647303
H  10.5652741549, 4.6156441088, -0.8759766504
CN  14.203, 3.317, -0.881
H  13.5303911884, 2.9102354655, -1.5755697587
H  14.865078979, 3.9975029692, -1.2510214577
CN  14.3907726368, 2.8346737499, 0.328802997
H  15.0350309386, 3.2718377593, 1.0024520096
H  13.7808295265, 2.0217259137, 0.7466039292
CN  17.73, 4.101, -1.047
H  18.2372463834, 3.1503796165, -1.3022181214
H  17.4126116304, 4.3072845837, -0.022525186
CN  17.4102809183, 4.9290290899, -2.0385192905
H  16.7965531226, 5.8214610357, -1.9032621376
H  17.6564623079, 4.7414276564, -3.068825636
CN  21.257, 4.885, -1.213
H  20.8852090232, 5.3686870085, -2.1078625782
H  21.2249532526, 5.386994886, -0.2131096113
CN  21.7212574777, 3.6295449382, -1.3008529508
H  22.1398999755, 3.1276594962, -0.4780649052
H  21.816463865, 3.1407616835, -2.2952468147
CN  24.784, 5.669, -1.379
H  24.2635844483, 5.9686375831, -0.4992405447
H  25.6281125101, 5.0622982954, -1.2341775107
CN  24.3180868002, 6.0890776253, -2.5614850519
H  24.8149973042, 5.7972906622, -3.4852154122
H  23.397706784, 6.6438025825, -2.591903174
CN  28.311, 6.453, -1.545
H  28.4487812606, 5.3622186692, -1.711069109
H  28.3463035478, 6.8900656544, -0.5142759427
CN  27.9265294441, 7.2657396774, -2.4855370712
H  27.8250369271, 8.3441619414, -2.3586593218
H  27.8068846905, 6.852655375, -3.4641658189
CN  31.838, 7.237, -1.711
H  31.6116293437, 6.3401962288, -2.3405788237
H  32.0687431188, 8.210240706, -2.1747862289
CN  31.7757190133, 7.0907858002, -0.3492983411
H  31.8777782071, 7.9624789887, 0.3125619254
H  31.6232491493, 6.0370976018, 0.1198982668
