CN  0.095, 0.181, -0.217
H  -0.137400281, 1.191520519, 0.0202648747
H  0.5697840091, -0.0892355352, -1.1946590933
CN  -0.0646114993, -0.8624042736, 0.7177614182
H  0.1392589436, -1.9575847284, 0.5157208826
H  -0.4112680655, -0.6157437952, 1.7356421944
CP  3.622, 0.965, -0.383
H  3.7122594003, 1.3269274065, 0.6433649986
H  4.0873136402, 0.0337679439, -0.643419871
CP  3.1496981525, 1.7845771615, -1.3343550548
H  2.9982455067, 1.4550098374, -2.3775077655
H  2.8224781128, 2.7926374416, -1.0236511011
CN  7.149, 1.749, -0.549
H  6.7648641225, 0.7221504694, -0.6831769198
H  7.4172609312, 2.1355252429, 0.4505033482
CN  7.1430420753, 2.5714385845, -1.5794849717
H  7.5052627806, 3.5291701027, -1.3995316896
H  6.799130709, 2.1889774498, -2.5687283707
CN  10.676, 2.533, -0.715
H  11.1312804333, 1.8942079642, 0.0554094561
H  10.2096321068, 3.4734155603, -0.3645701577
CN  10.5733015348, 2.2294443505, -1.9890375159
H  10.1056846096, 2.9952240206, -2.695496375
H  10.9342749913, 1.2468531818, -2.3570848715
CN  14.203, 3.317, -0.881
H  13.8795096527, 2.317450476, -0.5577922594
H  14.8065199258, 3.4135903157, -1.8415906976
CN  13.9114864474, 4.3439792325, -0.0640365154
H  14.1178773836, 5.3111335966, -0.3675748417
H  13.4045065321, 4.2110680547, 0.8870093205
CN  17.73, 4.101, -1.047
H  18.2104772316, 4.5057299362, -1.9298686538
H  16.9687923095, 4.696870124, -0.5560095448
CN  18.1073756293, 2.9290943648, -0.5856404003
H  17.7634873882, 2.5387586123, 0.4097837676
H  18.9210758014, 2.3974224645, -1.052649713
CN  21.257, 4.885, -1.213
H  20.6958211667, 5.3923303261, -0.4686665775
H  21.9226999827, 4.0839857145, -0.8537328052
CN  21.2282481501, 5.2883617556, -2.4793278943
H  21.7911314736, 4.7839713602, -3.2390617043
H  20.6510048667, 6.1639826569, -2.7453239344
CN  24.784, 5.669, -1.379
H  24.7597128983, 5.3837344366, -2.4482456779
H  24.7291096317, 6.7377660908, -1.1165038315
CN  24.6567917408, 4.6891100632, -0.5132154418
H  24.5583075752, 4.8746695607, 0.5176681031
H  24.7457740773, 3.6146028255, -0.8597535167
CN  28.311, 6.453, -1.545
H  29.0346565768, 6.6343155033, -0.7894275473
H  27.7970310945, 5.516078019, -1.6358251631
CN  28.062228905, 7.4657689569, -2.3548512779
H  27.2934754638, 7.3933793164, -3.1309413739
H  28.6216940603, 8.3692914464, -2.2943375076
CN  31.838, 7.237, -1.711
H  30.8785691525, 6.810028944, -2.0294894195
H  31.8822374201, 8.1586154511, -1.0908551206
CN  32.9672883859, 6.8976071476, -2.3227676379
H  33.9618792581, 7.3039837462, -2.0892514441
H  32.9257734219, 6.0388201736, -2.9704281417
