CN  0.095, 0.181, -0.217
H  -0.2535110337, 1.2044950744, -0.382372374
H  0.3441428839, -0.4098708432, -1.0546261243
CN  -0.1045779951, -0.38315496, 1.0599031099
H  0.1292979506, -1.4111612536, 1.3430099143
H  -0.4001898014, 0.2440481494, 1.9278023165
CP  3.622, 0.965, -0.383
H  4.1080614901, 0.7139192413, 0.5854547106
H  3.301230352, 0.1075300952, -0.9457102345
CP  3.586500103, 2.2418715024, -0.775444671
H  3.1180179398, 2.4397211797, -1.6796281669
H  4.0396526371, 2.9820146179, -0.1707545355
CN  7.149, 1.749, -0.549
H  7.0469347109, 1.7781225742, 0.5361730683
H  7.2954275392, 2.6839902092, -1.1152566746
CN  7.2133887407, 0.572592477, -1.1701449274
H  7.3858987031, 0.5866970701, -2.2753355256
H  7.2196771982, -0.3272033053, -0.6175589991
CN  10.676, 2.533, -0.715
H  11.3422675666, 3.0802712353, -1.3689703186
H  10.0586120008, 3.0839775216, 0.0086482376
CN  10.8330615987, 1.2209917711, -0.59718453
H  10.2192745837, 0.689771124, 0.1215414383
H  11.5829774064, 0.6863126741, -1.3115568237
CN  14.203, 3.317, -0.881
H  14.0347468133, 2.3983014961, -1.3524574283
H  14.2116400307, 4.2102823941, -1.4712970454
CN  14.3048863236, 3.4777264513, 0.4160439381
H  14.4387047358, 4.4213532209, 0.8716974283
H  14.2197183979, 2.5650594922, 1.0363049595
CN  17.73, 4.101, -1.047
H  17.6881096876, 3.041043644, -1.2530667202
H  17.9480457618, 4.5335062011, -0.0726655356
CN  17.3190481552, 4.9703523392, -1.9261179622
H  17.2647544741, 6.0056522541, -1.6560412748
H  16.9876619174, 4.606307701, -2.8546915853
CN  21.257, 4.885, -1.213
H  20.4097206739, 5.1397387207, -1.896419487
H  21.4753309473, 5.5545807559, -0.4091989742
CN  21.8374137244, 3.7133191264, -1.292579938
H  22.5513645355, 3.3573793488, -0.5501868245
H  21.6321528663, 3.0766642446, -2.1727867533
CN  24.784, 5.669, -1.379
H  24.6636598976, 5.3129292934, -0.3700333215
H  25.2272993543, 5.0129116537, -2.0914223071
CN  24.5592204846, 6.954187345, -1.6792724006
H  24.6604391021, 7.3087849003, -2.6391756341
H  24.177300503, 7.6340328752, -0.910582818
CN  28.311, 6.453, -1.545
H  27.7326669935, 7.0308655979, -2.2428047728
H  28.6142487742, 6.9406109272, -0.6487652223
CN  28.4166969751, 5.1661897616, -1.7702780798
H  28.8693254847, 4.4952572736, -1.0359423583
H  28.0084619079, 4.7904084458, -2.6983371469
CN  31.838, 7.237, -1.711
H  30.8608049647, 7.5855403428, -2.0460660709
H  32.0464314174, 6.171452105, -1.5619821175
CN  32.7784808457, 8.1550222168, -1.4981750115
H  33.8113889271, 7.8178063014, -1.1991587019
H  32.569883467, 9.2264299436, -1.709077657
