CN  0.095, 0.181, -0.217
H  -0.3259744961, 0.8586769128, -0.9377606273
H  0.9171804561, 0.5852474474, 0.3629378706
CN  -0.3581843493, -1.0882272882, -0.044297102
H  0.1334833085, -1.7990840692, 0.7126316081
H  -1.1712176695, -1.4064825927, -0.6896908594
CP  3.622, 0.965, -0.383
H  4.1752787226, 1.3335941077, -1.2365939496
H  3.1249899893, 0.035469701, -0.4494701054
CP  3.6000431868, 1.6769277796, 0.7563236654
H  3.2183516673, 1.2606533324, 1.68248779
H  4.0883602244, 2.6400747507, 0.732014006
CN  7.149, 1.749, -0.549
H  7.1913102641, 2.0238158795, -1.6211591349
H  6.7533108557, 2.4903264427, 0.1731624143
CN  7.5366259953, 0.5406220286, -0.1591341102
H  7.5071084366, 0.2992827066, 0.8794315463
H  7.9661944319, -0.1506425965, -0.8539355665
CN  10.676, 2.533, -0.715
H  10.3323607975, 3.1912476031, -1.5551212421
H  10.9310442979, 1.4802731856, -1.0155596429
CN  10.6332685908, 2.8764913885, 0.5779670475
H  10.9088238893, 2.2124408437, 1.3718255623
H  10.4229450437, 3.9163844477, 0.9049680852
CN  14.203, 3.317, -0.881
H  14.0602567577, 4.3204807123, -1.2799340226
H  14.3169171951, 3.1903473211, 0.1729340931
CN  14.0068885652, 2.2213304493, -1.5957178117
H  13.9637752722, 1.2149515292, -1.1892625754
H  13.8299875754, 2.3164066947, -2.6783705425
CN  17.73, 4.101, -1.047
H  18.0462632189, 5.083603878, -0.7854565657
H  17.3336471018, 3.9835579824, -2.0361508586
CN  17.9170199727, 3.062514672, -0.2735700424
H  17.5493399936, 2.0488258529, -0.6160738796
H  18.3718915691, 3.0648806214, 0.6571998309
CN  21.257, 4.885, -1.213
H  20.3823306664, 5.4598051162, -1.5585622272
H  22.0209174055, 4.7144448036, -1.9606176898
CN  21.3054606331, 4.3510046693, -0.0026206154
H  22.2159085954, 3.7489819926, 0.298936806
H  20.4654518164, 4.606580747, 0.6814559512
CN  24.784, 5.669, -1.379
H  25.2510174647, 4.8373211757, -1.8533979222
H  24.7328914598, 5.6921189844, -0.2763483387
CN  24.4917567597, 6.7551666429, -2.0264867289
H  24.0818869324, 7.5918998986, -1.5317630333
H  24.5703997881, 6.8964395792, -3.0974046766
CN  28.311, 6.453, -1.545
H  28.6908260121, 5.7148436163, -0.811889825
H  27.982083747, 7.3967132525, -1.1682453747
CN  28.1708575572, 6.2109142052, -2.8562989226
H  27.7417994209, 6.9674246144, -3.5518920554
H  28.373408722, 5.279238696, -3.3091493983
CN  31.838, 7.237, -1.711
H  32.6093678701, 6.5193116156, -1.4120104638
H  31.1734617654, 7.6507361301, -0.9540307594
CN  31.8901071722, 7.7757704407, -2.9278275023
H  31.1971217109, 8.5363581671, -3.189708208
H  32.6439163381, 7.4512964687, -3.6740593057
