CN  0.095, 0.181, -0.217
H  0.9804533789, 0.6430803758, 0.026132496
H  0.11148419, -0.877590164, -0.4967432606
CN  -1.0631134248, 0.9166268952, -0.1268113773
H  -1.9450389556, 0.4860241869, -0.4864141561
H  -1.0091527598, 2.013970386, 0.0678425285
CP  3.622, 0.965, -0.383
H  3.8400611843, 0.5902161199, 0.6413610226
H  3.3133275703, 2.0118081638, -0.5829467614
CP  3.6232278648, 0.1127226241, -1.4294092718
H  3.5154908859, 0.5951567125, -2.3923626461
H  3.7924774301, -0.938273475, -1.3640098412
CN  7.149, 1.749, -0.549
H  7.1021822666, 1.3309500847, -1.5433835414
H  6.9944128588, 2.8667858661, -0.4288490678
CN  7.3959122119, 0.9476801289, 0.4558446671
H  7.4024947875, 1.3646112692, 1.4758807062
H  7.6754787705, -0.0627662149, 0.3010257632
CN  10.676, 2.533, -0.715
H  10.242124737, 2.0980252428, 0.1867035846
H  11.0139645354, 3.5658156114, -0.6474950112
CN  10.658571958, 1.9070130029, -1.8802134653
H  10.9508566217, 2.4226036661, -2.8039603202
H  10.3399403824, 0.8712689339, -2.0466212402
CN  14.203, 3.317, -0.881
H  14.6566420808, 3.9586810455, -1.6064660649
H  13.6715973284, 2.4184531763, -1.1671896071
CN  14.5183639728, 3.4641958635, 0.416432626
H  14.1474704894, 2.7560420809, 1.1234495753
H  15.15941148, 4.2597731499, 0.6797016349
CN  17.73, 4.101, -1.047
H  18.1909915741, 4.5129029404, -0.1542052924
H  17.7218201071, 3.0393429217, -1.2469594127
CN  17.5004984862, 4.9449245679, -2.0401077414
H  16.9735424579, 4.6126729997, -3.0160460591
H  17.6676961432, 6.0150353474, -1.9386403959
CN  21.257, 4.885, -1.213
H  21.9670383815, 4.8810769024, -1.9709947535
H  20.3923650622, 5.5321646643, -1.2744070818
CN  21.5100476068, 4.2457896393, -0.1229859855
H  20.79586806, 4.2525020878, 0.72949837
H  22.384585119, 3.6268872481, -0.0502920724
CN  24.784, 5.669, -1.379
H  25.0337314568, 5.1355012391, -2.3233532956
H  24.5399702487, 5.1234659881, -0.5114241394
CN  24.6691403207, 6.9626284563, -1.3531867641
H  24.3451516304, 7.4569161086, -0.3855946438
H  24.9953336585, 7.5765180084, -2.2069927731
CN  28.311, 6.453, -1.545
H  27.7278478993, 7.361574196, -1.3842339679
H  28.6074594346, 6.0949949599, -2.5561490749
CN  28.4540149035, 5.5723189255, -0.5453797334
H  28.8446423439, 4.5684498165, -0.6929281071
H  28.1156834403, 5.8582397162, 0.4236138739
CN  31.838, 7.237, -1.711
H  31.3703456296, 7.7162781837, -0.819204183
H  31.1698956384, 7.2301191371, -2.5684022144
CN  32.9684862814, 6.5239647509, -1.6883841403
H  33.3706748659, 6.0509935455, -2.4992219589
H  33.5224529454, 6.4969170981, -0.6906794554
