CN  0.095, 0.181, -0.217
H  0.4684514602, -0.7482759594, 0.3139022207
H  0.4765565988, 0.4012029023, -1.2446237484
CN  -0.8620453477, 0.9785096295, 0.4479433862
H  -1.2172323726, 1.9899102553, 0.0257734178
H  -1.2022210664, 0.6806633957, 1.4730553641
CP  3.622, 0.965, -0.383
H  4.1157907786, 0.1336612143, 0.2641121403
H  3.2005081611, 0.6244942803, -1.3473521528
CP  3.3794707569, 2.2150996886, 0.0518397912
H  2.855273337, 2.9108878012, -0.6280564463
H  3.8012198682, 2.5168889322, 1.0096082686
CN  7.149, 1.749, -0.549
H  6.5025552921, 1.5941713548, 0.3219887079
H  8.0806882522, 1.1262104322, -0.6980217195
CN  6.7337673706, 2.5009613964, -1.5828246297
H  7.3462659247, 2.5147838015, -2.5180044165
H  5.8121661514, 3.0434148322, -1.5781190329
CN  10.676, 2.533, -0.715
H  10.3966279507, 1.754692959, -1.4208903049
H  11.1546535302, 3.4382638612, -1.0293927151
CN  10.4870586426, 2.3047534359, 0.5811477448
H  10.8359766697, 3.0484383627, 1.3047611268
H  9.9227528143, 1.419716178, 0.8728708248
CN  14.203, 3.317, -0.881
H  14.2490127252, 4.3235353007, -1.3719205496
H  13.4930788902, 2.6368222567, -1.3140360426
CN  14.67108308, 3.0868149705, 0.3436337984
H  14.5124455559, 2.1321115666, 0.7881137481
H  15.0539242209, 3.9175580824, 0.9570000559
CN  17.73, 4.101, -1.047
H  18.5292035632, 3.7990604039, -0.3051927707
H  16.8367179681, 4.6268526603, -0.6556999372
CN  17.8445477236, 3.9254756538, -2.3808170111
H  17.0347797125, 4.1650950627, -3.0672050073
H  18.7110920203, 3.3994261083, -2.7274492831
CN  21.257, 4.885, -1.213
H  20.8769010174, 5.8404073046, -1.6193496721
H  21.4467223707, 4.1183802194, -1.9590806561
CN  21.4357497103, 4.696863725, 0.0782687033
H  21.7604976039, 3.7240606299, 0.445865984
H  21.2009969839, 5.480553575, 0.811588886
CN  24.784, 5.669, -1.379
H  24.9044161567, 4.6175131374, -1.446120543
H  24.9232641607, 6.1908300252, -0.4528668366
CN  24.3569103538, 6.3032985384, -2.463258134
H  24.1592344863, 7.317086144, -2.4992999611
H  24.2644506186, 5.7427571993, -3.3998393738
CN  28.311, 6.453, -1.545
H  27.6209865792, 7.2338292863, -1.2291649279
H  28.8769122516, 5.7523342557, -0.821579147
CN  28.4938733004, 6.230561919, -2.8189886147
H  29.1425232976, 5.3838645007, -3.1470643237
H  28.0463228463, 6.874821092, -3.5949574107
CN  31.838, 7.237, -1.711
H  31.2355587282, 7.9091302647, -2.3635063311
H  31.9492583667, 6.1600830026, -1.9756831916
CN  32.2023010717, 7.6475345947, -0.5206975699
H  32.663612726, 6.975830356, 0.2528991752
H  32.0396160842, 8.68695458, -0.2198421033
