CN  0.095, 0.181, -0.217
H  0.0140243179, 1.2939293399, -0.0872271743
H  0.8521832515, -0.2850673613, -0.8748851695
CN  -0.8222398971, -0.5712615158, 0.510040975
H  -0.8340015798, -1.621885448, 0.433401656
H  -1.622547437, -0.1138897069, 1.1609486453
CP  3.622, 0.965, -0.383
H  3.3621200982, 0.4131299064, -1.315983132
H  3.7117285698, 2.0971022105, -0.4089257759
CP  3.8678796274, 0.3306896582, 0.7240745618
H  4.1851512553, 0.8485941198, 1.6712001231
H  3.7985582179, -0.7707003824, 0.7285115147
CN  7.149, 1.749, -0.549
H  7.2197272159, 2.5029717698, 0.2236438232
H  7.1517909076, 0.7023282948, -0.3420130886
CN  7.1267003092, 2.1145070648, -1.8138211966
H  7.17298117, 1.402033207, -2.6211508744
H  7.2053150546, 3.1767608614, -2.078403731
CN  10.676, 2.533, -0.715
H  10.1576312472, 1.5827150917, -0.5997258621
H  11.196515937, 2.6764670201, -1.6366814637
CN  10.7038301737, 3.5575905404, 0.0993078619
H  11.2674665524, 4.4358742042, -0.1580547796
H  10.2002386038, 3.4954839601, 1.055242153
CN  14.203, 3.317, -0.881
H  14.3266280112, 2.9601519486, 0.1228640427
H  14.4302578727, 2.5777367117, -1.6590216732
CN  13.8872971277, 4.5916560354, -1.2621238807
H  13.7918455812, 4.8499642786, -2.2935550853
H  13.828270848, 5.3521077471, -0.5042696929
CN  17.73, 4.101, -1.047
H  17.2194929783, 3.9287156121, -0.1315677902
H  17.7969763161, 5.1256569461, -1.2819365409
CN  18.0380771332, 3.1007912371, -1.8809984896
H  18.423580131, 3.3641484629, -2.885236536
H  17.8281026606, 2.0918563142, -1.6127697364
CN  21.257, 4.885, -1.213
H  21.3485770947, 3.8855275059, -0.7977526692
H  21.2808340369, 5.7863327698, -0.6162543923
CN  21.0030753849, 4.9643224988, -2.5471812445
H  20.8405927428, 5.9174971294, -3.0783611659
H  20.9449846074, 4.0508232365, -3.1788293343
CN  24.784, 5.669, -1.379
H  25.169347787, 4.8045876006, -0.8145442085
H  24.6626382516, 5.65350739, -2.4689496996
CN  24.528862031, 6.794745507, -0.7677799369
H  24.1630190821, 7.6799890637, -1.2665721019
H  24.6171003771, 6.8574750641, 0.3039537059
CN  28.311, 6.453, -1.545
H  28.9315007125, 7.0626583259, -0.9591399
H  27.9339340104, 5.5176508518, -1.1636362617
CN  27.8894429597, 6.7674950841, -2.7298440753
H  27.3185564564, 6.0071254906, -3.2787525283
H  28.182024173, 7.6560362325, -3.2742339483
CN  31.838, 7.237, -1.711
H  32.5210743617, 7.9112569204, -1.138791745
H  31.1634319768, 6.6219833328, -1.2553549165
CN  31.9935854998, 7.299801689, -2.9829280035
H  31.51890506, 6.6826646165, -3.6846253438
H  32.7643898967, 7.9400374344, -3.3538952557
