CN  0.095, 0.181, -0.217
H  0.5954396397, -0.7360801933, 0.0156558665
H  -0.2365653365, 0.8699610747, 0.5166529451
CN  -0.3456577104, 0.3962620678, -1.5410365209
H  -0.9824594844, 1.3287680999, -1.8733154719
H  -0.1572948495, -0.3912905861, -2.2250242281
CP  3.622, 0.965, -0.383
H  2.9317931886, 1.5961121235, 0.2223282944
H  4.2389345138, 1.27082517, -1.1846606777
CP  3.8070634967, -0.2981648463, 0.0169047862
H  4.4747812235, -0.9811132578, -0.465682584
H  3.3176700086, -0.6098622353, 0.8967172003
CN  7.149, 1.749, -0.549
H  7.9574919074, 1.0312708898, -0.5564172774
H  6.4182734933, 1.7327680406, -1.3603067219
CN  7.0490587341, 2.663202948, 0.4048139022
H  6.2232344854, 3.4140810314, 0.474233948
H  7.8313643491, 2.7682460316, 1.1711197032
CN  10.676, 2.533, -0.715
H  11.6229111594, 1.9786283521, -0.9600039118
H  9.9573020831, 2.1968958618, 0.0099758769
CN  10.4638688519, 3.6413772602, -1.3847169067
H  9.5109969504, 4.1412686894, -1.2945584291
H  11.2762879565, 4.0493005052, -2.0392776097
CN  14.203, 3.317, -0.881
H  14.7727584549, 3.5646939743, -1.801587963
H  14.1078011614, 2.298557058, -0.5981480099
CN  13.8325295124, 4.3229916467, -0.075398748
H  13.3152113473, 4.0461287794, 0.8726988842
H  14.0990725664, 5.3645036498, -0.3534626436
CN  17.73, 4.101, -1.047
H  17.3030542103, 3.58049256, -1.9258822466
H  18.0130283701, 3.4179941752, -0.2069629262
CN  17.7558815328, 5.4044305418, -0.9210162412
H  18.0891384146, 5.8165868541, -0.0388383798
H  17.3177713759, 6.0221701814, -1.6512334645
CN  21.257, 4.885, -1.213
H  20.6726095631, 5.5440231046, -1.8048334963
H  21.7704588317, 4.0103343946, -1.6718466053
CN  21.2327072954, 4.9934799355, 0.1332318698
H  21.7640558321, 4.2763680498, 0.7430792648
H  20.7399904552, 5.8870026212, 0.5800390286
CN  24.784, 5.669, -1.379
H  25.3511544623, 5.8038537683, -2.2863949718
H  23.9221824639, 6.3151957059, -1.0768862154
CN  25.1666277677, 4.7507008053, -0.4855900442
H  24.6340918624, 4.667639955, 0.4386655325
H  26.0419664908, 4.123165058, -0.6691320297
CN  28.311, 6.453, -1.545
H  28.6280598352, 5.5935270736, -0.9376658311
H  28.0405232989, 6.3226981406, -2.586226989
CN  28.3530275139, 7.6595329007, -0.9425795207
H  28.1744458057, 8.5519984535, -1.6251881583
H  28.6236938069, 7.8259949207, 0.094352164
CN  31.838, 7.237, -1.711
H  31.1358706178, 6.5199274987, -1.4497470332
H  31.4594806181, 8.0627636922, -2.3150741834
CN  33.1152824059, 7.0454597143, -1.4634372466
H  33.8452042792, 7.7116346797, -1.8294149354
H  33.37744566, 6.0696558959, -1.0489212063
