CN  0.095, 0.181, -0.217
H  -0.5221254296, -0.7012508182, -0.1797133136
H  0.9527474149, 0.1727531473, -0.8573447511
CN  -0.3664171713, 1.302302313, 0.4736348494
H  0.0628193854, 2.3245859008, 0.3802999121
H  -1.2626247868, 1.1759844292, 0.9927022078
CP  3.622, 0.965, -0.383
H  3.2756486293, 1.4271446042, -1.2481724543
H  3.8021313342, 1.4716784193, 0.5250346298
CP  3.8233015351, -0.3460623577, -0.5014925115
H  4.1255621009, -0.9432491536, 0.3370365937
H  3.6787497279, -0.8769981047, -1.4672678134
CN  7.149, 1.749, -0.549
H  8.0974775186, 1.1956427533, -0.5638825883
H  6.5215789499, 1.6281167451, 0.3190468769
CN  6.9531090736, 2.5933043305, -1.5781031551
H  6.0397559649, 3.1645786007, -1.5759862192
H  7.7487354597, 2.6997629334, -2.3132015775
CN  10.676, 2.533, -0.715
H  11.0916820198, 2.9295872093, -1.6567423934
H  10.6209742909, 1.4459702632, -0.5355077014
CN  10.3709745435, 3.4318979079, 0.2050685849
H  10.0182655063, 3.1277230902, 1.1991729506
H  10.4723885974, 4.4630406752, 0.029640588
CN  14.203, 3.317, -0.881
H  14.3817980289, 2.3123158468, -0.4932535926
H  14.319461209, 4.1137116289, -0.2456153364
CN  13.8945310344, 3.6398073392, -2.1272311873
H  13.7553627936, 4.688733747, -2.3735948065
H  13.815106643, 2.8050286195, -2.7922620273
CN  17.73, 4.101, -1.047
H  17.9075604322, 4.3708107572, -2.0764671977
H  17.4639981759, 4.8815602913, -0.3829553632
CN  17.7299054803, 2.8368397587, -0.6348228996
H  17.5591572568, 2.5943990402, 0.4518532164
H  17.8673040042, 2.0864734139, -1.3344769653
CN  21.257, 4.885, -1.213
H  21.9561758569, 4.2844988838, -1.7045516809
H  20.7629520705, 4.5733010225, -0.3245630084
CN  20.9233255709, 6.0408179616, -1.742310364
H  20.1324470542, 6.702920504, -1.3733249043
H  21.4395037361, 6.3242134606, -2.6769134431
CN  24.784, 5.669, -1.379
H  24.7813026846, 6.3258131409, -0.5067479818
H  24.3797730375, 6.0440858317, -2.3178775448
CN  25.2468090297, 4.4525110416, -1.3252849211
H  25.3817361747, 3.8787774485, -2.1922358973
H  25.664189866, 4.0197112273, -0.4118163102
CN  28.311, 6.453, -1.545
H  28.7685317605, 5.7220942947, -0.8817919426
H  27.8653724419, 7.3791910856, -1.2010370523
CN  28.2701996794, 6.1429576619, -2.8039503835
H  27.8105262641, 6.8485206189, -3.5341567847
H  28.6365191184, 5.1618035117, -3.1366883323
CN  31.838, 7.237, -1.711
H  30.8538513432, 7.6784032995, -1.4778194318
H  32.0082259402, 6.8200247871, -2.6559244605
CN  32.8050570764, 7.125414992, -0.7737096244
H  33.730239555, 6.5875025193, -0.9953951377
H  32.5333184678, 7.4375539649, 0.2540157832
