CN  0.095, 0.181, -0.217
H  0.8479237131, 0.3289544628, 0.4839841819
H  0.2994235313, -0.5440106749, -0.9795370704
CN  -1.0538637416, 0.9873823952, -0.2685758742
H  -1.7532584438, 0.9579316526, -1.1010131898
H  -1.1379454711, 1.811258508, 0.5392588617
CP  3.622, 0.965, -0.383
H  3.3491694035, 0.6302626868, -1.4277082372
H  4.4376943397, 0.4209137944, 0.1138638945
CP  3.0535158395, 2.0626939402, 0.1090296884
H  3.2033727411, 2.4068478935, 1.1112898788
H  2.3443540225, 2.6098760089, -0.5401067785
CN  7.149, 1.749, -0.549
H  7.6056316237, 0.8393434444, -0.1781277702
H  7.1882542509, 2.0955957717, -1.5424073932
CN  6.738189279, 2.5795972295, 0.4229040547
H  6.4545229219, 3.5812793725, 0.2269311333
H  6.7022458178, 2.3150765908, 1.4833507336
CN  10.676, 2.533, -0.715
H  10.7496952067, 2.7287058378, 0.3347568381
H  10.4334578692, 3.2798160628, -1.4800073344
CN  10.6868906745, 1.2955202438, -1.1417422522
H  10.504220077, 1.1399930024, -2.1601967377
H  10.7728554259, 0.484947078, -0.4405185712
CN  14.203, 3.317, -0.881
H  13.8664058265, 4.0070591652, -1.6517607321
H  14.7481525026, 2.3870138028, -1.2322862065
CN  13.8051327293, 3.4876673399, 0.343981493
H  14.0196191169, 2.7421717316, 1.1619734916
H  13.1680908587, 4.2858625611, 0.6448575984
CN  17.73, 4.101, -1.047
H  18.1791418275, 3.1433826263, -0.611914312
H  17.5626649192, 5.0908339759, -0.516400209
CN  17.4337872905, 4.0783053659, -2.3265784353
H  17.0012019726, 4.9131883884, -2.8197052216
H  17.7011741421, 3.1586625185, -2.860153808
CN  21.257, 4.885, -1.213
H  21.4166715697, 4.7119186171, -2.2800735418
H  21.4595725224, 4.1425023817, -0.4796103664
CN  20.9189607539, 6.1423560813, -0.8732671046
H  20.7785238597, 6.3463437512, 0.1895290077
H  20.8429055044, 6.9092999276, -1.6171860048
CN  24.784, 5.669, -1.379
H  25.4771388198, 6.3916427287, -1.0193591961
H  24.1713879227, 5.1006928674, -0.7613228412
CN  24.6865369357, 5.4401852514, -2.6663877458
H  23.9170944875, 4.7036564168, -2.915798689
H  25.264810829, 6.0168944487, -3.4259047717
CN  28.311, 6.453, -1.545
H  28.9588636027, 6.5799483343, -2.3867291067
H  27.8173398401, 5.4812068507, -1.3043708817
CN  28.1126871035, 7.5137257954, -0.7710185872
H  27.4699259178, 7.4512251734, 0.16192455
H  28.6005631484, 8.4769934223, -0.9638793312
CN  31.838, 7.237, -1.711
H  31.8699697963, 6.1648551482, -1.4917905173
H  31.4078775487, 7.9462258959, -0.996923921
CN  32.2370039983, 7.6415680082, -2.8858470822
H  32.1015313007, 8.7008966985, -3.1224916103
H  32.6005051662, 7.0095043575, -3.6567024462
