CN  0.095, 0.181, -0.217
H  1.0404380874, 0.2761366576, -0.7783778016
H  -0.036510695, 0.5584756509, 0.7904600224
CN  -1.0047418012, -0.3312178183, -0.9088540371
H  -1.9491322314, -0.2754440125, -0.3962004153
H  -0.9532016592, -0.7169417582, -1.8504407997
CP  3.622, 0.965, -0.383
H  3.7638643054, 0.7648811074, -1.4790574015
H  3.4664012984, 1.9695783474, -0.0241012305
CP  3.7142314307, -0.0903062655, 0.4249081514
H  3.6461939726, 0.1537060822, 1.4765328732
H  3.9635181371, -1.0960663013, 0.0457473535
CN  7.149, 1.749, -0.549
H  7.3608327291, 1.6164682677, 0.5062766105
H  7.2041837851, 0.9203322198, -1.2350208159
CN  6.9148532566, 2.9658251951, -1.0705428169
H  6.7370688035, 2.9954765845, -2.156464605
H  6.849096369, 3.831371706, -0.4077936258
CN  10.676, 2.533, -0.715
H  10.1436291389, 3.1345484911, -0.0092803929
H  11.1707514278, 1.5660468675, -0.4418425193
CN  10.8502783467, 3.0874812888, -1.955298702
H  11.3347228977, 2.5602837888, -2.7462099371
H  10.3358643705, 4.0382846036, -2.2072870372
CN  14.203, 3.317, -0.881
H  14.4325342952, 4.2131042644, -0.3182339911
H  13.4970113955, 3.394759483, -1.6767031324
CN  14.7814644841, 2.1890598673, -0.6113992959
H  14.5734103395, 1.3363697915, -1.2522561827
H  15.4808304749, 2.1159193779, 0.2126420808
CN  17.73, 4.101, -1.047
H  17.5820306148, 3.0289759286, -0.8235155925
H  17.6575744459, 4.7657512389, -0.2290842416
CN  17.652820395, 4.4987387775, -2.2964193217
H  17.6535634125, 5.5242613937, -2.5811060972
H  17.7130901838, 3.7304826492, -3.1470713552
CN  21.257, 4.885, -1.213
H  20.9689785537, 5.1663460983, -2.2086936107
H  21.2574048646, 5.7038328625, -0.4858493056
CN  21.5652962452, 3.6276581341, -0.9082921374
H  21.8681585942, 3.3785254377, 0.0902448319
H  21.5082599153, 2.8574177012, -1.6726539512
CN  24.784, 5.669, -1.379
H  24.103829096, 5.4594280779, -2.243023767
H  25.4451313872, 4.8775167204, -1.0871240552
CN  24.7570211752, 6.8774272927, -0.76571561
H  25.502964217, 7.083806242, 0.0700732731
H  24.0712039713, 7.618469432, -0.976286993
CN  28.311, 6.453, -1.545
H  28.3709212395, 7.3491640128, -0.9393216019
H  28.2298582338, 6.5132573505, -2.6130177663
CN  28.4728241493, 5.2622212237, -1.0272462923
H  28.5036425923, 4.4031482908, -1.6872845911
H  28.5626451172, 5.1646641863, 0.0435543259
CN  31.838, 7.237, -1.711
H  31.6199672056, 6.8486570971, -0.6963643645
H  31.2188753473, 7.0276356354, -2.5462273705
CN  33.0118050343, 7.8323061185, -1.8734632796
H  33.2226351039, 8.1791433097, -2.8847402168
H  33.7416476658, 8.083794522, -1.07097487
