CN  0.095, 0.181, -0.217
H  0.4368353223, 0.7206357724, -1.0983248561
H  0.7190268739, -0.63272752, 0.2074746034
CN  -1.1035750364, 0.387350841, 0.3535807947
H  -1.3928612755, -0.2422382239, 1.2591690261
H  -1.7437557761, 1.1567372688, -0.0352988375
CP  3.622, 0.965, -0.383
H  2.9197379726, 0.2112625082, -0.8276010338
H  4.288557131, 1.4307366976, -1.0449021319
CP  3.744844226, 1.0108421873, 0.9064117221
H  4.5301462528, 1.612882062, 1.3618825717
H  3.0945392091, 0.3963773817, 1.5660342295
CN  7.149, 1.749, -0.549
H  7.5887620836, 1.9660431665, -1.5022227441
H  6.3602575587, 2.4064167407, -0.132042238
CN  7.4526331426, 0.6009342911, 0.049473328
H  6.9550150538, 0.347589551, 1.0144239947
H  8.174853378, -0.0785920664, -0.3879659985
CN  10.676, 2.533, -0.715
H  10.9586908074, 3.5437437594, -0.7908719486
H  10.349012878, 1.963678701, -1.5860009796
CN  10.9318979182, 1.8335950859, 0.4050207433
H  10.8455108913, 0.7676685358, 0.3943438538
H  11.4923383152, 2.2912766188, 1.2469655041
CN  14.203, 3.317, -0.881
H  14.4667116488, 4.1995061369, -1.4239133366
H  13.7589224056, 2.4478020468, -1.3359781776
CN  14.3084930245, 3.4086199699, 0.4396201683
H  14.0677323419, 2.5615272829, 1.0780288058
H  14.5672194606, 4.3472675287, 0.8796189304
CN  17.73, 4.101, -1.047
H  17.8897154572, 3.059840941, -1.4678153519
H  17.6673451086, 4.2685601357, 0.0222644405
CN  17.4215347412, 5.1463271278, -1.7933999287
H  17.1651169111, 6.125628371, -1.3110507205
H  17.3158472204, 4.9830937359, -2.82164494
CN  21.257, 4.885, -1.213
H  21.5956504865, 4.8897008251, -0.221314668
H  21.0039024376, 5.781126622, -1.6833620427
CN  21.2423547766, 3.8012073618, -1.9336044425
H  21.0088245222, 3.9193036983, -3.0077293388
H  21.588319456, 2.8922043101, -1.4120607404
CN  24.784, 5.669, -1.379
H  24.4577169914, 4.697735356, -1.1228972376
H  25.2637316927, 6.2489231134, -0.597689051
CN  24.3773819252, 6.1790032738, -2.5216262228
H  24.4396041984, 7.2382970672, -2.7841221939
H  23.9240943572, 5.531513435, -3.2520970956
CN  28.311, 6.453, -1.545
H  27.4787705122, 6.5917343012, -2.271017202
H  29.1926968573, 5.9581178019, -1.9023342123
CN  28.2963589205, 6.8309845688, -0.26887852
H  29.0542882127, 6.5296474446, 0.3694183523
H  27.4290485487, 7.3597329681, 0.0829921175
CN  31.838, 7.237, -1.711
H  31.3602698381, 7.8413400236, -0.9638918569
H  32.0263614566, 6.1973785303, -1.5676367473
CN  32.3598199292, 7.8218848962, -2.7782152398
H  32.8832097131, 7.1820095271, -3.5035372544
H  32.3304001446, 8.9568307259, -2.9540278976
