CN  0.095, 0.181, -0.217
H  0.2266747975, -0.8758194375, 0.0281276986
H  0.9105927869, 0.9348609822, -0.111909534
CN  -1.1573910786, 0.6331729815, -0.6135119449
H  -1.4097372444, 1.6719294384, -0.7837959693
H  -2.0027326345, -0.1295269028, -0.741235886
CP  3.622, 0.965, -0.383
H  3.7051937547, 1.9203011048, 0.1425839585
H  3.2721325683, 0.9516436423, -1.4273589088
CP  4.1596498307, -0.1051199707, 0.2091592874
H  4.3743980229, -1.0402125889, -0.3382007878
H  4.5939390612, 0.0577101122, 1.198937256
CN  7.149, 1.749, -0.549
H  7.3069771918, 1.1490446484, -1.4998546809
H  7.1174533849, 1.2515665512, 0.4397692542
CN  6.9648346532, 3.0311160737, -0.6597434585
H  6.7584562477, 3.6713424052, 0.2173314312
H  6.9933353408, 3.4797624374, -1.6517021769
CN  10.676, 2.533, -0.715
H  10.2342926736, 3.0607821846, -1.5535134584
H  10.8221351608, 3.1032285081, 0.207402483
CN  10.7699503398, 1.2197121048, -0.729251639
H  11.0771850326, 0.7279096315, 0.1402818863
H  10.5311710156, 0.5770462092, -1.5803248884
CN  14.203, 3.317, -0.881
H  15.0787205205, 2.8262829484, -1.2412575061
H  13.4524370007, 3.5843229084, -1.6350251104
CN  14.0085884446, 3.5843443329, 0.3851792694
H  13.0510768207, 3.9874624593, 0.6767196196
H  14.765682832, 3.2802127256, 1.143715849
CN  17.73, 4.101, -1.047
H  18.5414485752, 4.5481565872, -0.527591415
H  16.7753313055, 4.4812626474, -0.9220223184
CN  17.9694109488, 3.0525143552, -1.8907317962
H  17.1927533688, 2.6083521134, -2.5727432488
H  18.9455928492, 2.5984563582, -1.9309763832
CN  21.257, 4.885, -1.213
H  21.8172443878, 4.258706142, -1.9462692544
H  20.910048029, 4.3778725285, -0.3525452399
CN  21.00245152, 6.1668791918, -1.4466365139
H  20.4197448905, 6.8311414856, -0.8020837246
H  21.3718212794, 6.6656597409, -2.332109849
CN  24.784, 5.669, -1.379
H  24.467765577, 6.4174636925, -2.0630781774
H  25.3482413855, 4.7588673378, -1.6903913314
CN  24.4385273066, 5.7804482624, -0.0893990248
H  24.6467030284, 5.0052678413, 0.605839647
H  23.9426686675, 6.7077070321, 0.2823389018
CN  28.311, 6.453, -1.545
H  28.0075836283, 7.0294023442, -0.6756366918
H  28.6950087661, 5.4539600264, -1.3795975441
CN  28.1388649348, 6.8676687949, -2.7857250732
H  28.3842796279, 6.2563330994, -3.6266328442
H  27.8181291499, 7.8756701153, -2.9780178271
CN  31.838, 7.237, -1.711
H  32.2181205495, 7.846250123, -2.5545975147
H  30.8269783827, 7.4286359181, -1.2697834576
CN  32.5918322874, 6.4385019427, -0.9846962367
H  32.1287807255, 5.8999542165, -0.117174445
H  33.6876389173, 6.2697360999, -1.1147833254
