CN  0.095, 0.181, -0.217
H  0.3788300212, 1.179746856, 0.0993310567
H  0.7430707065, -0.6794400595, 0.113239815
CN  -1.0279307657, 0.0392631217, -1.011701609
H  -1.369497108, -0.9874309649, -1.2703353275
H  -1.6244255164, 0.8493338077, -1.2818876177
CP  3.622, 0.965, -0.383
H  4.2877114958, 0.1496490361, -0.1039656143
H  3.1367928729, 1.501592241, 0.4275846661
CP  3.4379161198, 1.2289439931, -1.648657785
H  2.7432781389, 2.0432050636, -1.9730636382
H  3.9634243791, 0.5947493341, -2.3191089131
CN  7.149, 1.749, -0.549
H  6.8641260877, 0.9094411895, -1.2323558835
H  7.2048948268, 2.7470936735, -1.0721890775
CN  7.3991099714, 1.643407561, 0.7538166534
H  7.6137614745, 2.5452210983, 1.3240123336
H  7.2929697292, 0.7463312946, 1.3398431744
CN  10.676, 2.533, -0.715
H  11.4619494486, 1.7899239135, -0.5441426601
H  10.072728549, 2.4777829358, -1.5463264569
CN  10.6489758826, 3.5542324115, 0.0891611023
H  9.9252345527, 4.3789686899, -0.0391664081
H  11.3482320859, 3.7261128591, 0.9065622513
CN  14.203, 3.317, -0.881
H  14.3842741171, 4.1562182983, -1.5501061359
H  13.9246600639, 2.3783929149, -1.3053272605
CN  14.3507951508, 3.4192201181, 0.4108022402
H  14.3028402951, 2.5468711691, 1.0949189482
H  14.3668593083, 4.4235721275, 0.9060041943
CN  17.73, 4.101, -1.047
H  17.6937789897, 4.4118325401, 0.0659037724
H  18.2651435998, 3.1586386438, -1.3504700251
CN  17.4073032069, 4.9895732862, -1.9882185113
H  17.5250064327, 4.7578897498, -3.0617294183
H  16.9520910619, 5.8702658406, -1.6353553986
CN  21.257, 4.885, -1.213
H  22.0689733959, 4.3431888047, -1.6198411032
H  20.4913643514, 4.2700573789, -0.800902439
CN  21.0646107512, 6.1968246497, -1.3329659523
H  20.2223128199, 6.7462321008, -0.8960462672
H  21.8057438559, 6.7444190441, -1.8530950938
CN  24.784, 5.669, -1.379
H  24.4130149548, 6.6649963409, -1.0649093001
H  24.7944857578, 5.3167602353, -2.4085487441
CN  25.1774305204, 4.867728523, -0.4197617276
H  25.5240733908, 3.8563928653, -0.680082458
H  25.1060170125, 5.165153334, 0.6348544064
CN  28.311, 6.453, -1.545
H  28.2521365158, 5.5344495445, -0.9353475727
H  28.3075675338, 7.3561470088, -1.0135424353
CN  28.2619854597, 6.4741473402, -2.8829628501
H  28.4059993369, 7.4364757868, -3.2825538898
H  28.3293798396, 5.5654176072, -3.4864999571
CN  31.838, 7.237, -1.711
H  31.1704759579, 7.9350555215, -1.202090139
H  31.381214276, 6.7015788997, -2.4951321095
CN  33.0978049074, 7.1030088445, -1.3822719538
H  33.8050794206, 6.4294214006, -1.8743998727
H  33.5006603445, 7.6534983868, -0.5672294264
