CN  0.095, 0.181, -0.217
H  0.3786094829, 0.3117170009, 0.8335393603
H  -0.1123343174, 0.9397458609, -0.9234195186
CN  -0.0638603147, -1.1497538016, -0.615111279
H  -0.4451982051, -1.3216752858, -1.6108370938
H  0.0895061032, -1.9012392566, 0.1875522939
CP  3.622, 0.965, -0.383
H  3.3102217339, 1.6879640945, 0.3774774851
H  3.6898568446, 1.2542641822, -1.4442770305
CP  3.8191901342, -0.314505757, -0.0550326764
H  4.2022772536, -1.0872578802, -0.7941801889
H  3.7038025374, -0.6159068929, 0.9294357808
CN  7.149, 1.749, -0.549
H  7.2653379963, 0.8784317053, -1.2124642432
H  7.6639217968, 1.7307716121, 0.4136436477
CN  6.5598005805, 2.8601466205, -0.9831679089
H  6.5681065823, 3.6904878473, -0.2915356018
H  6.0639110521, 2.9673977958, -1.9636295959
CN  10.676, 2.533, -0.715
H  10.3855359129, 1.4932696404, -0.7071944469
H  11.2844451288, 2.9672296006, -1.5284223658
CN  10.5159379178, 3.3023529893, 0.3433683633
H  10.9661199044, 4.3074509607, 0.242164968
H  9.874256006, 2.952463162, 1.2102201376
CN  14.203, 3.317, -0.881
H  14.6265364236, 2.9108169881, -1.793713257
H  14.1032596658, 2.6430709654, -0.0232949691
CN  13.7324573239, 4.5793470035, -0.8826852168
H  13.2660861208, 4.9170988506, -0.008475315
H  13.8914423133, 5.2367285691, -1.7132935064
CN  17.73, 4.101, -1.047
H  18.2107030773, 3.3826940829, -0.3806956788
H  17.3748048753, 5.0417632183, -0.6275374183
CN  17.6414160287, 3.8800043789, -2.3364435219
H  17.124375545, 4.6027851681, -2.9530856813
H  17.9824534152, 2.9885238073, -2.7801246956
CN  21.257, 4.885, -1.213
H  21.3132605097, 5.1231371525, -2.3052948131
H  20.6173845367, 5.4421201467, -0.4945938608
CN  21.8376241314, 3.7675199624, -0.7862805247
H  21.8368543204, 3.4733387332, 0.270328075
H  22.4640108835, 3.1539141693, -1.4710734421
CN  24.784, 5.669, -1.379
H  24.4606344733, 5.7290409982, -0.3157877628
H  25.3552757149, 4.8491660163, -1.7121451455
CN  24.3307242521, 6.6011013904, -2.2207419655
H  24.6210101394, 6.4352497894, -3.2539586725
H  23.6825868997, 7.41976972, -1.8922667643
CN  28.311, 6.453, -1.545
H  28.0196154568, 5.4958056164, -1.9108846913
H  28.6915558029, 6.5397308776, -0.5951784455
CN  28.0788844926, 7.553592456, -2.2564145185
H  28.371499986, 8.500136732, -1.8984566665
H  27.6942179022, 7.5514172236, -3.2433447494
CN  31.838, 7.237, -1.711
H  32.1422556526, 6.6618415264, -2.5531124045
H  31.465116444, 6.6980424721, -0.8086561865
CN  31.7063613647, 8.5666027053, -1.7344572643
H  31.4983295303, 9.0849651995, -0.8911306519
H  31.8553522358, 9.1812133422, -2.6008511816
