CN  0.095, 0.181, -0.217
H  -0.0269021655, 1.059411052, 0.3598415342
H  0.9511954674, -0.5232325036, -0.0307843328
CN  -0.8506399183, -0.1297300319, -1.2293801253
H  -0.7816897393, -1.0984893949, -1.716674191
H  -1.7696051759, 0.4774079412, -1.3487711267
CP  3.622, 0.965, -0.383
H  3.5597703372, 1.4259534499, -1.3500845487
H  3.688741386, 1.6093672916, 0.522335822
CP  3.855602824, -0.3872599714, -0.2372839655
H  4.0107934028, -0.8793775937, 0.6997844048
H  3.7698366809, -1.0038390883, -1.1043589623
CN  7.149, 1.749, -0.549
H  6.8274977025, 0.9538589061, -1.222347054
H  7.9960339842, 1.5751114633, 0.1591308574
CN  6.6460416655, 2.9711012189, -0.5807863609
H  7.0640709506, 3.7491761961, 0.033382767
H  5.8132784855, 3.22392048, -1.2996349142
CN  10.676, 2.533, -0.715
H  10.971994047, 1.8485343833, -1.5028798373
H  10.3173980482, 3.5537741871, -0.877570618
CN  10.8147306043, 2.1482526845, 0.5328403675
H  10.537271561, 2.8022299431, 1.3371074151
H  11.1143996246, 1.0611857859, 0.7131869431
CN  14.203, 3.317, -0.881
H  13.1877938896, 3.7446456598, -0.7181948299
H  14.9943755152, 3.658049731, -0.284142958
CN  14.3971697686, 2.3894424732, -1.8031933207
H  15.3401421307, 2.0264670265, -2.0730392336
H  13.5677720593, 2.0891918532, -2.4757005076
CN  17.73, 4.101, -1.047
H  17.0498273491, 3.34694109, -1.2254385734
H  18.6810175984, 3.8397718728, -0.6276713793
CN  17.4756176789, 5.3548882706, -1.320910349
H  18.225548486, 6.1387035409, -1.1525103886
H  16.5623351402, 5.6861814083, -1.8562622657
CN  21.257, 4.885, -1.213
H  21.4986879348, 5.4046181399, -0.2542445588
H  20.8514394602, 5.4970711857, -2.0501143345
CN  21.5000118426, 3.6140512177, -1.4147840796
H  21.3009911052, 3.164094836, -2.3537164816
H  21.8081212863, 3.0476244374, -0.565614561
CN  24.784, 5.669, -1.379
H  25.6677831559, 5.9679361533, -1.8731223503
H  23.8863558283, 5.5148576131, -1.9910649663
CN  24.733982235, 5.4226216611, -0.0539195147
H  23.813064239, 5.1579601688, 0.3630518471
H  25.6528365478, 5.6024077867, 0.554324379
CN  28.311, 6.453, -1.545
H  27.955555261, 7.0615754663, -2.3991248907
H  28.4086645616, 6.8531883035, -0.5175559754
CN  28.7545262067, 5.2164556537, -1.7322154037
H  29.2915835092, 4.6408769847, -0.9479121585
H  28.6665434186, 4.7819266928, -2.7551648378
CN  31.838, 7.237, -1.711
H  32.4435928846, 6.411167799, -2.0564476265
H  30.9924942105, 7.7142702394, -2.2827147221
CN  32.0470783492, 7.6190188906, -0.4606725181
H  31.4528735055, 8.3723890214, -0.0398642583
H  32.8526863204, 7.1978888761, 0.0793088575
