CN  0.095, 0.181, -0.217
H  0.6369714069, -0.5295750706, 0.3956224178
H  0.5998729813, 0.8111048169, -0.9950146647
CN  -1.2991568778, 0.1378491215, -0.1066579418
H  -1.9652100231, 0.7950689761, -0.6199453215
H  -1.7344513867, -0.6271063463, 0.5876499141
CP  3.622, 0.965, -0.383
H  3.4780352557, 1.0062380136, 0.6894671247
H  3.7360571435, 0.0506914017, -0.9561702674
CP  3.4555601519, 2.1362444708, -1.0278736456
H  3.4439516585, 2.2152077006, -2.1466670862
H  3.230014853, 3.0130979295, -0.4891028706
CN  7.149, 1.749, -0.549
H  7.8446270121, 1.2447303934, -1.2049252574
H  6.3712344171, 2.4495436979, -0.8740409126
CN  7.326417349, 1.6143188153, 0.7832286338
H  6.6343007812, 2.16563712, 1.4279964433
H  8.0983100042, 1.0449844837, 1.2611460375
CN  10.676, 2.533, -0.715
H  11.5385916524, 2.8949396925, -0.1339875354
H  10.3978878047, 1.5020430785, -0.4662521104
CN  10.3303208552, 3.2270598746, -1.7971428211
H  9.5029682288, 2.8983871576, -2.447947249
H  10.8361289222, 4.2155402699, -2.0103364297
CN  14.203, 3.317, -0.881
H  14.1352278822, 3.3578655125, 0.1749133194
H  14.3194916183, 4.2543338749, -1.4258337778
CN  14.080235765, 2.1615721059, -1.5343912582
H  14.0290340345, 2.1091750443, -2.6312053935
H  13.9760934728, 1.2145395518, -0.9162907268
CN  17.73, 4.101, -1.047
H  18.4035488784, 3.4831489282, -1.5974453233
H  17.4902942577, 3.7540998675, -0.0335665121
CN  17.2555443381, 5.2260658088, -1.5198291004
H  16.5750088647, 5.8720877122, -0.9874193564
H  17.6410966457, 5.534532616, -2.4737439359
CN  21.257, 4.885, -1.213
H  21.8469697575, 4.8405163856, -0.303865128
H  20.3886333769, 5.6036932646, -1.3389644237
CN  21.5351844009, 4.065106613, -2.2315280883
H  20.9621889299, 4.1444766995, -3.1831541548
H  22.4093215418, 3.4360263697, -2.2432030972
CN  24.784, 5.669, -1.379
H  24.2804253298, 5.0245227199, -2.0526975649
H  25.0490786483, 6.6300596598, -1.7321454634
CN  25.0221152421, 5.3941818199, -0.1031230645
H  25.4760814049, 6.1888694274, 0.516256489
H  24.7471412321, 4.4403995968, 0.3715137923
CN  28.311, 6.453, -1.545
H  28.5978750715, 5.7147018205, -0.8656343406
H  27.8359373634, 7.3929688574, -1.1764240505
CN  28.2640071554, 6.2195079316, -2.8396010031
H  27.8756623841, 7.0199709817, -3.5187647226
H  28.7541456317, 5.3060336208, -3.2085544908
CN  31.838, 7.237, -1.711
H  31.1482278452, 7.0144828074, -0.9155782018
H  31.6853042488, 8.0976744737, -2.3457448434
CN  32.9139994781, 6.4836416256, -1.8082177813
H  33.7158277076, 6.8195659266, -2.5155288535
H  33.1829333264, 5.744601987, -1.0287378101
