CN  0.095, 0.181, -0.217
H  0.3859334799, -0.8479499627, 0.1082671421
H  -0.1554081099, 0.8341427943, 0.5392665218
CN  0.0724767657, 0.5626551982, -1.5670969676
H  -0.2295852387, 1.520281684, -1.7929321788
H  0.4209749536, -0.0631236849, -2.3891165276
CP  3.622, 0.965, -0.383
H  4.2506508772, 1.2203345922, -1.2518066103
H  3.2491006929, -0.0789149034, -0.2801809575
CP  3.3313468496, 1.9306129334, 0.4662668569
H  2.828079007, 1.7841044325, 1.405161125
H  3.6742439473, 2.930235923, 0.2989926791
CN  7.149, 1.749, -0.549
H  6.8066578292, 0.9037340814, 0.0694911097
H  7.5075765676, 2.6486497501, -0.0764020194
CN  7.1890388715, 1.6081237549, -1.8627163779
H  7.5080128335, 2.3958706236, -2.5094029612
H  6.6984221674, 0.7209323055, -2.3322330076
CN  10.676, 2.533, -0.715
H  11.2815533626, 2.2043547097, 0.1379136475
H  10.3416751685, 1.8290576347, -1.4818364068
CN  10.4401752008, 3.7935375806, -0.9751865954
H  9.9267023805, 4.0495740714, -1.905955287
H  10.8545906131, 4.5383722637, -0.3369408393
CN  14.203, 3.317, -0.881
H  13.1991957532, 3.4766822752, -0.5253069107
H  15.0060346893, 3.1447314699, -0.2547465184
CN  14.4115105044, 3.308264286, -2.1726330306
H  15.4006520145, 3.0990134556, -2.5349285188
H  13.6236345046, 3.6877015419, -2.8912891018
CN  17.73, 4.101, -1.047
H  17.6694880099, 4.5130997042, -2.0621976684
H  17.6128718585, 3.0243335819, -0.9070016509
CN  17.8260696467, 4.8912624543, 0.0005337146
H  17.7354120665, 4.4862936936, 1.0700957699
H  17.789733992, 5.9747296023, -0.0895335663
CN  21.257, 4.885, -1.213
H  20.3728351227, 4.3570813133, -0.7952696028
H  22.1934207076, 4.4057220905, -1.1954686832
CN  21.0895227546, 6.025004351, -1.8681571244
H  21.9533460467, 6.5872136669, -2.2437721645
H  20.1043278991, 6.5014689578, -1.9603144507
CN  24.784, 5.669, -1.379
H  25.5694961555, 4.976263418, -1.5467760664
H  24.1056656635, 5.9715703994, -2.1705210325
CN  24.6015864017, 6.0650363632, -0.120713124
H  23.8591109723, 6.723895803, 0.1810141845
H  25.3470014848, 5.7630614667, 0.6725718168
CN  28.311, 6.453, -1.545
H  28.1328736204, 6.6804654901, -2.5685072587
H  28.1293345245, 7.2106060021, -0.7625596071
CN  28.7859470139, 5.2708835736, -1.1397100476
H  28.9291567179, 5.1009231809, -0.0743218964
H  28.7687188375, 4.4712984221, -1.8976533144
CN  31.838, 7.237, -1.711
H  31.9128231331, 7.4869702328, -2.7586451365
H  31.076269658, 7.7559975288, -1.1356742827
CN  32.5700332446, 6.3130212421, -1.1729558162
H  32.5019047198, 6.0004572651, -0.1229621582
H  33.2340703259, 5.8011369225, -1.8921379588
