CN  0.095, 0.181, -0.217
H  0.1331879923, -0.9016012471, -0.1831301344
H  0.5313954614, 0.7645096147, 0.5395927037
CN  -0.3672582893, 0.7706096969, -1.4116314476
H  -0.292078344, 1.7614145957, -1.5725384514
H  -0.7666888476, 0.1183109443, -2.2296046883
CP  3.622, 0.965, -0.383
H  3.2913605556, 0.9060445228, -1.431648087
H  3.9507509155, 1.9051165346, 0.0593389632
CP  3.7779974382, -0.1572117252, 0.2374668771
H  4.1784900527, -0.2801470255, 1.249944223
H  3.5857235904, -1.0638601484, -0.298239069
CN  7.149, 1.749, -0.549
H  6.9885710981, 2.7643386349, -0.2456310622
H  7.4759644862, 1.6076142523, -1.5839713167
CN  7.2361766903, 0.7645284579, 0.3816500883
H  7.5139334614, -0.1879594465, 0.0529668417
H  7.0219252646, 0.972862256, 1.4078514796
CN  10.676, 2.533, -0.715
H  10.2291175453, 2.0689353336, 0.150511947
H  11.5921162809, 2.0817735444, -1.1159940799
CN  10.2959523283, 3.7498108195, -1.0391590917
H  10.6364126008, 4.2662003083, -1.9682705526
H  9.4470551432, 4.1414426962, -0.452927875
CN  14.203, 3.317, -0.881
H  13.4338541683, 4.0550001277, -1.0359652426
H  14.9660152955, 3.165740722, -1.6689318632
CN  14.3497798353, 2.6852977904, 0.2862716849
H  15.1895452972, 2.0400449954, 0.4551785512
H  13.7041609526, 2.8993395391, 1.0859095844
CN  17.73, 4.101, -1.047
H  18.5427470753, 4.0925343642, -0.2542752837
H  16.8929418532, 4.7809070009, -0.8480362409
CN  17.9417600159, 3.5468785982, -2.2248214034
H  17.1891205354, 3.7070215842, -2.9746505354
H  18.8103514884, 3.0313780123, -2.5105680453
CN  21.257, 4.885, -1.213
H  20.5521061534, 5.365798046, -0.527354429
H  21.5771216346, 5.3231886694, -2.2039916503
CN  21.6261195246, 3.6390392046, -0.9928132393
H  22.3303710743, 3.1826119932, -1.626258549
H  21.3998345396, 3.0971683523, -0.0677449343
CN  24.784, 5.669, -1.379
H  25.3832037208, 5.9763088297, -2.2280751614
H  24.0567481421, 4.8286306978, -1.4859132207
CN  24.809214346, 6.3095785514, -0.2171791192
H  24.113092437, 5.9893132524, 0.5651913347
H  25.4955150676, 7.1679674683, -0.0286488729
CN  28.311, 6.453, -1.545
H  27.7009376715, 5.565147313, -1.692261798
H  29.1383179256, 6.321088273, -0.910175088
CN  27.9848791203, 7.6239977673, -2.0027193617
H  28.4831226633, 8.5903482554, -1.7310313129
H  27.1058670948, 7.7195972703, -2.5795354056
CN  31.838, 7.237, -1.711
H  31.4123347261, 8.1590166573, -1.3705615931
H  31.2979420751, 6.3422068034, -1.8922456509
CN  33.0868500016, 7.2919152706, -2.0396948944
H  33.5089504207, 6.3885908883, -2.4671476866
H  33.6846427028, 8.1300383971, -1.9355127715
