CN  0.095, 0.181, -0.217
H  0.3048433242, 1.268114322, -0.1991530488
H  0.8909848657, -0.4641988798, -0.5326269403
CN  -1.1960410308, -0.3713032171, 0.0364367655
H  -1.3028311259, -1.4636311498, -0.0599845478
H  -1.9866826387, 0.2951322443, 0.2793583418
CP  3.622, 0.965, -0.383
H  3.7678499381, -0.078209553, -0.7399336912
H  3.8657449, 1.1826626586, 0.6598841198
CP  3.1516089404, 1.902756342, -1.168910129
H  2.9941396192, 2.8663372641, -0.8132410904
H  2.9178451799, 1.609915273, -2.2429463521
CN  7.149, 1.749, -0.549
H  6.820411864, 1.4293653755, 0.4756465334
H  7.9311515644, 1.0685380225, -0.9824960525
CN  6.6237930835, 2.8238617471, -1.113448023
H  6.8486636727, 3.0712672798, -2.1300768724
H  5.9100813639, 3.4487255875, -0.5625731785
CN  10.676, 2.533, -0.715
H  11.3370041646, 2.2107612939, 0.1049108334
H  9.9442327983, 3.3448897617, -0.4643666307
CN  10.5885890383, 1.8546540826, -1.829721069
H  9.8554613398, 2.1418763002, -2.5991941802
H  11.3570204157, 1.0946611048, -2.0992823868
CN  14.203, 3.317, -0.881
H  13.7680646086, 3.3744465209, 0.1426263606
H  14.81667852, 2.4790657943, -1.0638269805
CN  13.9697613891, 4.208287805, -1.8360090316
H  14.4776798112, 4.1962449956, -2.7537951201
H  13.3472730801, 5.0327466476, -1.6459264892
CN  17.73, 4.101, -1.047
H  17.0338613096, 4.4752693308, -1.7746724848
H  18.1173482449, 4.7369492008, -0.2748535062
CN  18.2185118875, 2.9223028395, -1.1463011714
H  19.0205654491, 2.5970225895, -0.4849833241
H  17.8967093575, 2.2479074372, -1.9773181024
CN  21.257, 4.885, -1.213
H  21.6934451007, 4.0725749721, -1.7718753793
H  20.8202667867, 5.7859206699, -1.7959911011
CN  21.3075617343, 4.98752509, 0.1112847885
H  20.819214215, 5.7955126646, 0.630935085
H  21.7211059811, 4.1679080638, 0.7489002153
CN  24.784, 5.669, -1.379
H  24.0671963856, 5.182164147, -2.0099845527
H  25.6391871241, 5.1622132838, -0.9379264536
CN  24.5381265483, 6.9017056268, -0.954204954
H  25.2548245715, 7.4137936362, -0.3092862972
H  23.7148713002, 7.4695056494, -1.4237744596
CN  28.311, 6.453, -1.545
H  27.5095293344, 7.2003530972, -1.6837883916
H  28.8112345546, 6.3813562904, -0.5699937592
CN  28.7070622637, 5.6566184701, -2.5483481063
H  29.4023604368, 4.7772430705, -2.3407183585
H  28.1734813075, 5.6975372108, -3.5044668951
CN  31.838, 7.237, -1.711
H  32.0725151632, 6.6132475153, -2.5943769631
H  31.0891304095, 6.8839010335, -1.0445957186
CN  32.1862918675, 8.5092694449, -1.7116322057
H  31.9275440782, 9.2627824421, -0.921510042
H  32.6951904013, 8.9252648245, -2.5321488886
