CN  0.095, 0.181, -0.217
H  0.9337815035, 0.2650188016, 0.5472386616
H  -0.3539380141, 1.0321002753, -0.6036751483
CN  -0.5424103837, -1.0860307963, -0.4595878928
H  -1.434463785, -1.0229649526, -1.0241725826
H  -0.2648189658, -1.9548744123, 0.1260630435
CP  3.622, 0.965, -0.383
H  3.2117014079, 1.1999790707, 0.5897210243
H  4.2949443117, 0.1547537561, -0.4309093628
CP  3.2576773494, 1.7118316209, -1.4162345223
H  3.638759287, 1.5034539359, -2.4506958514
H  2.5608591458, 2.5278243645, -1.2720890188
CN  7.149, 1.749, -0.549
H  6.4438706076, 2.4047918368, -0.9938977406
H  7.8002005857, 2.2164790009, 0.1976925265
CN  7.3173956794, 0.4455059183, -0.8552623604
H  8.1135949599, -0.0353499883, -0.4027824746
H  6.7194150384, -0.0428274671, -1.6473327695
CN  10.676, 2.533, -0.715
H  10.7163166552, 2.4055440579, -1.8341128888
H  11.1713582528, 1.7376245469, -0.175602918
CN  10.0530731117, 3.5524101294, -0.1595292139
H  10.0562492639, 3.6912744892, 0.9251247609
H  9.49171951, 4.306609732, -0.7532594504
CN  14.203, 3.317, -0.881
H  13.7455656166, 2.8057124599, -1.7806072932
H  15.0481828239, 2.7497325201, -0.4094481237
CN  13.8788950036, 4.5324028736, -0.4972632104
H  14.4275397287, 4.9377006137, 0.3866926172
H  13.0160606037, 5.084995294, -0.8021632529
CN  17.73, 4.101, -1.047
H  17.8323006974, 4.0537098554, 0.0298991605
H  17.5313793559, 5.0583860497, -1.5072130876
CN  17.6475493922, 2.9440260829, -1.6630665992
H  17.5350680528, 2.8707985401, -2.7752144656
H  17.873335592, 2.1274563475, -0.967122042
CN  21.257, 4.885, -1.213
H  20.7463032029, 5.8129739553, -1.049020771
H  21.2785784874, 4.5093625643, -2.2224966706
CN  21.7800406908, 4.1548724657, -0.2745251791
H  22.2279996815, 3.1691500526, -0.5031270578
H  21.7245055154, 4.4332472777, 0.8066938121
CN  24.784, 5.669, -1.379
H  24.4825034797, 6.4079160255, -0.6604644462
H  25.1020038171, 4.6703259733, -1.0167337022
CN  24.7727372734, 5.8933846817, -2.6592801078
H  25.0673157174, 5.0651262203, -3.3325530904
H  24.4856940911, 6.829335101, -3.0141035595
CN  28.311, 6.453, -1.545
H  27.9314615666, 6.3312305752, -2.6088188768
H  28.5832182594, 7.47533129, -1.2086703178
CN  28.5032747392, 5.3631625084, -0.8437844937
H  28.8559815112, 5.3853727789, 0.1969879928
H  28.2609569524, 4.3800143662, -1.2779794318
CN  31.838, 7.237, -1.711
H  32.4542758077, 7.6294718694, -0.8746150093
H  31.5606943361, 6.1897250219, -1.7207634788
CN  31.5572449529, 8.021342072, -2.7372487285
H  31.00143301, 7.5910744715, -3.6086809083
H  31.7963919571, 9.074688871, -2.7336852526
