CN  0.095, 0.181, -0.217
H  1.1192185369, -0.0443882769, -0.136851228
H  -0.5788966541, -0.6729371495, -0.2840913612
CN  -0.3082194743, 1.5033819193, -0.1117544901
H  -1.296072458, 1.7560894806, -0.0057985963
H  0.436380608, 2.2685855271, 0.0033385258
CP  3.622, 0.965, -0.383
H  3.893570882, 0.5617466267, 0.5945886794
H  3.002269451, 1.8520535039, -0.5129750436
CP  3.9191613246, 0.2143558296, -1.4789814098
H  3.6117812399, 0.5324773062, -2.4641560937
H  4.6191718509, -0.653277986, -1.4309009765
CN  7.149, 1.749, -0.549
H  7.453668572, 1.2972110822, -1.4447062126
H  6.6918704344, 1.1210623451, 0.2369000742
CN  7.2118939608, 3.0694384776, -0.4033994062
H  6.8909473727, 3.514541775, 0.5349539677
H  7.659500986, 3.7501378489, -1.1195703493
CN  10.676, 2.533, -0.715
H  10.1335639259, 3.3425235926, -1.2277514698
H  10.8913575416, 2.5995084126, 0.3128279078
CN  10.958041757, 1.4047405941, -1.3106539734
H  11.4270704942, 0.5545446672, -0.8320232747
H  10.662342543, 1.2753262057, -2.3492987227
CN  14.203, 3.317, -0.881
H  13.4092151236, 3.6141288122, -0.2411139775
H  14.7089891475, 4.0130311574, -1.5558262523
CN  14.6505662775, 2.1188334092, -0.6750070129
H  15.5658057906, 1.8091001784, -1.1831405892
H  14.2292453419, 1.526439292, 0.1176461525
CN  17.73, 4.101, -1.047
H  17.6795343787, 5.2047409086, -1.1965863147
H  17.2719153723, 3.6862366458, -0.1115460907
CN  18.14624425, 3.406441776, -2.0948936021
H  18.1011818358, 2.3611429696, -2.1612374
H  18.375151003, 3.9230301519, -2.9819706892
CN  21.257, 4.885, -1.213
H  20.8852309024, 3.8460613481, -1.3384013066
H  21.4957469799, 5.3986279032, -0.2333898849
CN  21.29004515, 5.7150597575, -2.2661801849
H  21.5425623007, 6.7788795871, -2.1724753285
H  21.1690012715, 5.3002117035, -3.2646418818
CN  24.784, 5.669, -1.379
H  24.5933604766, 6.055367425, -0.383837889
H  25.0156174256, 6.3511275409, -2.1664760163
CN  24.7058182845, 4.3713888197, -1.5858824542
H  24.8718085819, 3.9697220064, -2.5803894126
H  24.5710283492, 3.6746303689, -0.7715440794
CN  28.311, 6.453, -1.545
H  28.0273860782, 5.6198320743, -2.2240282775
H  28.8835050074, 6.173391692, -0.6302364855
CN  27.7913020392, 7.6454232762, -1.7189349808
H  28.024429691, 8.4050055428, -0.9247914822
H  27.2109794386, 7.9609982936, -2.5419424858
CN  31.838, 7.237, -1.711
H  32.60587961, 6.6851130626, -2.1976017702
H  31.124474682, 6.7809973463, -1.0287498944
CN  31.7016439295, 8.4601233371, -2.2381515866
H  30.8903160908, 9.125650572, -1.9215216071
H  32.4344460245, 8.7966681631, -2.9809509926
