CN  0.095, 0.181, -0.217
H  0.7605307193, -0.5664743925, -0.6144088435
H  0.4331065689, 0.8412652307, 0.5226167046
CN  -1.2482919006, 0.3471126917, -0.5538809519
H  -1.8282789982, 1.1393585095, -0.0881523153
H  -1.7101917682, -0.3491082662, -1.2939745016
CP  3.622, 0.965, -0.383
H  4.1649807524, 0.4620387228, 0.467990041
H  3.1541005199, 1.9439040625, -0.2900979531
CP  3.3842145999, 0.307078971, -1.5242131074
H  2.855653744, 0.7624415403, -2.3242635868
H  3.6701750374, -0.7341059114, -1.6776839902
CN  7.149, 1.749, -0.549
H  6.6090779422, 1.410052918, -1.4515843056
H  7.4228839583, 2.751947059, -0.4687839931
CN  7.5445542532, 0.9491438232, 0.4048387566
H  8.0897866088, 1.3216992315, 1.2781356632
H  7.3989397443, -0.1206778683, 0.3556489884
CN  10.676, 2.533, -0.715
H  9.7573657958, 1.9863754557, -0.9563633438
H  11.6238033987, 2.0054415607, -0.6697076996
CN  10.6182669702, 3.8269753793, -0.3430526865
H  11.4838114255, 4.4027415611, 0.0011918239
H  9.6854069445, 4.3655825345, -0.4414362078
CN  14.203, 3.317, -0.881
H  14.4015489372, 2.3514005707, -1.3398426515
H  14.0154158299, 3.3484411531, 0.1954290324
CN  14.1112895274, 4.4227304054, -1.5893566477
H  13.856129803, 5.3685104729, -1.1672710583
H  14.3591095781, 4.347213827, -2.6723984088
CN  17.73, 4.101, -1.047
H  17.9729353485, 4.7569656478, -0.2192614961
H  17.1756187057, 4.463749433, -1.8697990749
CN  18.0257996637, 2.8221192857, -0.9928471034
H  17.7240227611, 2.1367307424, -1.791989802
H  18.5615309852, 2.4924244943, -0.1600808974
CN  21.257, 4.885, -1.213
H  21.6259937797, 3.8595132269, -1.2262724856
H  21.119525403, 5.3953154648, -2.1388312512
CN  20.9511231602, 5.4175254675, -0.0542705791
H  20.5033073792, 6.4071346765, 0.0603643915
H  21.009628088, 4.8554721427, 0.9033665919
CN  24.784, 5.669, -1.379
H  25.392891194, 5.6719218544, -2.293921014
H  24.1088669179, 6.4879162477, -1.1760680625
CN  24.97836731, 4.653506538, -0.5105556102
H  24.4348600251, 4.730937473, 0.4426750478
H  25.7031356399, 3.8592648989, -0.6794286626
CN  28.311, 6.453, -1.545
H  28.9056380799, 7.3413863055, -1.4394537875
H  27.3907429703, 6.4678116817, -1.0293112759
CN  28.6014459054, 5.4671378693, -2.3524318941
H  27.9325426246, 4.6422358357, -2.3861759426
H  29.5150175059, 5.342006596, -2.9343889165
CN  31.838, 7.237, -1.711
H  31.5248780868, 6.1840501421, -1.7692418146
H  31.3570123882, 7.7100865097, -0.9008732124
CN  32.7013563339, 7.8428173252, -2.5029673491
H  32.9300191149, 8.8833292631, -2.4110758885
H  33.1270989412, 7.2202678348, -3.2995972223
