CN  0.095, 0.181, -0.217
H  -0.2783656362, 1.1651400229, -0.5404803053
H  0.6576799397, -0.4734897042, -0.8102945055
CN  -0.4370820909, -0.3404212074, 0.9723535093
H  -0.1165440869, -1.3463456982, 1.3118045188
H  -1.0918064991, 0.2211674455, 1.6128799468
CP  3.622, 0.965, -0.383
H  3.3354915424, 0.4659309212, 0.5370476988
H  3.7854164918, 2.0277510258, -0.3569198994
CP  3.6857024271, 0.2811811834, -1.5396005245
H  3.8532622831, 0.8580378886, -2.4494156885
H  3.5547647642, -0.78228213, -1.6659907238
CN  7.149, 1.749, -0.549
H  8.0811289889, 1.643547811, 0.0364524453
H  6.7084476115, 0.8590910436, -0.9403343529
CN  6.5703690325, 2.9135521863, -0.7199930699
H  5.6246823914, 3.0311439398, -1.2146165606
H  6.9381839933, 3.7769852297, -0.2330595077
CN  10.676, 2.533, -0.715
H  10.567012824, 2.3643879825, 0.3470219142
H  10.8112751021, 3.5769619912, -1.0776061407
CN  10.6337777066, 1.532698002, -1.580100371
H  10.9020636442, 1.7400430865, -2.5996895881
H  10.5236362352, 0.4399869372, -1.229467586
CN  14.203, 3.317, -0.881
H  14.4042055626, 2.6104454077, -0.1666686275
H  14.3625651533, 4.3638302024, -0.6473833955
CN  13.9011909705, 2.9162292508, -2.0896796885
H  13.6948240614, 3.564013116, -2.9520782444
H  13.8077622353, 1.8003423325, -2.3020756485
CN  17.73, 4.101, -1.047
H  17.1989474841, 4.4264694929, -1.8981102571
H  18.1225360332, 4.8381360246, -0.4050987274
CN  17.9024366974, 2.8112825998, -0.7874122365
H  18.4539218259, 2.5202272256, 0.058952903
H  17.5129150179, 2.0727572189, -1.51974166
CN  21.257, 4.885, -1.213
H  21.8341178832, 5.7112349762, -0.7986492661
H  20.8514674814, 4.1461362172, -0.5445179254
CN  21.1333400959, 4.812438137, -2.5302357872
H  20.5829777431, 3.938934737, -2.953219087
H  21.6305717454, 5.552596939, -3.1347554576
CN  24.784, 5.669, -1.379
H  25.4943071164, 5.3075545782, -0.6897434325
H  24.3038946929, 4.9549794005, -2.1114698167
CN  24.3925527744, 6.9474423892, -1.3798596863
H  23.6942469572, 7.240741359, -2.1562165604
H  24.7969721674, 7.6973472754, -0.7085591745
CN  28.311, 6.453, -1.545
H  29.0825056385, 5.7344087225, -1.5057167013
H  27.6755052697, 6.6806117241, -0.6923076958
CN  28.14643845, 7.1333991816, -2.6563376406
H  27.3912268818, 7.8935488832, -2.7866567849
H  28.8734367141, 6.8891996455, -3.3544731636
CN  31.838, 7.237, -1.711
H  32.2821050948, 8.0642567383, -1.0876847106
H  30.9763471809, 7.5585929596, -2.3579822047
CN  32.4513265569, 6.0689081381, -1.6781274385
H  32.1300974272, 5.2196708322, -2.1950500386
H  33.3512255371, 5.9620923698, -0.9946577316
