CN  0.095, 0.181, -0.217
H  0.8545745091, -0.4093888053, 0.3175844974
H  -0.1811794247, 1.193487477, 0.1738470994
CN  -0.5001968656, -0.3702698995, -1.3729491828
H  -1.2394804126, 0.3127156112, -1.9065806692
H  -0.2897624289, -1.3541986499, -1.7355842966
CP  3.622, 0.965, -0.383
H  3.1399612451, 1.8608129402, 0.0498491635
H  4.0125171744, 0.1393583494, 0.1996735422
CP  3.5148224865, 0.7922889278, -1.6831346208
H  3.9150829729, -0.0729198579, -2.1753843087
H  2.9487591375, 1.5427344272, -2.2097059876
CN  7.149, 1.749, -0.549
H  7.5015184278, 0.8121331629, -0.9368269948
H  6.7814628182, 2.4615077052, -1.2705949584
CN  7.1552457105, 1.9694131401, 0.7270395954
H  6.9146674156, 2.939036787, 1.1029823868
H  7.5058855362, 1.1860970154, 1.4105051335
CN  10.676, 2.533, -0.715
H  10.0922636099, 1.5768401533, -0.6858649244
H  11.3546443348, 2.7163308883, 0.1175737762
CN  10.5271736019, 3.3809122324, -1.7031823457
H  11.067628986, 4.2689855043, -1.721127365
H  9.6778157472, 3.1645163706, -2.3811046823
CN  14.203, 3.317, -0.881
H  13.9137659863, 2.3300956184, -0.5981132093
H  14.0978447779, 4.1669766263, -0.2576905793
CN  14.4190490444, 3.5600975212, -2.1417786759
H  14.5422982488, 4.5282039749, -2.4133104195
H  14.426468361, 2.7708107762, -2.9385443493
CN  17.73, 4.101, -1.047
H  17.079119639, 4.5084960234, -1.7703532404
H  18.2435916105, 3.1344146317, -1.2056792981
CN  17.8368406952, 4.6184675499, 0.1756816941
H  18.4788341351, 4.0901159081, 0.902749037
H  17.4165167574, 5.6356084233, 0.3895852743
CN  21.257, 4.885, -1.213
H  20.6130774638, 4.0920571175, -0.7975847942
H  21.8012142685, 5.5472663957, -0.5005502613
CN  21.3177132317, 5.1279713028, -2.4714678002
H  21.9943888738, 5.9101626096, -2.881896037
H  20.8037476186, 4.5256196762, -3.2173782284
CN  24.784, 5.669, -1.379
H  24.3561199788, 6.5650963389, -1.9053708264
H  25.012662698, 4.7876000653, -1.9521781692
CN  24.9297516962, 5.6095542882, -0.072110605
H  25.2768522396, 4.6842402493, 0.4101029851
H  24.7646545202, 6.4965164993, 0.5461131844
CN  28.311, 6.453, -1.545
H  28.5501358956, 5.7379240411, -2.3500892907
H  28.0965580259, 6.0405286803, -0.566015453
CN  28.3810673729, 7.7332538944, -1.8243328674
H  28.2334105461, 8.4493330586, -1.0323742772
H  28.5585137548, 8.0821638584, -2.811201567
CN  31.838, 7.237, -1.711
H  31.2490199978, 7.1460284736, -0.8078679776
H  31.6802866697, 6.4760079415, -2.4390319515
CN  32.5955725966, 8.3227341237, -1.8347941828
H  33.0604612987, 8.5757895407, -2.7687826369
H  32.5521625475, 9.0999642241, -1.0908175826
