CN  0.095, 0.181, -0.217
H  0.5087812907, 1.1001115054, 0.2593836033
H  0.7698419601, -0.5755920389, -0.6248777308
CN  -1.2837609759, 0.0700755482, -0.3234581949
H  -1.6861745757, -0.8837932362, -0.8172442458
H  -1.8994771737, 0.8065787292, 0.1460601297
CP  3.622, 0.965, -0.383
H  4.3967144438, 0.1724534797, -0.5377485697
H  2.9881203597, 1.2362225369, -1.1963422955
CP  3.4073286018, 1.6451918727, 0.7159949955
H  2.6872897206, 2.4603758156, 0.7376974857
H  3.9664858351, 1.4341313692, 1.628299138
CN  7.149, 1.749, -0.549
H  6.9754781158, 2.510036084, -1.3233198321
H  7.2614059833, 2.0303004111, 0.4663970998
CN  7.1798997288, 0.4774576855, -0.8957097067
H  7.3529930879, -0.3106267929, -0.1613571408
H  7.1087428874, 0.2307986623, -1.9770050761
CN  10.676, 2.533, -0.715
H  10.8442218948, 2.3757829023, -1.7574259465
H  10.3816659246, 1.6496189922, -0.1841412663
CN  10.7299765935, 3.7239072481, -0.110595819
H  10.4879158587, 3.7558041885, 0.931315476
H  11.0096396982, 4.6042537587, -0.6125292948
CN  14.203, 3.317, -0.881
H  13.4575212197, 4.0402438013, -0.5817270598
H  14.7410548263, 2.6982023017, -0.1427745883
CN  14.3033806337, 3.2067539237, -2.2050429278
H  14.9170629413, 2.4212182302, -2.6759913507
H  13.7072916936, 3.8462279262, -2.8630499368
CN  17.73, 4.101, -1.047
H  17.4834585353, 4.4595821497, -2.0268519737
H  18.1667296894, 3.1625067407, -0.9098300172
CN  17.6294334881, 4.9032437038, -0.0375995558
H  17.9428896535, 4.6661344998, 0.9097803689
H  17.1927289041, 5.9250857785, -0.1248037352
CN  21.257, 4.885, -1.213
H  22.079642224, 4.753218425, -0.566648425
H  20.5097468376, 4.1390317149, -1.2937630951
CN  21.1391914598, 5.9721408885, -1.899064738
H  20.3444994032, 6.0127097886, -2.6398481525
H  21.9241770208, 6.7196932842, -1.8601748848
CN  24.784, 5.669, -1.379
H  24.5359216494, 4.9392973723, -0.6010647848
H  24.7527026578, 6.7350056552, -1.1029937057
CN  25.0843122127, 5.3219763073, -2.6322491844
H  25.1867037157, 6.0889274663, -3.4192434663
H  25.1350511881, 4.2730252544, -2.9329883177
CN  28.311, 6.453, -1.545
H  28.0725431338, 6.868313467, -2.5267778126
H  28.4355047729, 5.3992769077, -1.32555957
CN  28.2545762636, 7.2127464108, -0.4431096466
H  28.4827662386, 6.6607203248, 0.499499776
H  28.0192066829, 8.212522322, -0.4792174399
CN  31.838, 7.237, -1.711
H  31.8071160016, 6.1638495396, -1.6201652533
H  31.0902934712, 7.8418577438, -1.2891176913
CN  32.9438729344, 7.7567527845, -2.2265332373
H  33.0189043391, 8.8582093322, -2.3810362941
H  33.7764679958, 7.0610737267, -2.5919531367
