CN  0.095, 0.181, -0.217
H  1.2433820857, 0.1683568773, -0.1974360823
H  -0.4688937927, -0.7263702477, -0.0768760403
CN  -0.6134244905, 1.3699873807, -0.4633273802
H  -1.6966348278, 1.2767007126, -0.4696085734
H  -0.1712527262, 2.3177515966, -0.7303474436
CP  3.622, 0.965, -0.383
H  4.4496714036, 0.5746376069, 0.1874422409
H  3.2031886069, 0.3145542817, -1.1260787248
CP  3.1915234588, 2.1892089967, -0.049932935
H  2.343228945, 2.6313191767, -0.6295816102
H  3.8186632553, 2.7630248687, 0.6284361582
CN  7.149, 1.749, -0.549
H  7.6686225488, 2.5415850671, -0.0434964756
H  6.4207835931, 2.0274985408, -1.2438629237
CN  7.3222985574, 0.4794257691, -0.1521040421
H  6.7115960313, -0.302795207, -0.5735031084
H  8.0377777032, 0.2234435889, 0.7032688786
CN  10.676, 2.533, -0.715
H  10.4282145786, 2.1617446604, 0.3055743873
H  10.8506586573, 3.6108166269, -0.8899506394
CN  10.7448604235, 1.6101881475, -1.6545026395
H  11.021893625, 2.0339341852, -2.6295004222
H  10.6820309543, 0.5437891883, -1.4728856105
CN  14.203, 3.317, -0.881
H  14.622240216, 3.4877088771, 0.057171246
H  14.0413409487, 2.2677701808, -1.1774044908
CN  13.9349129877, 4.3335436726, -1.6713987287
H  13.5529393969, 4.1783375672, -2.6339070996
H  14.1790476025, 5.3428925466, -1.3540738699
CN  17.73, 4.101, -1.047
H  17.5643976537, 4.2478569548, -2.0973933438
H  17.4714345096, 4.9103107963, -0.4213528884
CN  18.2634553804, 3.0239866273, -0.4882060967
H  18.4012865066, 2.9390232052, 0.6137660227
H  18.4564121561, 2.1645263812, -1.1782557172
CN  21.257, 4.885, -1.213
H  20.6432898771, 5.0080551891, -2.0339680698
H  21.8491385801, 3.9796008044, -1.1068352727
CN  21.2300262781, 5.81461704, -0.2078081772
H  21.8683107702, 5.5964281531, 0.6444024878
H  20.6452628956, 6.6939137824, -0.3753755084
CN  24.784, 5.669, -1.379
H  24.7299894185, 6.7285141153, -1.3464421885
H  24.8444840878, 5.136236685, -2.2946862732
CN  24.664454297, 4.9790372128, -0.2349341037
H  24.5918950786, 3.8679337852, -0.1959988436
H  24.4749785351, 5.5101859954, 0.7280730622
CN  28.311, 6.453, -1.545
H  28.8892726588, 5.5213245745, -1.6112618929
H  27.851247972, 6.8759942978, -0.6269435309
CN  28.0346022783, 7.0963788324, -2.6652277405
H  27.4607828831, 8.0401846463, -2.7069816957
H  28.4482698459, 6.6567720005, -3.5300147633
CN  31.838, 7.237, -1.711
H  31.8160492423, 8.3399862227, -1.5679871918
H  31.0962905423, 6.6669089609, -2.244647413
CN  32.8093432279, 6.6095717048, -1.0866089973
H  33.0086486149, 5.6006671135, -1.0982593772
H  33.5506333231, 7.259742316, -0.5345688391
