CN  0.095, 0.181, -0.217
H  0.8963427373, 0.0792698163, 0.4109161799
H  0.2170802627, 0.3104592367, -1.2832995903
CN  -1.1754670424, -0.0442274333, 0.2447911018
H  -2.0363062232, -0.0239122114, -0.4698870232
H  -1.4163127361, -0.3582276704, 1.286196363
CP  3.622, 0.965, -0.383
H  3.4417875036, 1.8371422413, -1.0669114507
H  3.7710502168, 1.1160592089, 0.658344236
CP  3.6803824248, -0.2984825287, -0.8201349674
H  3.9062025325, -1.1166403446, -0.1348349
H  3.4660135624, -0.4591427769, -1.8393372852
CN  7.149, 1.749, -0.549
H  7.403302417, 1.0719570577, 0.2769362233
H  6.7382718642, 2.7786585277, -0.3193332593
CN  7.362462197, 1.4248866255, -1.7861075428
H  7.0998390025, 2.1853826438, -2.5372290781
H  7.7579678468, 0.4866207965, -2.1238417436
CN  10.676, 2.533, -0.715
H  9.8164246942, 2.0578337921, -0.2445937754
H  11.688189708, 2.3874308462, -0.3402677063
CN  10.5373235285, 3.2917953792, -1.7532077253
H  11.2990984938, 3.8893915559, -2.177879469
H  9.50334681, 3.3895333861, -2.0787498256
CN  14.203, 3.317, -0.881
H  14.2809819165, 4.1584231809, -0.1835567682
H  13.8425988588, 3.52735745, -1.8775926953
CN  14.7136596738, 2.1052416187, -0.638915065
H  14.6138121054, 1.3179746924, -1.3692319328
H  15.1262180422, 1.9233221917, 0.3898598091
CN  17.73, 4.101, -1.047
H  17.0426814129, 3.4532418966, -1.5544755298
H  18.5573146967, 3.7031176077, -0.4997572405
CN  17.7161168468, 5.4434982271, -1.2043145049
H  18.460316918, 6.0881133248, -0.7112980934
H  16.9322560853, 5.8714431647, -1.8601392932
CN  21.257, 4.885, -1.213
H  20.9830055014, 4.8012971122, -2.2525915106
H  21.3445788923, 5.8614701681, -0.7899686072
CN  21.582009521, 3.805234292, -0.5364750161
H  21.9529209706, 3.7929401404, 0.4833798045
H  21.5112896823, 2.8813994612, -1.0382472438
CN  24.784, 5.669, -1.379
H  24.6558530157, 4.5930872489, -1.5328004542
H  25.1783648409, 5.9688413798, -0.4314962366
CN  24.4230866392, 6.5586104251, -2.2837130403
H  24.554637663, 7.5793085882, -2.054019129
H  24.0231222517, 6.1760519111, -3.2597104476
CN  28.311, 6.453, -1.545
H  27.7392094903, 7.3086553828, -1.3333558563
H  28.6322542172, 6.3288162087, -2.5798912373
CN  28.3690172494, 5.4150919445, -0.7397688847
H  28.9257838879, 4.5082701164, -1.008341596
H  27.841056084, 5.4617760325, 0.2082856197
CN  31.838, 7.237, -1.711
H  32.4096243497, 7.3454395044, -0.8017066072
H  31.2313957495, 6.2824602317, -1.9061081822
CN  31.7497655231, 8.2619618759, -2.5622602303
H  31.1654080373, 8.1745646589, -3.4842176257
H  32.2672198913, 9.2458087256, -2.3155722405
