CN  0.095, 0.181, -0.217
H  0.7377544934, -0.1148703773, -1.0272936034
H  0.3661515517, 1.0665022043, 0.3082737618
CN  -0.996056378, -0.6204052121, 0.0984289885
H  -1.595035911, -0.2971255663, 0.9397920336
H  -1.2484293922, -1.5786665472, -0.3747218304
CP  3.622, 0.965, -0.383
H  2.8370690511, 0.8572279875, 0.4087107909
H  4.1632630016, 1.9200736544, -0.4010898982
CP  3.8651705049, -0.0825894793, -1.2056670463
H  4.6730394706, 0.1221441174, -1.939677313
H  3.3367896912, -0.973220063, -1.1916115142
CN  7.149, 1.749, -0.549
H  6.9630181781, 1.7168878418, -1.5971523291
H  7.6461679573, 0.8884915257, -0.132174785
CN  6.8841284595, 2.7890970314, 0.2238588551
H  7.126136965, 2.8710779639, 1.244319403
H  6.395265632, 3.6672377551, -0.1907222644
CN  10.676, 2.533, -0.715
H  11.444271669, 3.1014213263, -0.2392789591
H  10.4091696141, 1.5946591685, -0.3295800228
CN  10.1497629511, 2.9127265473, -1.8224585267
H  9.4768464136, 2.2721333667, -2.311295098
H  10.2626627381, 3.8595157737, -2.2740576935
CN  14.203, 3.317, -0.881
H  14.1643365581, 2.4937415136, -1.5664837781
H  14.625410732, 3.1457333303, 0.1154003561
CN  14.0214736414, 4.5490256205, -1.2805518163
H  14.1693752747, 5.3907800667, -0.5127463327
H  13.7213071569, 4.7653670689, -2.2930890278
CN  17.73, 4.101, -1.047
H  18.0385709232, 3.4978880728, -0.2333466985
H  17.2961929653, 5.0703183703, -0.8452459651
CN  17.7262399396, 3.6658510709, -2.3036879118
H  17.4527351767, 4.2305294866, -3.1703597829
H  18.053132312, 2.6493463266, -2.4842677028
CN  21.257, 4.885, -1.213
H  21.9026762722, 5.027716042, -2.0623290008
H  20.8587633185, 3.8403894296, -1.018602215
CN  20.9194784932, 5.8835564572, -0.3503942846
H  20.313576698, 5.6842281784, 0.5387949962
H  21.290206509, 6.9261649659, -0.556312654
CN  24.784, 5.669, -1.379
H  25.0363156819, 6.4196505092, -0.6552388537
H  24.8120123573, 4.6358048066, -1.0987325938
CN  24.4630030443, 5.9970474141, -2.641484557
H  24.259110444, 5.2070124492, -3.335526524
H  24.3039907469, 6.9976777707, -2.9925786894
CN  28.311, 6.453, -1.545
H  27.4068096657, 6.6890077828, -2.2027304141
H  29.0869345477, 5.8285957085, -2.0027139156
CN  28.4171442685, 6.8736910943, -0.2910449598
H  29.3564465914, 6.6677889207, 0.205776034
H  27.7370028987, 7.5548743305, 0.1623638897
CN  31.838, 7.237, -1.711
H  32.3675827768, 6.6249276399, -0.9614536087
H  31.1169750321, 7.9451441579, -1.396515866
CN  32.0219090822, 7.0982115842, -3.0468085088
H  31.453982124, 7.7540647218, -3.753347332
H  32.6917063102, 6.2455372812, -3.3722568539
