CN  0.095, 0.181, -0.217
H  0.5227267123, -0.7970205112, -0.1393828775
H  0.6852368949, 1.0137290831, -0.6931548822
CN  -1.2383664829, 0.4022464232, 0.1440214856
H  -1.691517198, 1.3493119663, 0.1283057131
H  -1.8005119922, -0.4620637206, 0.5963751335
CP  3.622, 0.965, -0.383
H  2.7224974613, 1.5851307462, -0.3020284746
H  4.4536886422, 1.2416850252, 0.2291587137
CP  3.6729116816, 0.0403077224, -1.3460378671
H  4.6271209593, -0.4235000077, -1.5232577833
H  2.7585516236, -0.2663967973, -1.8992059759
CN  7.149, 1.749, -0.549
H  7.4674214278, 1.2959748727, 0.4056267037
H  6.9990591445, 2.8699128478, -0.6485517906
CN  7.1880267739, 0.9720391306, -1.6384140881
H  7.0102983497, 1.3908400829, -2.600571269
H  7.3662162088, -0.1046475942, -1.4840128854
CN  10.676, 2.533, -0.715
H  10.3978671457, 3.5119624272, -1.1457606618
H  10.9245157754, 2.504787842, 0.3239087459
CN  10.7598738853, 1.5069146304, -1.5178524989
H  11.0339234554, 0.5954213714, -1.1328622066
H  10.5142522503, 1.5732606235, -2.5595386203
CN  14.203, 3.317, -0.881
H  13.6418689838, 3.6170183047, -0.0138410519
H  14.7881350065, 2.4230969039, -0.8757039516
CN  14.0020266836, 3.9954661047, -2.0231189193
H  14.4244698162, 3.6321543326, -2.9441363753
H  13.4258289042, 4.9240912011, -2.0226303357
CN  17.73, 4.101, -1.047
H  16.8703161282, 4.590714693, -1.5098363956
H  18.3984739861, 4.7624446513, -0.5339490627
CN  18.0241131364, 2.795420178, -1.125433565
H  18.9717150724, 2.3595722561, -0.7120709637
H  17.3347289544, 2.1176853965, -1.6240998427
CN  21.257, 4.885, -1.213
H  21.7385395127, 3.8726037706, -1.1081740663
H  21.088841559, 5.4814928446, -0.3310641068
CN  21.0099031175, 5.3909538308, -2.4267379037
H  20.7638137004, 6.4547638654, -2.616795268
H  21.0820591111, 4.7535469359, -3.311030577
CN  24.784, 5.669, -1.379
H  25.3807542296, 6.5106087785, -1.4464226756
H  23.94823512, 5.7210893563, -0.6472912445
CN  24.9474333866, 4.5849345097, -2.0925672232
H  24.1941489137, 3.7920295692, -2.0473893119
H  25.7203459164, 4.5040325382, -2.8412061535
CN  28.311, 6.453, -1.545
H  29.2131178669, 5.8642705788, -1.3129846346
H  27.5733161293, 5.9040149139, -2.115054111
CN  28.1206099221, 7.6450851606, -1.0272326255
H  27.2030452376, 8.141657173, -1.1499966946
H  28.8087929793, 8.0492229752, -0.3059452427
CN  31.838, 7.237, -1.711
H  30.9419952239, 7.8649585619, -1.7237843212
H  32.4665734359, 7.1540360755, -2.6158154174
CN  32.2657185976, 6.6317288066, -0.6296177517
H  33.2056849745, 6.0837311651, -0.683704685
H  31.6452860185, 6.675572972, 0.2884608899
