CN  0.095, 0.181, -0.217
H  0.435480287, 0.0399287109, 0.8382224987
H  -0.0624643269, -0.7153249381, -0.841847638
CN  -0.1646246765, 1.4427911999, -0.812143483
H  -0.498157102, 1.6499935255, -1.836381367
H  0.1116512437, 2.2758680489, -0.1661439978
CP  3.622, 0.965, -0.383
H  3.5927602958, 1.4447161128, -1.3947716522
H  3.43189963, 1.6381088239, 0.4716425537
CP  3.7965977657, -0.3553531345, -0.2086922476
H  3.9185584188, -0.7742387512, 0.794165698
H  4.0157873137, -1.0340529737, -1.0600291438
CN  7.149, 1.749, -0.549
H  6.9678915918, 2.8319056135, -0.5251850213
H  7.4544537675, 1.2250674799, 0.3617858302
CN  7.0616837039, 1.0309313573, -1.6413644257
H  7.3679135459, -0.0082697511, -1.5377507873
H  6.8134631615, 1.3893671961, -2.6069990322
CN  10.676, 2.533, -0.715
H  10.4536290264, 1.72215573, -1.3960623109
H  11.2474273168, 2.3576290143, 0.1957532314
CN  10.2476492779, 3.7826125283, -1.0619914933
H  10.4706368502, 4.6409294215, -0.3977495362
H  9.6356055706, 3.8854023163, -1.926599696
CN  14.203, 3.317, -0.881
H  14.4232339288, 2.4674521194, -0.3111791091
H  13.7491792369, 4.1116703259, -0.3079753916
CN  14.3003739843, 3.3219733021, -2.2075749422
H  13.982185075, 4.2235827291, -2.7715526744
H  14.6132330172, 2.4051022939, -2.7264976179
CN  17.73, 4.101, -1.047
H  18.1409727355, 4.0812543688, -2.0491573925
H  17.5721798516, 3.1707834227, -0.4439234494
CN  17.5270755258, 5.306658775, -0.522442031
H  17.2465282639, 5.4296372501, 0.5616003418
H  17.7972300319, 6.1403165901, -1.1469482061
CN  21.257, 4.885, -1.213
H  20.9869874508, 5.6630514735, -0.5723300012
H  21.2612446541, 4.991444059, -2.2398516276
CN  21.5266080892, 3.6882305374, -0.6597649619
H  21.7210339981, 2.9033782983, -1.3239367286
H  21.5310932335, 3.6079838401, 0.4070687573
CN  24.784, 5.669, -1.379
H  24.9821372967, 5.6922677826, -2.4638041975
H  24.749585654, 4.7237246071, -0.7813091386
CN  24.4290558207, 6.7994335845, -0.791102852
H  24.2077304246, 6.7858795976, 0.2471267651
H  24.4449170956, 7.7662331283, -1.3093726643
CN  28.311, 6.453, -1.545
H  27.847964414, 5.5424159746, -1.1426262949
H  29.0504644194, 6.3940616425, -2.3373913238
CN  27.972628686, 7.6261381614, -1.0672779263
H  28.5948364826, 8.4652228118, -1.4632262193
H  27.2927169364, 7.689961326, -0.2773625859
CN  31.838, 7.237, -1.711
H  32.1804102817, 7.1035708402, -0.7159333484
H  31.1427324986, 6.5211810658, -2.1095841227
CN  32.2895888406, 8.2299073123, -2.4333619437
H  31.9364016019, 8.3227307095, -3.4114049368
H  33.0251412974, 8.9277099429, -2.089368151
