CN  0.095, 0.181, -0.217
H  0.839079373, -0.291999443, -0.8001189637
H  0.1914660646, -0.0228982589, 0.8532453115
CN  -0.968252354, 0.8898201045, -0.7924736381
H  -1.8075558753, 1.1988607893, -0.1904372006
H  -0.8623335463, 0.9749374379, -1.8909445086
CP  3.622, 0.965, -0.383
H  3.4117276003, 0.9913960854, -1.4537796768
H  3.9952012372, 0.0524039022, 0.1216404387
CP  3.2911245402, 2.0313535425, 0.3289601983
H  3.2819357944, 2.0548832915, 1.4611921713
H  2.8721748919, 2.9314260149, -0.158317062
CN  7.149, 1.749, -0.549
H  7.0517666708, 2.3334995052, 0.3777921794
H  7.2101814818, 2.2381001534, -1.5161663035
CN  7.2069695017, 0.4240463009, -0.5733793368
H  7.2941618963, -0.0561353437, -1.5191648074
H  7.1631941174, -0.1800288581, 0.3054188797
CN  10.676, 2.533, -0.715
H  10.3058091855, 3.085879631, 0.1329435801
H  11.492744154, 1.8153490947, -0.5434713615
CN  10.2715565565, 2.7658014901, -1.9606832881
H  10.5957439921, 2.1885337526, -2.8014935557
H  9.5782312414, 3.5693176633, -2.1030166468
CN  14.203, 3.317, -0.881
H  14.6911769585, 2.3661942796, -0.7895056549
H  13.5780052176, 3.6479204442, -0.1130603934
CN  14.3230845401, 4.1429682155, -1.9181083877
H  13.7199524925, 5.019202674, -1.9591153364
H  14.9413792851, 3.9704322865, -2.8240070065
CN  17.73, 4.101, -1.047
H  18.1008988619, 5.1479073106, -0.9663823484
H  17.4159666629, 3.7659309917, -2.0191843381
CN  17.7786586495, 3.1734553414, -0.088560834
H  17.5973335367, 2.1366684846, -0.2507032834
H  18.126298948, 3.4497155589, 0.8631537129
CN  21.257, 4.885, -1.213
H  21.6672730073, 4.14954315, -1.8939410156
H  21.0870422409, 4.5141498776, -0.1730949232
CN  20.9856859835, 6.1223917582, -1.5922065066
H  20.6340801896, 6.8048529803, -0.8160375522
H  21.2617771718, 6.4791691197, -2.5572355801
CN  24.784, 5.669, -1.379
H  25.3511970049, 4.8455324801, -1.8234748785
H  24.1924631317, 6.2953796986, -2.075150353
CN  24.7353516524, 5.9827643998, -0.0665518161
H  24.1571249488, 6.8544794958, 0.2415696368
H  25.2814279743, 5.4184153301, 0.6133309868
CN  28.311, 6.453, -1.545
H  27.565389097, 6.5877494938, -0.7982008028
H  28.8543276825, 7.3041468956, -2.0306799108
CN  28.6286622397, 5.2011567862, -1.9418851183
H  29.5093544778, 4.9600614108, -2.5943649471
H  28.0947169235, 4.3668226321, -1.5003213423
CN  31.838, 7.237, -1.711
H  32.1150443122, 6.2355073784, -1.3845178587
H  31.1290313098, 7.7668847448, -1.0306079779
CN  32.2539846216, 7.7536363598, -2.857671245
H  31.9256812023, 8.8051673006, -3.1394501147
H  32.9265197994, 7.1526125051, -3.5379965745
