CN  0.095, 0.181, -0.217
H  0.9762696877, 0.0722827204, 0.3752477389
H  -0.1373699163, -0.5561834944, -1.0124157273
CN  -0.6950142907, 1.3037386433, -0.0191021029
H  -1.5485787862, 1.4644754386, -0.6665032034
H  -0.3740327413, 2.0588454785, 0.7595010877
CP  3.622, 0.965, -0.383
H  3.6189135462, 0.0732983451, -0.9209026117
H  4.0322972703, 0.9989324562, 0.6353309723
CP  3.0942402738, 2.028006106, -0.9510741183
H  3.206941539, 2.9944799703, -0.3903210516
H  2.8842513026, 1.9735011497, -2.0084266957
CN  7.149, 1.749, -0.549
H  7.7283400045, 0.8549678166, -0.2735265992
H  6.5493964831, 1.6698239438, -1.4448887464
CN  7.2955909155, 2.9382818427, 0.0225158719
H  6.824491003, 3.7943216294, -0.3603674027
H  7.8967041786, 2.9247008842, 0.9637110891
CN  10.676, 2.533, -0.715
H  10.1710190981, 1.8060912608, -0.0631509108
H  11.4109912182, 3.2344695437, -0.2557357464
CN  10.5279236882, 2.501585047, -2.0014250565
H  11.0345638431, 3.2475177514, -2.5629812813
H  9.9536992104, 1.7924417254, -2.5032551021
CN  14.203, 3.317, -0.881
H  15.0496695723, 3.1503851271, -0.1726622387
H  13.7169692671, 2.3666563302, -1.3342438288
CN  13.8769579373, 4.55296325, -1.2982450688
H  13.0393762417, 4.7111326156, -2.0131326115
H  14.3787755531, 5.4447249135, -0.9591341053
CN  17.73, 4.101, -1.047
H  18.3648718084, 3.2301509744, -1.0570192265
H  17.1208741578, 4.255116281, -1.9986664205
CN  17.6613932493, 4.9671719569, -0.056383592
H  17.0231951179, 5.8453815412, -0.1810547278
H  18.1959487648, 4.7786618886, 0.8603541696
CN  21.257, 4.885, -1.213
H  21.9986963536, 5.2718032307, -1.9305299266
H  20.220394789, 5.215373488, -1.2110835494
CN  21.6110087135, 4.1375487619, -0.1702460808
H  20.8364772572, 3.8522100655, 0.5468773274
H  22.6395693444, 3.8192008861, -0.0214128071
CN  24.784, 5.669, -1.379
H  24.9584395273, 5.3932297734, -0.3616696281
H  24.6649450106, 6.7368332662, -1.6162750677
CN  24.9033113805, 4.7497287203, -2.3251595527
H  24.8796451222, 4.9914726487, -3.3794122588
H  25.0607898319, 3.7223488129, -2.0933657634
CN  28.311, 6.453, -1.545
H  27.8314082343, 7.1157566069, -2.2952994984
H  28.2015020503, 6.677761775, -0.4551842713
CN  28.9503203857, 5.3669088591, -2.0273351668
H  29.3979410117, 4.702849564, -1.2862999469
H  28.9164779326, 5.2130892532, -3.0628248527
CN  31.838, 7.237, -1.711
H  30.9804577926, 6.7984140025, -2.1891866537
H  32.0027167777, 7.0668146088, -0.6428284778
CN  32.7703616926, 7.8738963591, -2.3949678002
H  33.678453972, 8.2105948153, -1.8567934419
H  32.60521207, 8.0944857052, -3.4325496276
