CN  0.095, 0.181, -0.217
H  0.6615346164, -0.4665097238, -0.8166551516
H  0.2665283446, 0.1978386794, 0.887257256
CN  -0.9328043811, 0.9761476231, -0.6848377928
H  -1.5503662913, 1.5145574402, 0.0510041749
H  -1.2786843609, 0.9724358655, -1.7127110458
CP  3.622, 0.965, -0.383
H  3.3108786374, 0.6339985761, 0.5534181331
H  4.1378056506, 0.3282349933, -1.1463560732
CP  3.3637475636, 2.2367700684, -0.7377054309
H  3.6657655222, 2.5609167356, -1.7505850079
H  2.9122242382, 2.9274052427, -0.0301808628
CN  7.149, 1.749, -0.549
H  7.841043603, 2.5533034151, -0.2024392292
H  6.3963819787, 1.4263399099, 0.1432401866
CN  7.2252979975, 1.2019685465, -1.7828566171
H  6.4315540358, 0.4872381849, -2.0741311898
H  7.9793437252, 1.4118349438, -2.5415136974
CN  10.676, 2.533, -0.715
H  11.0367564606, 3.5634266785, -0.6443929832
H  10.1068253336, 2.1812820009, -1.6122799921
CN  10.8605642869, 1.6867078485, 0.2613934366
H  10.4679385975, 0.6849006964, 0.1306794608
H  11.2845842191, 1.9818869306, 1.2762012098
CN  14.203, 3.317, -0.881
H  14.9064196904, 3.0394251962, -0.0985977823
H  13.6845178706, 2.5132489642, -1.4901813596
CN  13.8261542141, 4.5581603752, -1.1449283343
H  13.1303102069, 4.8373073288, -1.9621478155
H  14.2953850819, 5.3803843467, -0.6063914452
CN  17.73, 4.101, -1.047
H  17.0541957732, 4.9951234492, -1.1778145959
H  18.3024487989, 3.8806258609, -0.1505276521
CN  17.8911734396, 3.2584910736, -2.0927355315
H  18.51365176, 2.3765886268, -1.9689691143
H  17.5163274216, 3.4101845705, -3.126661211
CN  21.257, 4.885, -1.213
H  20.5965496258, 4.7561574039, -2.0596487629
H  22.2112660931, 4.3395228663, -1.2376745957
CN  20.9459063315, 5.8362551691, -0.3392777081
H  21.4519202397, 5.9444420277, 0.6309945709
H  19.9642826292, 6.3580955154, -0.3745444935
CN  24.784, 5.669, -1.379
H  24.7379749231, 6.1823581612, -0.4326582225
H  24.5847714451, 6.2656821241, -2.2346705009
CN  25.1213966258, 4.3861159384, -1.4960376524
H  25.1962226513, 3.8793565846, -2.443823271
H  25.4205062087, 3.8947343536, -0.6021703489
CN  28.311, 6.453, -1.545
H  28.2880801563, 6.2456210318, -2.6020223303
H  28.7349375699, 5.7323431018, -0.8906637218
CN  27.8902151038, 7.5884188063, -1.0179667105
H  28.0862817625, 7.7698779452, 0.0370233909
H  27.405998915, 8.394396987, -1.5564925349
CN  31.838, 7.237, -1.711
H  31.4913076179, 8.0874527444, -1.1804026616
H  31.7410773725, 7.2741644813, -2.7767276506
CN  32.4243552921, 6.2513422176, -1.0096624326
H  32.8969698579, 5.3829312777, -1.4263470166
H  32.339081573, 6.2011565005, 0.0942825296
