CN  0.095, 0.181, -0.217
H  0.2502663507, 1.2447268076, -0.3972867546
H  0.9345176366, -0.4941950854, 0.0200389
CN  -1.1596645896, -0.3553119471, -0.565390363
H  -1.2545166663, -1.4077000436, -0.6190065139
H  -1.8981896393, 0.3068150471, -0.903408318
CP  3.622, 0.965, -0.383
H  3.3708999226, 1.1272206304, -1.3753618566
H  4.186361914, 0.1439891483, -0.0302980469
CP  3.2474778983, 1.8603136654, 0.5043108361
H  3.3862701209, 1.7657845387, 1.5998039923
H  2.6799298962, 2.7165830959, 0.1958862239
CN  7.149, 1.749, -0.549
H  7.4378670463, 0.8162742511, -0.0291022654
H  7.115984516, 2.7037752019, -0.0215564111
CN  7.0085984, 1.7651861455, -1.878925806
H  6.5868241788, 2.6178659154, -2.3432301816
H  7.0867958905, 0.8495584191, -2.4255036391
CN  10.676, 2.533, -0.715
H  10.0635462442, 3.0160251573, -1.4598543961
H  11.5606475612, 1.9811131887, -1.0188344248
CN  10.458445219, 2.662766993, 0.5795600855
H  11.2346840206, 2.2623705733, 1.2970557368
H  9.5469304857, 3.1257377168, 0.9765444253
CN  14.203, 3.317, -0.881
H  14.9487067047, 2.611919998, -0.640145014
H  13.5453260374, 3.6029329759, -0.09689854
CN  14.0433302656, 3.9394720252, -2.0475408093
H  13.2413987677, 4.6429605243, -2.1514007838
H  14.6742976579, 3.7184051628, -2.8959807695
CN  17.73, 4.101, -1.047
H  17.8327541033, 4.904118468, -1.7408439901
H  17.595636913, 3.111242645, -1.4712941971
CN  17.9597950741, 4.3064936297, 0.253988656
H  17.8933824228, 3.3892623359, 0.8982475452
H  18.1011216895, 5.3790828961, 0.5564095388
CN  21.257, 4.885, -1.213
H  21.2437731902, 5.2177485796, -2.2615508138
H  21.1476748284, 5.6521431175, -0.4335337535
CN  21.5075616666, 3.622498571, -0.8838712488
H  21.465529506, 3.3024364213, 0.1469999166
H  21.699760164, 2.9146928719, -1.7098246234
CN  24.784, 5.669, -1.379
H  24.1078677252, 6.4068373041, -1.0580167232
H  25.3552987913, 5.0370571551, -0.6702819708
CN  25.0564400291, 5.5895364011, -2.6609942584
H  25.8215833794, 4.9015538956, -2.9560718189
H  24.5688615699, 6.2017454832, -3.3836733025
CN  28.311, 6.453, -1.545
H  27.9447989624, 7.3765173553, -2.0186634986
H  28.591631893, 5.5868775001, -2.1208562105
CN  28.3459044189, 6.3326785138, -0.2437810305
H  28.8331651724, 5.4817069955, 0.2362767888
H  27.9139389502, 7.1414340938, 0.4087041267
CN  31.838, 7.237, -1.711
H  31.8565975939, 6.168450988, -1.4999544745
H  31.4429100836, 7.670863121, -2.5897485759
CN  32.1803572432, 8.1141600988, -0.7446389855
H  32.2690491905, 9.1826979873, -0.9361075387
H  32.5032781421, 7.7863331992, 0.2695312641
