CN  0.095, 0.181, -0.217
H  0.3044664556, 0.482260398, 0.8269608616
H  0.459416393, -0.7694076502, -0.6332177172
CN  -0.8624510272, 0.9546441866, -0.8922315406
H  -1.1781612157, 0.6800602346, -1.9182042778
H  -1.3457259499, 1.7400825269, -0.4162315566
CP  3.622, 0.965, -0.383
H  3.8330363028, 0.3840563792, 0.4822621064
H  3.3745647036, 2.021820186, -0.3021933693
CP  3.5262917009, 0.1844368399, -1.4255556006
H  3.2606403641, 0.5828212704, -2.4291589069
H  3.7360689983, -0.8845299743, -1.3818557811
CN  7.149, 1.749, -0.549
H  7.5294538787, 2.5649349463, -1.1557294397
H  7.0138178014, 0.7736104913, -0.9678551369
CN  7.0199532295, 1.9623668555, 0.753469077
H  6.6872359073, 1.1886798726, 1.499879482
H  7.0869046678, 2.9819035848, 1.1386245609
CN  10.676, 2.533, -0.715
H  11.2817604845, 2.6969143376, -1.5512309986
H  10.2031042344, 1.5863614538, -0.5229005112
CN  10.5503233127, 3.53137619, 0.1453705004
H  9.8855552031, 3.3760964025, 0.9342259661
H  11.0240317744, 4.468432762, -0.1321747909
CN  14.203, 3.317, -0.881
H  13.7028695078, 4.194522137, -1.2853557449
H  14.4800123728, 3.2773593233, 0.2060471348
CN  14.5056580201, 2.2377029622, -1.6446596704
H  14.9253931581, 1.3068649743, -1.2700253307
H  14.3474029228, 2.3105849839, -2.7407312028
CN  17.73, 4.101, -1.047
H  17.3028406116, 3.5355911385, -0.2146418907
H  18.4382425574, 3.586881661, -1.7264592218
CN  17.371914993, 5.3579430036, -1.2655746897
H  17.7847287058, 5.9647529398, -2.0899340957
H  16.7013275093, 5.8389028469, -0.6331698146
CN  21.257, 4.885, -1.213
H  20.8501206643, 4.5215952697, -0.2404710162
H  21.7333029708, 5.8658812063, -1.2415778246
CN  21.1790431156, 4.1561310194, -2.2779812278
H  21.5929250658, 4.5794383566, -3.2167766476
H  20.6762925481, 3.2092368566, -2.3551925942
CN  24.784, 5.669, -1.379
H  24.5132762968, 5.2212995473, -2.3312593872
H  24.9419489958, 6.7819513886, -1.3260557693
CN  24.9694632125, 4.9506736143, -0.3031571246
H  25.3273365218, 5.5015792131, 0.5607091194
H  24.7699271627, 3.8944657343, -0.3520051691
CN  28.311, 6.453, -1.545
H  28.6280593134, 5.7664665812, -0.7775819406
H  28.0013021843, 7.4507798895, -1.2965697566
CN  28.3436225125, 6.0144229414, -2.7784270546
H  27.9410689062, 6.6707264676, -3.6087426365
H  28.6970662694, 4.9597380983, -2.8609524279
CN  31.838, 7.237, -1.711
H  30.9091241065, 7.0822682654, -2.3076653096
H  32.1972566241, 8.2820094894, -1.555805953
CN  32.5702721673, 6.2686037225, -1.1217406106
H  33.5122777485, 6.5379232687, -0.5739171445
H  32.2945755216, 5.2061083676, -1.3422849292
