CN  0.095, 0.181, -0.217
H  0.9088424609, 0.973459494, -0.2778356736
H  -0.6135375587, 0.0411862185, -1.0810971825
CN  0.184306526, -0.7692897113, 0.792143134
H  -0.5795431032, -1.5065941762, 0.7701506767
H  0.8600497234, -0.6385971152, 1.6268675229
CP  3.622, 0.965, -0.383
H  3.4253335861, 0.1786863624, 0.3411624514
H  3.9505293251, 0.8047387433, -1.3888646097
CP  3.4047671508, 2.1823089196, 0.0456231486
H  3.4750977989, 3.0153638773, -0.7134719068
H  3.0744237362, 2.3047874098, 1.0625527679
CN  7.149, 1.749, -0.549
H  6.4170382525, 1.9395856176, 0.2929759132
H  7.8094337062, 2.5419199527, -0.9110021293
CN  7.2007781581, 0.6201220763, -1.2914480619
H  7.9061517948, 0.5478876407, -2.0621729896
H  6.5133852769, -0.2198265362, -1.1162218308
CN  10.676, 2.533, -0.715
H  10.8074574109, 1.5530514074, -1.1855902561
H  10.4943319542, 3.4390931695, -1.3402080313
CN  10.5900499288, 2.5483545721, 0.5985574841
H  10.4057503455, 3.5113305342, 1.1153221853
H  10.8384529079, 1.5888865224, 1.1776430852
CN  14.203, 3.317, -0.881
H  13.8036410544, 2.4836134527, -0.365405765
H  14.3863632462, 4.2682666304, -0.3044974862
CN  14.3587630222, 3.3226969974, -2.2088491217
H  14.8353479995, 4.1360970825, -2.7535066471
H  14.1508264428, 2.4017464465, -2.7713605957
CN  17.73, 4.101, -1.047
H  18.1071165754, 3.4535787529, -0.2476534687
H  17.3356633142, 3.670554556, -1.969167581
CN  17.6363776194, 5.4204593793, -0.9802739656
H  17.200990358, 5.9978899978, -1.8108043529
H  17.9034575973, 5.9606023629, -0.0816862272
CN  21.257, 4.885, -1.213
H  21.1954130444, 4.8122188627, -2.3121239858
H  21.0299888799, 5.812246695, -0.6472285756
CN  21.5746701302, 3.7948733714, -0.5783211335
H  21.6388008205, 3.7388598581, 0.5239928528
H  21.6708179171, 2.8333967789, -1.1350449086
CN  24.784, 5.669, -1.379
H  24.7317221202, 6.1222721397, -0.4448133802
H  24.489970938, 6.2552844307, -2.2139704307
CN  25.1378966315, 4.4172853283, -1.4619758157
H  25.1411135506, 3.9415687588, -2.4284667214
H  25.5448280374, 3.8336360503, -0.6564517172
CN  28.311, 6.453, -1.545
H  28.7111134881, 7.3180622573, -1.1006303465
H  27.9466238669, 5.610927693, -0.961890215
CN  28.2196740714, 6.4273489076, -2.9022492788
H  27.7839538618, 5.5279086103, -3.4288586895
H  28.7076313145, 7.285024828, -3.39643634
CN  31.838, 7.237, -1.711
H  31.5647113116, 7.6027620864, -2.6871088977
H  31.2634281217, 7.5740739687, -0.8618518552
CN  32.8015216167, 6.3507911166, -1.5598271806
H  33.0229700184, 5.8348600067, -0.5915868034
H  33.2653811117, 5.9720569933, -2.4148506271
