CN  0.095, 0.181, -0.217
H  0.5951724633, -0.8001057661, -0.0785640729
H  -0.4334973029, 0.387396437, -1.1634532362
CN  0.0994046989, 1.12577058, 0.7819675864
H  -0.376106617, 2.1149971236, 0.595322105
H  0.6233655457, 1.0117789046, 1.6486545844
CP  3.622, 0.965, -0.383
H  3.3692526696, 1.7590889033, -1.0446925543
H  3.5408114543, 1.0433608724, 0.6942384306
CP  3.9812505111, -0.1767439833, -0.9242718483
H  4.0068339117, -1.0816269593, -0.3694584338
H  4.0903625876, -0.2478504519, -1.9773828331
CN  7.149, 1.749, -0.549
H  7.8066601009, 1.3656356433, 0.2016974909
H  6.9087210073, 1.1203333427, -1.3943887126
CN  6.70252292, 2.985382117, -0.42659888
H  6.1290467859, 3.3772906629, -1.249005885
H  6.9584650338, 3.6771342238, 0.3961105908
CN  10.676, 2.533, -0.715
H  9.7065075326, 3.0406554486, -0.6917303613
H  11.395421306, 2.7663413849, 0.013541962
CN  10.9162488455, 1.5957571796, -1.5804583477
H  11.8519350994, 1.1319725217, -1.6900623477
H  10.0889656833, 1.4754574139, -2.262573638
CN  14.203, 3.317, -0.881
H  14.3400076663, 2.7634758496, -1.7723049871
H  13.7852311151, 4.3006053351, -0.9611207426
CN  14.6349901205, 2.7489734095, 0.2325916674
H  14.7347408316, 3.2993961167, 1.1510359235
H  15.0949889374, 1.7733952359, 0.2136287227
CN  17.73, 4.101, -1.047
H  17.0407538115, 4.1104435023, -1.8990776071
H  18.1965419824, 3.2155748839, -0.71600185
CN  17.8612038869, 5.1233481818, -0.2911339492
H  18.5139531077, 5.1675202637, 0.5386144509
H  17.3633922078, 6.0798915589, -0.478955561
CN  21.257, 4.885, -1.213
H  21.1860708441, 5.3741207446, -0.2056340727
H  21.8583917157, 3.9451465107, -1.3221616766
CN  20.9314072464, 5.587432669, -2.2948753393
H  21.2893257339, 5.1928600483, -3.2072501352
H  20.496706636, 6.5536348528, -2.2475687335
CN  24.784, 5.669, -1.379
H  24.231328087, 4.8106496557, -1.0555516881
H  25.4663243524, 5.6547940445, -2.171247042
CN  24.5747793361, 6.7825520429, -0.681556968
H  25.232363, 7.6119761695, -0.8566054444
H  23.8868234246, 6.8092291872, 0.1279572571
CN  28.311, 6.453, -1.545
H  28.5651218006, 6.9057833454, -0.6070109046
H  27.8682297989, 7.0840935113, -2.3348052372
CN  28.5325827679, 5.1734003458, -1.7059555734
H  28.2711819415, 4.7078372173, -2.657566364
H  29.0131909868, 4.5585016563, -1.0432950444
CN  31.838, 7.237, -1.711
H  31.1935854483, 6.8313122037, -2.4497135342
H  31.6211754626, 8.229503344, -1.3859832932
CN  32.8123031389, 6.5460159806, -1.110830039
H  33.3501030487, 6.9171864652, -0.2390298474
H  32.9998542344, 5.5716361968, -1.5546417169
