CN  0.095, 0.181, -0.217
H  0.040461027, -0.7525540373, -0.8238383114
H  0.5958024639, 0.1463031219, 0.7310905489
CN  -0.3829829169, 1.4121262419, -0.6678488445
H  -0.3255472524, 2.3604352745, -0.1122728531
H  -0.9144263421, 1.3670006482, -1.6008204987
CP  3.622, 0.965, -0.383
H  3.5136250127, 2.068095259, -0.337724437
H  3.8428032737, 0.311001204, 0.4930702781
CP  3.3664839608, 0.453660137, -1.5892730376
H  3.5056673599, -0.6095522545, -1.8065190108
H  3.1143040803, 1.0349352962, -2.4721073722
CN  7.149, 1.749, -0.549
H  6.3048279215, 1.7312021479, -1.2536497745
H  7.5965149107, 2.6782830917, -0.2507659199
CN  7.5853032237, 0.6064067782, 0.0007184533
H  8.4434467027, 0.6518415682, 0.6319438593
H  7.1673826795, -0.3621147043, -0.2929148576
CN  10.676, 2.533, -0.715
H  9.9430681974, 2.2380229525, -1.4295042728
H  11.4610783428, 1.9063117241, -0.4062647389
CN  10.629049227, 3.7609150426, -0.2648649768
H  11.2722618128, 4.0963683069, 0.5877455454
H  9.8568273756, 4.4678782488, -0.633390057
CN  14.203, 3.317, -0.881
H  14.7414219274, 2.4629200656, -0.5467116048
H  13.6068006717, 3.8893972042, -0.0796557193
CN  14.27405631, 3.7605106133, -2.1668010436
H  13.7109148401, 4.6339590521, -2.4641534817
H  14.8507978712, 3.2104289203, -2.8450075792
CN  17.73, 4.101, -1.047
H  17.7150923898, 3.0495994881, -0.8668944688
H  17.7800226007, 4.4933733879, -2.0434364798
CN  17.6319741799, 4.9550895291, -0.0688581897
H  17.6153831673, 6.0469945719, -0.2470765621
H  17.5914663236, 4.5544688668, 0.9502152708
CN  21.257, 4.885, -1.213
H  20.5497935133, 5.6817346348, -1.1356683349
H  22.034858238, 4.8896571717, -0.505422889
CN  21.1657165005, 3.9941994472, -2.1798235494
H  21.9733974278, 3.2640292979, -2.3187269434
H  20.2799391296, 4.0452992657, -2.806264554
CN  24.784, 5.669, -1.379
H  24.1825179824, 6.1293034124, -2.1527157973
H  25.1266321654, 6.1697232787, -0.4755623008
CN  25.117754705, 4.4303142578, -1.5926644541
H  25.8056757489, 4.0082648631, -0.9702781373
H  24.7074600313, 3.9390082943, -2.501632932
CN  28.311, 6.453, -1.545
H  28.8632402646, 5.7674785739, -2.2199778327
H  27.9027659353, 6.1102018204, -0.5765035764
CN  28.1172501773, 7.7046950624, -1.9395351919
H  27.5631950063, 8.4164377725, -1.3388375807
H  28.450389411, 8.0298686403, -2.9205584448
CN  31.838, 7.237, -1.711
H  31.1482888621, 7.5594571154, -2.4955843887
H  31.4165723559, 6.7590392427, -0.8772769151
CN  33.084036244, 7.6394851623, -1.6664195574
H  33.6953847686, 7.3006769805, -0.8911417512
H  33.5239733053, 8.149914945, -2.4954863674
