CN  0.095, 0.181, -0.217
H  0.873957335, -0.4093790293, 0.2705707087
H  -0.030419181, 0.2353364758, -1.3031313602
CN  -0.8340585819, 0.8139061449, 0.6305526472
H  -1.778237936, 1.2380456282, 0.2323627696
H  -0.6528284002, 0.6344549881, 1.6249977336
CP  3.622, 0.965, -0.383
H  3.1886410388, 1.8010868193, -0.869135021
H  3.7846435816, 0.0039202517, -0.9286774469
CP  3.5606174613, 0.9737458458, 0.9888069557
H  3.8545236001, 0.0945271629, 1.5694129979
H  3.1732101632, 1.8329025374, 1.5484890396
CN  7.149, 1.749, -0.549
H  7.2042974039, 0.9986288964, 0.2400011496
H  7.5310541511, 1.5558695607, -1.559539731
CN  6.723097387, 2.9934997039, -0.2804008829
H  6.6858827361, 3.7161464509, -1.0778145218
H  6.3469665632, 3.2489924453, 0.6962451812
CN  10.676, 2.533, -0.715
H  10.8795119721, 1.5381606393, -1.1114101518
H  10.4829650617, 3.3477343837, -1.3827521507
CN  10.6023546514, 2.6984014529, 0.6175981371
H  10.4708594049, 3.696352896, 0.9967782053
H  10.6120050457, 1.8520400339, 1.3580754307
CN  14.203, 3.317, -0.881
H  13.9805701133, 3.4687727384, -1.9404625991
H  14.1888487368, 4.1274132532, -0.1207300517
CN  14.667587616, 2.1135942639, -0.5764141636
H  15.0762071198, 1.840006701, 0.4202296911
H  14.7873062826, 1.343156051, -1.4002050885
CN  17.73, 4.101, -1.047
H  17.9128922609, 3.0458623143, -1.3373286047
H  17.3410174317, 4.7908994075, -1.7372175806
CN  18.0848265607, 4.4066886968, 0.2112015244
H  18.0171117632, 5.4945828202, 0.4865784952
H  18.5496775411, 3.7008695285, 0.9508362574
CN  21.257, 4.885, -1.213
H  21.0300354244, 5.1800413572, -0.1842237455
H  21.1332094306, 5.7131058479, -1.9132866763
CN  21.6809588883, 3.6749635437, -1.5976347777
H  21.9570156196, 3.4665353817, -2.6347305608
H  21.8059023281, 2.9162205197, -0.8633674456
CN  24.784, 5.669, -1.379
H  24.1592456433, 5.8900757234, -2.2725843949
H  25.6487261624, 5.0881295812, -1.5505198794
CN  24.5068849539, 6.1476174925, -0.1636815016
H  25.1990239117, 5.9800121947, 0.6494576654
H  23.5491009267, 6.6216433636, -0.0359848953
CN  28.311, 6.453, -1.545
H  28.5546870194, 5.5007827785, -1.0444385788
H  28.1773131657, 7.3032081017, -0.903950698
CN  28.1900899327, 6.5451115348, -2.8415905176
H  28.0726746398, 7.4370891454, -3.3316439132
H  28.2701213068, 5.6313782208, -3.4318854676
CN  31.838, 7.237, -1.711
H  31.6145494, 6.5399682608, -2.5584241434
H  31.9544155314, 8.3330817949, -1.8063787405
CN  31.9612156896, 6.6557400052, -0.5268473764
H  32.2610978822, 7.224059521, 0.3643458571
H  31.9272788607, 5.5693921012, -0.3938742535
