CN  0.095, 0.181, -0.217
H  -0.4181532988, 1.1199424401, -0.0350583955
H  0.8112044638, -0.1617286703, 0.5103115936
CN  -0.235573714, -0.4953676031, -1.3931467149
H  0.3605589289, -1.3381024413, -1.6424379142
H  -0.8886495079, -0.1158826728, -2.1439118875
CP  3.622, 0.965, -0.383
H  2.7443209881, 0.8714360124, 0.2667947279
H  4.5334700544, 1.4320006534, -0.0132941621
CP  3.6074197995, 0.5432937164, -1.5921185015
H  4.5280262891, 0.5769539122, -2.1762786217
H  2.703793217, 0.0674184401, -2.0627892965
CN  7.149, 1.749, -0.549
H  7.099307386, 2.1092637989, 0.4868495283
H  7.0352449746, 2.4261865027, -1.409427506
CN  7.4805913422, 0.4879344135, -0.8291346133
H  7.6875332146, 0.1880669812, -1.8968305888
H  7.6948823622, -0.1453165736, 0.0130175624
CN  10.676, 2.533, -0.715
H  9.7057966636, 2.9420001036, -0.8840167948
H  11.3492621376, 3.1194511511, -0.0550535327
CN  11.029751397, 1.3502314924, -1.2277615254
H  12.0220477109, 0.9775043672, -1.0843191381
H  10.3064620445, 0.7489501284, -1.7914186484
CN  14.203, 3.317, -0.881
H  14.6922790955, 3.1817984613, 0.082447785
H  13.4668569638, 4.1266929162, -1.0437346031
CN  14.4988027395, 2.4147736529, -1.836588294
H  13.9848022613, 2.493475591, -2.7339221165
H  15.0932602913, 1.530613307, -1.6706953837
CN  17.73, 4.101, -1.047
H  17.0823897745, 3.8891101539, -1.9272519319
H  18.6294000904, 3.5885755785, -0.9241763429
CN  17.3900175405, 5.0564168425, -0.1574106561
H  18.141664771, 5.2678889832, 0.6392647669
H  16.4183161071, 5.6437830948, -0.2348754274
CN  21.257, 4.885, -1.213
H  21.5546754176, 5.7330749811, -0.5961083882
H  20.7877086682, 4.9841627011, -2.1396818201
CN  21.4955867251, 3.6508152511, -0.7870012294
H  21.3419272064, 2.7196954918, -1.339348789
H  21.839819337, 3.5745213961, 0.2038469549
CN  24.784, 5.669, -1.379
H  25.7187742273, 5.2629253586, -1.8233937354
H  24.066461069, 5.005423909, -1.0216040844
CN  24.676556616, 6.9708931426, -1.1520683572
H  23.83198126, 7.4507180847, -0.6401058232
H  25.4612735526, 7.650186224, -1.5341935956
CN  28.311, 6.453, -1.545
H  27.9314116752, 7.452071909, -1.6620101623
H  28.332738797, 5.8342205156, -2.4635817999
CN  28.6763528628, 6.0390621164, -0.3401770274
H  29.1136127344, 5.0534914478, -0.1584801571
H  28.5943840212, 6.6910242038, 0.5171360113
CN  31.838, 7.237, -1.711
H  31.9911277399, 7.6724998104, -0.7277338704
H  31.7315933807, 6.1181123079, -1.6701552891
CN  31.9041395094, 7.9351172293, -2.8429042664
H  31.8004885307, 7.4968488859, -3.8165659881
H  31.9633959055, 9.0186903873, -2.8497723378
