CN  0.095, 0.181, -0.217
H  0.9857247377, -0.4779397286, -0.4037736923
H  -0.581602217, 0.4314110881, -1.0820846107
CN  -0.113935923, 0.8317778203, 1.0127546178
H  -0.9870829424, 1.554971018, 1.016537161
H  0.5151850905, 0.5811557848, 1.9307801655
CP  3.622, 0.965, -0.383
H  4.1125608921, 1.9619238573, -0.4665314409
H  3.0496932034, 0.6786713111, 0.5263215706
CP  3.6551799238, 0.1716245639, -1.429949139
H  3.1588791821, -0.8079081026, -1.349350509
H  4.056441751, 0.4386782268, -2.4051875045
CN  7.149, 1.749, -0.549
H  7.3396450743, 0.8528146094, -0.0685902682
H  7.3175055039, 2.6992155654, -0.0414131169
CN  6.8675802438, 1.8282846579, -1.8393616006
H  6.7326945846, 2.8519228825, -2.2994298663
H  6.8222002022, 0.9490669601, -2.5030506525
CN  10.676, 2.533, -0.715
H  11.4309555328, 2.6688381539, -1.5144952496
H  9.6909098593, 3.0248200078, -0.6594490797
CN  10.8839230967, 1.6174033311, 0.2384524831
H  10.1929094783, 1.4950088264, 1.0778484558
H  11.8020830002, 0.9912549149, 0.2355899348
CN  14.203, 3.317, -0.881
H  14.3858469258, 3.8420832846, -1.8021900253
H  14.0318979938, 2.2270595292, -0.9194173716
CN  14.2261947026, 3.9899772307, 0.2485403597
H  14.0819652014, 3.573400726, 1.218824232
H  14.4345923992, 5.102000956, 0.1981770126
CN  17.73, 4.101, -1.047
H  17.9706938326, 4.7960881257, -1.8757946241
H  17.4060964207, 4.4016803088, -0.0793760119
CN  17.7912651882, 2.8025872136, -1.151437547
H  17.6051593919, 2.303573658, -0.2094567021
H  17.9802259643, 2.4006665617, -2.1314435676
CN  21.257, 4.885, -1.213
H  21.939061732, 4.1918016925, -0.7544176592
H  20.7591773285, 4.6547967501, -2.12854337
CN  21.1298387164, 6.1244505787, -0.6884121416
H  20.4773502897, 6.8283242134, -1.2019054215
H  21.6718833389, 6.444693832, 0.222600217
CN  24.784, 5.669, -1.379
H  24.636985924, 5.4861949958, -0.3284309032
H  24.7980476569, 6.6782895304, -1.7951283575
CN  24.9220055076, 4.6593757096, -2.2217524838
H  25.0940482084, 4.8640677012, -3.2503573242
H  24.8291810859, 3.6309355277, -1.7759192452
CN  28.311, 6.453, -1.545
H  29.2627075677, 6.3566682514, -0.935929055
H  27.6156646049, 5.6258856311, -1.5175881674
CN  28.0734221277, 7.5048761446, -2.3021772611
H  27.1272788618, 7.5785119698, -2.8310716327
H  28.7706078914, 8.3108230208, -2.4696754169
CN  31.838, 7.237, -1.711
H  31.9725793096, 6.4487421698, -2.3887817595
H  31.4435520777, 7.0978365043, -0.7646851014
CN  32.1332840291, 8.4307954241, -2.147699502
H  31.9826308404, 9.3303346975, -1.569543298
H  32.5110838348, 8.514489735, -3.1282841833
