CN  0.095, 0.181, -0.217
H  -0.136114956, 0.8120373064, -1.081704745
H  -0.3654175151, 0.4231407038, 0.7319067172
CN  0.6055432266, -1.0833096416, -0.4852520493
H  0.7792234577, -1.7368265031, 0.2603951352
H  0.984737526, -1.2865405633, -1.4770990835
CP  3.622, 0.965, -0.383
H  3.7900937274, 0.0216693779, -0.934221549
H  3.3258012111, 1.8479123494, -1.0296903161
CP  3.7168342116, 1.0369528689, 0.9298878185
H  3.4737325148, 1.9565859852, 1.5128862989
H  4.2228033674, 0.1975937329, 1.4193137734
CN  7.149, 1.749, -0.549
H  6.8329997601, 1.1618200809, 0.2604875028
H  7.742285306, 1.3321585928, -1.3359442203
CN  6.97834457, 3.0695736268, -0.5389658985
H  7.4287501697, 3.6252808656, -1.3483345685
H  6.5826650328, 3.610671058, 0.2869401652
CN  10.676, 2.533, -0.715
H  10.308919568, 2.9682530277, -1.6568153693
H  10.576480195, 3.1290702949, 0.1668589837
CN  11.0967350081, 1.2874908423, -0.6404238609
H  11.452850482, 0.9185221968, 0.3076556107
H  11.1811072834, 0.7424625901, -1.6139127236
CN  14.203, 3.317, -0.881
H  15.0667459877, 2.8607056036, -0.5433199807
H  13.2601615284, 3.1874554084, -0.3354571224
CN  14.2142764741, 3.851347103, -2.0723661491
H  13.325866042, 4.2505560195, -2.4960099707
H  15.134063957, 3.831746677, -2.649384096
CN  17.73, 4.101, -1.047
H  17.9075861641, 4.9354921344, -1.7455710712
H  17.6158807461, 3.1026781188, -1.412754685
CN  17.7851135503, 4.364473351, 0.2601091987
H  17.7367822719, 3.605946943, 1.0426997305
H  17.9375410012, 5.3894016296, 0.6315258312
CN  21.257, 4.885, -1.213
H  21.7630409421, 5.3807893872, -0.3724619352
H  20.6736442131, 4.0060273239, -0.9423138327
CN  21.197134528, 5.4409798892, -2.4285987993
H  20.6492228189, 4.9938241028, -3.2422112357
H  21.6144658803, 6.4793686413, -2.5901783795
CN  24.784, 5.669, -1.379
H  25.0872164379, 4.6759986216, -1.6770992957
H  24.293755351, 5.8286133425, -0.3745316679
CN  24.9038582706, 6.6960626651, -2.219491155
H  24.6659166261, 7.6607303077, -1.820678692
H  25.3272296303, 6.6266139479, -3.2027134318
CN  28.311, 6.453, -1.545
H  28.8355148827, 7.3460619325, -1.6600979359
H  27.367637056, 6.4191571702, -2.0895743515
CN  28.757868177, 5.4616522811, -0.7708708445
H  28.2179922014, 4.4675919039, -0.7951888441
H  29.6737028547, 5.5281142672, -0.3204830222
CN  31.838, 7.237, -1.711
H  31.0425325011, 7.9688143806, -1.771678735
H  31.9549419375, 6.7817474506, -0.7184456945
CN  32.5869101953, 6.9033240198, -2.758046825
H  33.3917433082, 6.2353524388, -2.5126994033
H  32.4565311214, 7.3811082862, -3.7852289533
