CN  0.095, 0.181, -0.217
H  -0.677255971, 0.0665531785, 0.5128952011
H  1.1116445609, 0.3087089316, 0.1076844464
CN  -0.2843003815, 0.2130794811, -1.5926241209
H  0.4200686729, 0.3534219617, -2.3543843768
H  -1.3479419139, 0.0322487731, -1.8474639409
CP  3.622, 0.965, -0.383
H  3.3533333534, 1.8379258817, 0.2410154691
H  3.3336258526, 0.9330242886, -1.3911798942
CP  4.0941521382, -0.1268874527, 0.1823524321
H  4.3207668871, -0.9625486759, -0.4514418301
H  4.3505658332, -0.145653299, 1.2107021618
CN  7.149, 1.749, -0.549
H  7.2966849223, 2.7688267387, -0.1938696437
H  7.3301976763, 0.8928444378, 0.1305771644
CN  6.8891584896, 1.462155931, -1.83050867
H  6.8925886566, 0.451561677, -2.2687490779
H  6.7710917555, 2.2737676861, -2.5173279033
CN  10.676, 2.533, -0.715
H  10.3471337349, 2.0132940147, 0.1589890688
H  11.0069659738, 1.979437669, -1.5708926119
CN  10.3363553232, 3.8073615713, -0.758451129
H  10.579419496, 4.3870333808, -1.6506712496
H  9.8807670697, 4.3603364544, 0.1280604077
CN  14.203, 3.317, -0.881
H  13.3892854847, 3.9601634581, -0.7224375497
H  14.7884244717, 2.9235010745, -0.0230669279
CN  14.4505503274, 2.9023140694, -2.0845703998
H  15.1551180957, 2.117789685, -2.1905725934
H  13.9602411193, 3.2753260132, -3.0156181011
CN  17.73, 4.101, -1.047
H  17.7276049112, 3.2713847831, -0.3116803577
H  18.0179371652, 3.7734496819, -2.0910334051
CN  17.6195286763, 5.3313584825, -0.6035935938
H  17.6907650496, 6.183043241, -1.3195188197
H  17.2602228162, 5.5056760025, 0.4066500425
CN  21.257, 4.885, -1.213
H  20.9529533481, 4.0469700946, -1.837424553
H  21.8377858602, 4.6391202011, -0.3363628721
CN  20.770927316, 6.1017104976, -1.3847262278
H  20.9765359477, 6.8905723498, -0.6371855039
H  20.1165983658, 6.2493146716, -2.2465486237
CN  24.784, 5.669, -1.379
H  23.9713873342, 6.1065233395, -0.8804494218
H  25.3743212628, 6.3203465166, -1.9739936569
CN  25.032640065, 4.4023289867, -1.2742342305
H  25.8517393526, 3.9688638123, -1.8611097275
H  24.4405910558, 3.8163232042, -0.5916952856
CN  28.311, 6.453, -1.545
H  27.8190143549, 5.7872310263, -2.3052369145
H  28.7328821299, 7.5014965537, -1.8596359528
CN  28.642397032, 5.8722883107, -0.3847936148
H  29.3131833146, 6.3428778525, 0.3655117257
H  28.3463409545, 4.8660423066, -0.2544835859
CN  31.838, 7.237, -1.711
H  31.4015207644, 7.8932569113, -2.501579695
H  31.3488301747, 6.3342142917, -1.3811199414
CN  32.8956495846, 7.6883336928, -1.0181873109
H  33.2621715778, 7.0610389373, -0.27253929
H  33.354701461, 8.672920904, -1.1880261508
