CN  0.095, 0.181, -0.217
H  0.4271463706, -0.6947442212, 0.3169454251
H  0.5235763902, 1.1639025225, 0.0443156831
CN  -0.7688289961, 0.0540119809, -1.283323695
H  -0.9983185394, 0.944743044, -1.8069599854
H  -1.1516547428, -0.8866843374, -1.6293191728
CP  3.622, 0.965, -0.383
H  3.139487694, 1.2288333979, 0.5200437963
H  4.2420571796, 0.1375968525, -0.3901238292
CP  3.5168627801, 1.6714106096, -1.5289492784
H  4.1169464784, 1.3210339095, -2.3769549168
H  2.8775168548, 2.6100893604, -1.5039064749
CN  7.149, 1.749, -0.549
H  7.8174035283, 1.043832975, -0.9594304732
H  6.6478011017, 2.46371084, -1.1655784622
CN  7.1174993707, 1.7289447945, 0.7649658688
H  6.4980452903, 2.4677287256, 1.299427226
H  7.6546402249, 1.0461950305, 1.3807841563
CN  10.676, 2.533, -0.715
H  10.3071018607, 2.7009022658, 0.2584770007
H  10.9421741049, 3.3843024011, -1.3174100747
CN  10.9364149561, 1.2872415444, -1.0674090967
H  11.3246589763, 1.0427446794, -2.080590462
H  10.8331781584, 0.502663004, -0.2967459086
CN  14.203, 3.317, -0.881
H  14.3135386702, 2.5898521135, -1.7012556256
H  14.1608827191, 4.3694701067, -1.1252773429
CN  14.2438842615, 2.9585795355, 0.3683987987
H  14.2988587308, 3.6150657922, 1.1965490418
H  14.2834629082, 1.8961244884, 0.6065853865
CN  17.73, 4.101, -1.047
H  16.81333867, 4.2223105581, -0.4568710636
H  18.4150747562, 4.9358282013, -1.1055074341
CN  17.7622602919, 3.0434553268, -1.8663474634
H  18.494219599, 2.9439977184, -2.6398890031
H  16.8530537681, 2.4131166369, -1.9400019974
CN  21.257, 4.885, -1.213
H  21.5760829197, 5.5266589366, -2.0285505424
H  20.9238473985, 3.8273414935, -1.3845670971
CN  21.4183573053, 5.2890052703, 0.0442280612
H  21.1339659359, 4.5679880451, 0.8426345076
H  21.7735655783, 6.3127678649, 0.2705922675
CN  24.784, 5.669, -1.379
H  24.3400207183, 6.5774717464, -1.0096399495
H  25.3058266348, 4.962410637, -0.743470304
CN  24.691164822, 5.4507777121, -2.6837406562
H  25.1140309196, 4.5732028083, -3.138829991
H  24.1645560859, 6.1677378581, -3.3216414468
CN  28.311, 6.453, -1.545
H  27.8458254594, 6.46388069, -2.551800365
H  28.472237722, 7.3564369647, -1.0002132165
CN  28.5381853594, 5.3081392117, -0.9785115485
H  29.0139213149, 5.232089503, -0.0123641064
H  28.3519679941, 4.3922397784, -1.5292123846
CN  31.838, 7.237, -1.711
H  31.6151487959, 8.2635562995, -1.7100025319
H  31.0732383594, 6.4184179967, -1.6641692261
CN  33.0985768147, 6.8520337235, -1.8459385541
H  33.3611534768, 5.8033009821, -1.8130019418
H  33.8851279218, 7.571749697, -1.9193334665
