CN  0.095, 0.181, -0.217
H  -0.6581500575, -0.5445388399, 0.0432124347
H  0.8269354172, 0.450708562, 0.4965587255
CN  -0.0460935161, 0.8723894093, -1.3990238358
H  0.6067679902, 1.6211444696, -1.7229597
H  -0.8997547176, 0.5562805656, -2.0410971435
CP  3.622, 0.965, -0.383
H  3.6318025492, 0.1826013988, 0.4346394698
H  3.4389713462, 1.9831705058, -0.1200044242
CP  3.5422770419, 0.5427004693, -1.6232122419
H  3.2825469558, 1.2067923869, -2.4619732095
H  3.6038319186, -0.5633349607, -1.7767830951
CN  7.149, 1.749, -0.549
H  6.3131186787, 2.4035853849, -0.6934784522
H  8.0524171476, 1.7518316873, -1.1774259587
CN  7.2628413357, 1.0386237527, 0.5844450867
H  8.1624297868, 0.4722306953, 0.7973993774
H  6.4173211684, 0.9711375436, 1.2911434787
CN  10.676, 2.533, -0.715
H  10.8741375532, 2.381437339, -1.7839526268
H  10.8181168208, 1.6530264688, -0.0199779958
CN  10.2497195187, 3.7290222327, -0.3043883706
H  10.0186582422, 3.978762629, 0.7673981829
H  10.0946127892, 4.4668917274, -1.0687142173
CN  14.203, 3.317, -0.881
H  14.4826208549, 3.4450761688, 0.1582596329
H  13.7042624309, 4.222519459, -1.3346215832
CN  14.3900697381, 2.1918586503, -1.5405179357
H  14.0634060908, 2.1354341781, -2.5544205908
H  14.7582059896, 1.2901338565, -1.0570836334
CN  17.73, 4.101, -1.047
H  17.8360297078, 3.7931759694, -0.0092335859
H  18.0728561295, 3.518470232, -1.9546531782
CN  17.2667724309, 5.3548008465, -1.2585527216
H  17.0664073033, 5.6906478183, -2.2271032875
H  17.0889757864, 6.01545571, -0.4087449475
CN  21.257, 4.885, -1.213
H  22.1379688335, 4.7217579647, -0.7055979647
H  20.6255009235, 4.0793047738, -1.5331858869
CN  20.9601013693, 6.0857251993, -1.6182002361
H  19.9494218331, 6.3030237422, -2.0637549357
H  21.534280034, 6.931595073, -1.3179335976
CN  24.784, 5.669, -1.379
H  24.7836115991, 6.7812966506, -1.3011318317
H  24.5071705897, 5.1875761215, -2.2570871306
CN  25.2353630215, 4.976848406, -0.3525074555
H  25.3646175219, 3.8775063382, -0.4175023187
H  25.6330239249, 5.5366725601, 0.5318672053
CN  28.311, 6.453, -1.545
H  27.7920955249, 7.1251923035, -2.2394826099
H  28.6678700852, 5.5152698202, -1.927522109
CN  28.3944738545, 6.7890998018, -0.2647491797
H  28.7966709957, 6.0505574551, 0.4991573253
H  27.9237421742, 7.6628795082, 0.09525971
CN  31.838, 7.237, -1.711
H  31.1050741902, 6.4344967736, -1.6458674149
H  32.7313570199, 7.150705719, -1.1603890014
CN  31.5597954803, 8.3194717526, -2.3730102131
H  32.2189300195, 9.1907739394, -2.4616606316
H  30.6617493844, 8.3293063041, -2.9284649818
