CN  0.095, 0.181, -0.217
H  1.0433844434, -0.2939511426, -0.5768455665
H  0.0061202611, 1.2469167188, -0.2699893315
CN  -0.936811335, -0.5597251229, 0.3381935117
H  -1.8715168563, -0.1757574283, 0.6931929906
H  -0.8187499415, -1.6653665949, 0.3075269242
CP  3.622, 0.965, -0.383
H  2.9664190738, 1.5955156432, -0.940809303
H  4.3294222765, 0.4006335626, -0.9303429064
CP  3.6785184866, 0.9886762722, 0.9420374576
H  4.4218426597, 0.4270808138, 1.5040067472
H  2.9240124732, 1.5830544225, 1.4544379839
CN  7.149, 1.749, -0.549
H  7.4728985501, 1.0367173592, 0.2199532683
H  6.8926818048, 2.8023804139, -0.2188678236
CN  6.936872106, 1.4459009021, -1.8128481488
H  6.5754904762, 2.164714234, -2.5471006572
H  7.1019328533, 0.4747920391, -2.2231280503
CN  10.676, 2.533, -0.715
H  11.3617148825, 1.7864079365, -1.0230474119
H  9.7848338261, 2.7844340672, -1.2711243739
CN  10.8871278795, 3.1540151696, 0.4358635061
H  10.1626810779, 3.8849879872, 0.7751418796
H  11.7109898283, 2.8178000138, 1.0498362028
CN  14.203, 3.317, -0.881
H  14.5004826417, 4.2671596541, -0.5567549013
H  13.6390320575, 3.3070429118, -1.7752731755
CN  14.4897799503, 2.2159217731, -0.1466839702
H  14.0818468451, 1.2726219883, -0.4569661388
H  14.9657942661, 2.299788008, 0.8544895118
CN  17.73, 4.101, -1.047
H  18.2084098287, 3.2751542245, -1.5896416659
H  17.284984865, 4.9011627032, -1.6812636094
CN  17.6338949917, 4.1246830833, 0.2656958471
H  17.061481489, 4.8567176912, 0.8314196975
H  18.0668292954, 3.2677952681, 0.7799692036
CN  21.257, 4.885, -1.213
H  21.921695045, 4.0055592212, -1.1575653624
H  20.694094807, 5.0619692661, -2.1159694735
CN  21.0723896938, 5.6360538807, -0.1689382624
H  20.3612624104, 6.4330827458, -0.1768868519
H  21.6733419262, 5.4114352176, 0.7214892688
CN  24.784, 5.669, -1.379
H  25.0845101164, 6.7007352204, -1.1066825067
H  24.3055538167, 5.4771018498, -2.3503118504
CN  24.8420894576, 4.7098476986, -0.4867724472
H  24.5589650874, 3.6655942438, -0.6944563675
H  25.3443366873, 4.9607830399, 0.4392436424
CN  28.311, 6.453, -1.545
H  28.2680080684, 7.3147505568, -2.0657983071
H  28.0186172228, 5.5056706731, -1.9228909179
CN  28.5236417639, 6.5240806652, -0.2706781965
H  28.5267451654, 5.5856652622, 0.2600070018
H  28.7021850952, 7.4641139462, 0.2565906584
CN  31.838, 7.237, -1.711
H  32.0670018228, 6.2555097628, -1.2441296901
H  31.3604410312, 8.0919886598, -1.1193219896
CN  32.0878051202, 7.347210266, -3.0615719705
H  31.7464657783, 8.1942956433, -3.6508259457
H  32.5247727561, 6.4473594316, -3.6271854607
