CN  0.095, 0.181, -0.217
H  -0.2979679903, 1.1257143684, -0.5532149921
H  0.4737205965, -0.5390020306, -0.9700647558
CN  0.23823518, -0.1316565632, 1.1742688167
H  0.7508243809, -0.9973742245, 1.4760861947
H  0.0487730241, 0.6268439107, 1.9124774896
CP  3.622, 0.965, -0.383
H  2.5971457414, 1.3197792546, -0.1356338442
H  4.1559131101, 1.275383593, -1.2345858181
CP  4.2277830405, 0.1601497441, 0.4945862696
H  5.2003191031, -0.3168838487, 0.2192896992
H  3.6932825552, -0.1719534026, 1.378052218
CN  7.149, 1.749, -0.549
H  7.8404964188, 0.8620643091, -0.2820152327
H  6.4840000588, 1.7214902282, -1.3683000052
CN  7.2112591692, 2.8930894919, 0.1507533486
H  6.6271258209, 3.7668428041, -0.062664143
H  7.9459563025, 2.8656673547, 0.8749897301
CN  10.676, 2.533, -0.715
H  10.1951174115, 2.0077029428, 0.1203947759
H  11.2585902146, 3.4408175279, -0.5045736949
CN  10.688569402, 1.9359436704, -1.9059581884
H  11.1863919455, 2.3764102439, -2.738888664
H  10.0183249284, 1.0656935404, -1.9968034624
CN  14.203, 3.317, -0.881
H  14.2381556374, 3.1912989462, -1.9250928378
H  13.8756874102, 4.2901646875, -0.49028477
CN  14.4185045537, 2.219692062, -0.164127117
H  14.32982742, 2.295304273, 0.8843465515
H  14.8494345485, 1.300879196, -0.6598965262
CN  17.73, 4.101, -1.047
H  17.6021498432, 3.598850857, -2.0032930975
H  18.3302796614, 3.614153634, -0.2691045384
CN  17.69285672, 5.4522151245, -0.992316469
H  17.8987737186, 5.9817264059, -0.046025334
H  17.2133096136, 5.9204232655, -1.831495876
CN  21.257, 4.885, -1.213
H  20.9160144357, 5.9152636907, -1.295344523
H  21.3898797918, 4.3046228465, -2.092949328
CN  21.5642761544, 4.3929146312, -0.0318995058
H  21.9320094235, 3.3812008969, 0.0555134749
H  21.3867858383, 4.9496075442, 0.9069567069
CN  24.784, 5.669, -1.379
H  24.213866893, 4.8215122646, -1.7229229349
H  25.3857015767, 5.5428264197, -0.5042881691
CN  24.6790554708, 6.8717182522, -1.9433165274
H  25.2606854461, 7.7335592019, -1.5928877231
H  24.0255666883, 6.967972894, -2.7831671022
CN  28.311, 6.453, -1.545
H  27.8387569487, 7.0852738445, -0.7815354108
H  28.4895666942, 6.857313761, -2.5490042346
CN  28.5561028942, 5.1868835719, -1.2666103573
H  29.0178202135, 4.521568682, -2.0044809495
H  28.216000312, 4.8365635679, -0.3098374069
CN  31.838, 7.237, -1.711
H  31.1889425889, 6.8369991008, -2.4778456056
H  32.8177147661, 6.8087892868, -1.4634105066
CN  31.4220576683, 8.1849010298, -0.8916385074
H  32.0322719813, 8.4756661889, -0.0285929535
H  30.4203710609, 8.6135701248, -0.966605871
