CN  0.095, 0.181, -0.217
H  0.1850537514, -0.4713381188, -1.1253583229
H  0.4258950738, 1.228523894, -0.2763283187
CN  -0.5068355022, -0.277866507, 0.9781464515
H  -0.6792332898, 0.319041134, 1.8901371739
H  -1.0077373518, -1.2514624356, 0.91443465
CP  3.622, 0.965, -0.383
H  3.8267907003, 1.6181525167, 0.4777914007
H  3.724663991, -0.0899470526, -0.254326222
CP  3.3172091163, 1.3773923038, -1.5683840796
H  3.1727379691, 0.5630844958, -2.2929719841
H  3.3036648129, 2.4220878539, -1.8355082479
CN  7.149, 1.749, -0.549
H  7.8212742333, 2.3228628707, -1.1662476633
H  6.5451761486, 0.9916244929, -0.9997903943
CN  7.0985807317, 1.8823409607, 0.7847233593
H  6.3978741769, 1.339121737, 1.403016291
H  7.7282936783, 2.6425244276, 1.3324798119
CN  10.676, 2.533, -0.715
H  10.6609558448, 3.4725747662, -1.1655574436
H  10.4848019594, 2.5215888667, 0.3787797021
CN  10.789044612, 1.4300050547, -1.4017055166
H  10.8626944572, 0.4863006688, -0.9286488065
H  10.9238677734, 1.4809726211, -2.4307995589
CN  14.203, 3.317, -0.881
H  13.3904545121, 3.7321739721, -1.5051371631
H  14.9751218226, 4.0471413298, -0.4903618805
CN  14.3601717544, 1.9992889786, -0.7243872069
H  15.2057443986, 1.6738952447, -0.2095797675
H  13.6975881926, 1.2205083653, -1.1486070046
CN  17.73, 4.101, -1.047
H  18.4247861548, 3.2801527314, -1.2277031905
H  17.3129277613, 4.2658619355, -0.0512525554
CN  17.4571258642, 5.0130837211, -1.9902705739
H  16.7184320305, 5.839830521, -1.7582256212
H  17.9017387804, 4.9626505711, -2.9458787638
CN  21.257, 4.885, -1.213
H  21.8034562363, 5.7416445183, -1.4049242305
H  20.4468477646, 4.6332262486, -1.845592176
CN  21.6490774038, 3.9927179107, -0.3493774798
H  21.0045662787, 3.0812362383, -0.2225747751
H  22.5756178601, 4.1476640656, 0.2127003784
CN  24.784, 5.669, -1.379
H  25.1147800353, 4.7659817709, -1.8849953277
H  24.5699133422, 5.6743999976, -0.2932254523
CN  24.537593766, 6.7243692814, -2.1109367829
H  24.0661262022, 7.5792788281, -1.6053743998
H  24.7290954557, 6.6818737919, -3.2049848871
CN  28.311, 6.453, -1.545
H  27.515968059, 6.7990655925, -0.9070825909
H  28.802156904, 7.1827404674, -2.2813337009
CN  28.4473698012, 5.1809960458, -1.7527248395
H  29.1144662315, 4.8581339348, -2.5372844786
H  27.9504007604, 4.4202287089, -1.0788610034
CN  31.838, 7.237, -1.711
H  31.5233796358, 8.1323188196, -1.1366116497
H  32.0716446032, 6.2836981275, -1.2164831546
CN  32.0235018286, 7.3601160549, -3.001010309
H  32.2984028134, 6.5228220985, -3.53176106
H  31.9250358848, 8.2292269252, -3.6747936269
