CN  0.095, 0.181, -0.217
H  0.4362336297, 1.060459404, 0.3549805884
H  0.3468766183, -0.7390933738, 0.2443609322
CN  -0.6546981087, 0.3073817818, -1.3893181734
H  -1.0632402567, -0.5618504684, -1.8272229991
H  -0.9675133978, 1.2738618004, -1.7686158378
CP  3.622, 0.965, -0.383
H  3.8848919032, 1.7555044568, 0.3094870024
H  2.9249075183, 1.1033142324, -1.2322883822
CP  3.9380821646, -0.2611502385, 0.0486075064
H  3.5957680697, -1.1799500869, -0.428441687
H  4.5461186925, -0.3597525922, 0.9241567491
CN  7.149, 1.749, -0.549
H  7.9532537478, 1.4818380002, -1.1721592033
H  6.7702767005, 1.0140567642, 0.1173278131
CN  6.5261087927, 2.9306596813, -0.4782248252
H  5.800965308, 3.1822221234, 0.2407461397
H  6.9823143817, 3.7095909146, -1.11520301
CN  10.676, 2.533, -0.715
H  10.530934781, 2.5053951821, -1.8209190331
H  10.6030185818, 3.4610205931, -0.1579616485
CN  10.8099928167, 1.3356665961, -0.133309652
H  10.8874276857, 1.2623329816, 0.9737701143
H  11.0101534722, 0.4936699845, -0.784148627
CN  14.203, 3.317, -0.881
H  13.4897959534, 4.1606258096, -0.9626890282
H  14.9768845269, 3.406304708, -1.54634249
CN  14.1216785999, 2.4144810725, 0.0946523774
H  14.8624335638, 1.6184717745, 0.1678976551
H  13.329501494, 2.3478205482, 0.7856312666
CN  17.73, 4.101, -1.047
H  18.5853248679, 3.4748795495, -1.3093946776
H  17.1459654565, 3.8748057647, -0.1275391403
CN  17.3397171031, 5.0589998017, -1.9359722363
H  16.3722787748, 5.5981721342, -1.8522617528
H  17.8788957908, 5.2726242833, -2.8363595341
CN  21.257, 4.885, -1.213
H  21.2642216429, 4.5425291633, -2.2310096052
H  21.2100809389, 5.9439492188, -1.0657876202
CN  21.4191285636, 4.0622514947, -0.1976173137
H  21.3604462633, 4.4056686759, 0.8227685299
H  21.6949962655, 3.0589206148, -0.4271909546
CN  24.784, 5.669, -1.379
H  25.5096045953, 5.6606485575, -2.1312098695
H  24.1432196442, 4.814747149, -1.2484634008
CN  24.5442105781, 6.8497452727, -0.7622493915
H  23.6871985272, 7.0203916072, -0.1192390309
H  25.1355994034, 7.7397784174, -1.0652722606
CN  28.311, 6.453, -1.545
H  27.4553219505, 7.098989106, -1.3222308021
H  29.153817717, 6.3321597641, -0.8025375806
CN  28.4604423633, 5.8369680755, -2.6803792156
H  29.3765010655, 5.2773808921, -2.8849414931
H  27.7374219906, 5.9715749813, -3.4697276167
CN  31.838, 7.237, -1.711
H  31.3851594734, 7.9345507441, -1.0979477655
H  31.9007256545, 6.2078703598, -1.3924412105
CN  32.2620372569, 7.6113457879, -2.9060539887
H  32.8821781923, 6.960984867, -3.5750468826
H  32.1108642396, 8.6872269591, -3.1361372879
