CN  0.095, 0.181, -0.217
H  0.7419311421, -0.0703197193, -1.086604261
H  0.4260818541, 0.1013337426, 0.8129332191
CN  -1.2630034875, 0.4780146491, -0.3956581423
H  -1.8998280019, 0.5346219926, 0.4421203559
H  -1.8245661807, 0.6452345528, -1.3697532843
CP  3.622, 0.965, -0.383
H  2.8758530177, 1.536676758, 0.1932205521
H  4.2637144582, 0.2189803762, 0.0293624008
CP  3.716824217, 1.2161139782, -1.6617233342
H  4.4680700908, 0.7835482551, -2.2748047503
H  2.9416086047, 1.8550701237, -2.004020188
CN  7.149, 1.749, -0.549
H  7.1823269346, 2.2381915352, 0.4245318127
H  6.939698472, 2.3209651888, -1.4168090096
CN  7.5093633784, 0.500044093, -0.7029930659
H  7.4717068569, 0.0098108347, -1.6666922354
H  7.7983701105, -0.144626632, 0.1046044285
CN  10.676, 2.533, -0.715
H  10.6834047685, 1.4458973002, -0.8088086298
H  11.1725739486, 2.8878949196, 0.1598657978
CN  10.2328704555, 3.3549334193, -1.6733108803
H  10.2185687262, 4.4327081551, -1.4516579316
H  9.8080707252, 2.9700085764, -2.5812909559
CN  14.203, 3.317, -0.881
H  14.1337000682, 3.4548245497, 0.1879654364
H  13.899542287, 4.167657073, -1.471611028
CN  14.4755666916, 2.1814881792, -1.4246261501
H  14.4036442817, 2.0190797705, -2.4827850111
H  14.6884845302, 1.3432843257, -0.8218096197
CN  17.73, 4.101, -1.047
H  18.2482468308, 4.4146275341, -1.9573441557
H  17.2837073696, 4.8244499446, -0.4420174376
CN  17.9513452566, 2.8504335917, -0.5039603699
H  17.5475948489, 2.5688877307, 0.5178073617
H  18.4796222455, 2.0107078491, -1.0287020129
CN  21.257, 4.885, -1.213
H  21.9094947084, 4.1102797634, -0.9248182457
H  21.0642533078, 5.7107339002, -0.5395435001
CN  20.9094721656, 4.9139457094, -2.4748302884
H  20.2124427706, 5.6918522373, -2.8280226344
H  21.304591551, 4.2281833462, -3.2471356291
CN  24.784, 5.669, -1.379
H  24.6859728214, 6.7737396539, -1.2580103511
H  24.8862739421, 5.2620511779, -2.4151467988
CN  24.8300849654, 4.8723968112, -0.2994779819
H  24.8774944668, 3.7903611124, -0.4692617996
H  24.7946629073, 5.3251122132, 0.6829202278
CN  28.311, 6.453, -1.545
H  28.1457185907, 6.5670339281, -0.4757178718
H  28.2468872936, 7.4003426099, -2.1268900641
CN  28.5946663356, 5.2563849865, -2.0447910801
H  28.7515802817, 5.1332138462, -3.1174765049
H  28.6344478259, 4.4418643892, -1.4307699405
CN  31.838, 7.237, -1.711
H  30.8395935079, 7.6230546216, -1.9711579998
H  31.8069712528, 6.3089611624, -1.1433521574
CN  32.9749077798, 7.7933290586, -2.0299067705
H  33.85968973, 7.2791430786, -1.638235084
H  33.0095620528, 8.7323272183, -2.6447037799
