CN  0.095, 0.181, -0.217
H  0.2958227818, -0.4695654951, -1.010932425
H  0.8128698611, 0.9662293941, -0.0060550569
CN  -1.2222037024, 0.2372606712, 0.2843687226
H  -1.5018506601, 0.9132647945, 1.0641300803
H  -1.9359291581, -0.4712066373, -0.2043185785
CP  3.622, 0.965, -0.383
H  3.8325051985, 1.840633986, -0.9804905478
H  3.4501474785, -0.0397657709, -0.8229179497
CP  3.4644935239, 1.0680676501, 0.9441183841
H  3.2015125407, 0.1992316774, 1.5707180772
H  3.5167537806, 2.0851045778, 1.4125998068
CN  7.149, 1.749, -0.549
H  6.5003295263, 1.3090213225, -1.2860132425
H  7.6278361277, 2.7416970688, -0.6512992343
CN  7.4285854904, 1.0281416361, 0.4979944777
H  8.0640009334, 1.4315632751, 1.2525107321
H  7.14697962, 0.0219936044, 0.6171812158
CN  10.676, 2.533, -0.715
H  11.4136590303, 1.8745377305, -0.2281881369
H  9.8846433831, 2.9413908512, -0.0721950715
CN  10.7532285607, 2.8306212227, -2.0144923013
H  10.067532657, 3.5780698155, -2.4521769703
H  11.563395556, 2.3499943637, -2.6745039916
CN  14.203, 3.317, -0.881
H  14.1534877247, 4.110937696, -0.1806943613
H  14.0449458541, 3.5723578393, -1.8811887271
CN  14.5745203303, 2.0880595273, -0.5218416264
H  14.7097551053, 1.4124118867, -1.3428359696
H  14.7272582518, 1.7751720187, 0.51070063
CN  17.73, 4.101, -1.047
H  17.0888264422, 4.5298938397, -0.3040515622
H  18.5072736337, 3.3682331232, -0.7497166588
CN  17.5916494927, 4.4139692265, -2.3413399465
H  18.181767608, 3.8610390906, -3.0128802917
H  16.8461024643, 5.1229310722, -2.7005859819
CN  21.257, 4.885, -1.213
H  21.1933549165, 5.321888418, -2.214032733
H  21.1893478613, 5.5076922727, -0.299595744
CN  21.4613058713, 3.5904131452, -1.0638240416
H  21.6327208278, 3.1296555333, -0.1019889339
H  21.5816196697, 2.9387441192, -1.934901484
CN  24.784, 5.669, -1.379
H  24.8000237382, 4.9276476221, -2.1744921047
H  24.944845726, 5.3783424214, -0.2721380248
CN  24.7323416876, 6.9686631602, -1.6715605407
H  24.6972494267, 7.7232884587, -0.8731460405
H  24.5727160442, 7.2861743753, -2.6941558443
CN  28.311, 6.453, -1.545
H  28.8313351817, 7.2393326849, -2.0454414065
H  27.7057336687, 6.6779889767, -0.6831731199
CN  28.4114245993, 5.2086793645, -1.9793804916
H  27.9545038885, 4.3582044977, -1.4030081023
H  28.8815126062, 5.0237128124, -2.9237391755
CN  31.838, 7.237, -1.711
H  31.050802492, 7.2958975981, -0.9364627611
H  31.9588211576, 6.4801189297, -2.4198780504
CN  32.5849085588, 8.3410739382, -1.7600403969
H  33.4093090378, 8.4829143123, -2.4713319031
H  32.3069601271, 9.1552760388, -1.0444724899
