CN  0.095, 0.181, -0.217
H  1.1365451533, 0.2272766646, 0.0592759059
H  -0.0823536205, -0.2621368284, -1.1867555792
CN  -0.8929815487, 0.7323273293, 0.5922306104
H  -1.9192926743, 0.7670640838, 0.3270590008
H  -0.6073213178, 1.153650581, 1.5699073437
CP  3.622, 0.965, -0.383
H  3.8275225481, 1.6794676585, 0.348784976
H  3.3892355739, 1.2611161406, -1.3939410482
CP  3.8203053607, -0.3291951072, -0.1916066704
H  3.4819331393, -1.0581117504, -0.940409563
H  3.9297556537, -0.6586045104, 0.8471738141
CN  7.149, 1.749, -0.549
H  6.4279611768, 2.3384498564, 0.0437428443
H  7.6588314256, 2.1952440648, -1.3917594731
CN  7.4853395097, 0.5158991627, -0.2432502502
H  8.1513969536, -0.0749968965, -0.8636010817
H  7.026449777, 0.0349980575, 0.6248149687
CN  10.676, 2.533, -0.715
H  10.7627364625, 1.6675285701, -0.0777822606
H  10.7329441708, 2.430626746, -1.7678736407
CN  10.3729929054, 3.6469063273, -0.0743793509
H  10.1188135897, 4.5431406889, -0.6345490166
H  10.3140210051, 3.6101112336, 0.9976083275
CN  14.203, 3.317, -0.881
H  14.9126166564, 3.0114505861, -1.7083610104
H  13.581076289, 2.5923021952, -0.4264084236
CN  13.9831536151, 4.6130323615, -0.5779134208
H  13.2423242223, 4.8841050433, 0.1987357111
H  14.5590835443, 5.3820814416, -1.1057812162
CN  17.73, 4.101, -1.047
H  17.2945588601, 5.1650955149, -0.9717855398
H  18.0974296447, 3.7255558987, -1.9786320464
CN  17.9576961259, 3.278296717, -0.0356281026
H  18.4756949136, 2.3210040418, -0.1891758975
H  17.5582218935, 3.4927631394, 0.9149791326
CN  21.257, 4.885, -1.213
H  20.5625272713, 4.2611607769, -1.7252037045
H  22.2963273568, 4.5881140527, -1.0913652183
CN  20.837954628, 5.9468203452, -0.4829714255
H  21.5605152821, 6.5317242982, 0.1064958317
H  19.8125858573, 6.2447711597, -0.5487794976
CN  24.784, 5.669, -1.379
H  24.4515962332, 5.7708551196, -2.4420296519
H  25.0245210109, 6.5432171327, -0.7495779083
CN  25.090343489, 4.461015434, -0.9917027802
H  25.4311247612, 4.2837795754, 0.0598694113
H  24.8380516694, 3.6462105732, -1.6484778773
CN  28.311, 6.453, -1.545
H  27.6036900104, 6.56839324, -2.349544222
H  28.7112992226, 7.3843463497, -1.0075487025
CN  28.8879676701, 5.2970173469, -1.2278576127
H  29.6110943656, 5.2908004298, -0.3904240534
H  28.5838636163, 4.367415174, -1.6610740697
CN  31.838, 7.237, -1.711
H  31.0774864468, 6.939108859, -1.055543681
H  31.9862071014, 6.751912891, -2.7424079382
CN  32.5897101869, 8.2935662895, -1.3522724911
H  33.3114264649, 8.6496378224, -2.0577152577
H  32.3185845647, 8.781107954, -0.4086790651
