CN  0.095, 0.181, -0.217
H  0.7803028526, 0.658694973, 0.5338762395
H  -0.9942352976, 0.1266384741, -0.0331993697
CN  0.6021311452, -0.449667762, -1.3416909749
H  -0.126223613, -0.8174453255, -2.0781088396
H  1.5984447754, -0.5359540132, -1.5310138047
CP  3.622, 0.965, -0.383
H  3.2861630167, 2.0381569462, -0.4522978475
H  3.6856664928, 0.3571221271, -1.3102042886
CP  3.8586685735, 0.4289069237, 0.7916851486
H  3.9869431909, -0.6705210532, 0.88563515
H  3.6272776706, 0.9898134957, 1.6982697829
CN  7.149, 1.749, -0.549
H  6.4295722286, 2.535876145, -0.6725268381
H  7.4990127958, 1.3454624647, 0.4231073622
CN  7.5777015188, 1.1445519572, -1.6586218059
H  8.1760359206, 0.2430817279, -1.5317997744
H  7.2366591694, 1.4780364091, -2.6386948875
CN  10.676, 2.533, -0.715
H  10.1582098091, 3.4186670652, -1.1203455335
H  11.0810223038, 1.7334434163, -1.3435119566
CN  10.8285106602, 2.4225948814, 0.6145252205
H  11.3056797047, 1.5160520131, 1.0564076292
H  10.4086500447, 3.1977625554, 1.2426473575
CN  14.203, 3.317, -0.881
H  13.665984198, 2.4781201717, -1.1852488126
H  15.1483270997, 3.1908855807, -0.3729915616
CN  13.8039336244, 4.541075428, -1.1415349956
H  14.5148650368, 5.3316303113, -0.9499043445
H  12.9097360686, 4.7191677058, -1.6941316781
CN  17.73, 4.101, -1.047
H  17.8335063462, 5.1446588194, -0.7397456181
H  17.3390957869, 3.8239088712, -2.0382013884
CN  18.0256037799, 3.1655716693, -0.1661754489
H  17.8333393542, 2.1097011958, -0.3896350327
H  18.3748783671, 3.4322447395, 0.7826135572
CN  21.257, 4.885, -1.213
H  20.8450301194, 4.6507247661, -2.2151302994
H  21.863335541, 4.0722730081, -0.7081798212
CN  21.0491081006, 6.060569024, -0.6337079358
H  21.5412814586, 6.2846310691, 0.2844865109
H  20.5212521796, 6.8305930438, -1.0907598164
CN  24.784, 5.669, -1.379
H  24.9154064303, 5.341419097, -0.3614130495
H  24.5689253696, 6.7310200746, -1.4504043438
CN  24.9572137781, 4.9546099801, -2.4487733295
H  24.7204302961, 5.3311907339, -3.4165935034
H  25.2092430366, 3.927436134, -2.3798760632
CN  28.311, 6.453, -1.545
H  28.3096441669, 5.8837352302, -0.632099969
H  28.452542307, 5.9483917814, -2.5310226009
CN  28.0745727457, 7.755527944, -1.5286778053
H  28.0691192309, 8.3070491789, -2.4489697017
H  27.8001583664, 8.2569281242, -0.553441814
CN  31.838, 7.237, -1.711
H  32.0802419162, 6.612172757, -0.8577498192
H  31.4124268117, 6.8989966346, -2.6451574549
CN  32.1481037805, 8.5133755583, -1.6686562986
H  31.8434987914, 9.1043858683, -2.4730266055
H  32.6814625121, 8.9130116627, -0.8237860826
