CN  0.095, 0.181, -0.217
H  0.6576218469, 0.0274905576, -1.1182311194
H  0.5022170058, 0.3786763879, 0.8087073826
CN  -1.3051819542, 0.2616285312, -0.2975833996
H  -1.8456189658, 0.4469843981, 0.6297996515
H  -1.8103738539, 0.1765612817, -1.1863485927
CP  3.622, 0.965, -0.383
H  4.2481796819, 1.4346664983, 0.4058662493
H  2.9778234206, 0.0807437089, -0.1540746041
CP  3.5830833446, 1.5927924839, -1.5059654455
H  2.9396054464, 1.2281302097, -2.3140289077
H  4.1790232819, 2.4632466944, -1.653784247
CN  7.149, 1.749, -0.549
H  6.663546988, 2.6695918859, -0.2690524916
H  7.1781057716, 1.4559555243, -1.6091187661
CN  7.7806272883, 1.073470642, 0.3609858753
H  8.4118030111, 0.2411080774, 0.0489290059
H  7.9001564731, 1.4301236815, 1.3922237158
CN  10.676, 2.533, -0.715
H  11.0404465425, 3.3418241665, -0.1046934322
H  10.5689757208, 1.5363246809, -0.2765437356
CN  10.4119809645, 2.7315059634, -2.0053292565
H  10.0339606894, 1.9159013882, -2.6642392603
H  10.505587994, 3.7689048941, -2.39972729
CN  14.203, 3.317, -0.881
H  14.3759906485, 4.0355859925, -0.085772274
H  13.8159069566, 3.6940886086, -1.8429903771
CN  14.2182047871, 2.0109627813, -0.7157496517
H  14.0200930804, 1.4270385383, -1.6161433485
H  14.5086682205, 1.6201465186, 0.2717689445
CN  17.73, 4.101, -1.047
H  18.0894249758, 3.932394916, 0.0224586057
H  17.8114474867, 3.3054463882, -1.7766255579
CN  17.2143326131, 5.2980125889, -1.3445351879
H  16.886604433, 5.636348869, -2.343813441
H  17.2755820352, 6.0656625386, -0.5467829467
CN  21.257, 4.885, -1.213
H  21.2203989191, 4.6410100512, -0.1414648532
H  21.8160761895, 4.197399066, -1.8318127727
CN  20.9007969778, 6.0797314572, -1.6766129765
H  21.1626067318, 6.4250416526, -2.7041480554
H  20.3605670446, 6.7666836353, -1.0154633419
CN  24.784, 5.669, -1.379
H  24.304928781, 5.4169695804, -0.4426896641
H  25.1404986144, 6.6634859221, -1.5296980882
CN  24.9510047023, 4.6915753396, -2.2755421141
H  25.3652087996, 4.9999770007, -3.2667115337
H  24.6906023816, 3.6534683794, -2.0461565632
CN  28.311, 6.453, -1.545
H  28.1865805219, 6.5001932783, -2.6161952725
H  28.4468685055, 7.324478406, -0.9357891714
CN  28.5666228263, 5.3151626444, -0.9155702313
H  28.6913863748, 5.3274658297, 0.1921723326
H  28.6080642035, 4.3775343905, -1.4760997349
CN  31.838, 7.237, -1.711
H  32.004564439, 7.9155401055, -2.5314000645
H  31.3194012739, 6.3233890571, -1.8622744532
CN  32.3753174417, 7.5265914104, -0.5464629279
H  32.1412607939, 6.9508834992, 0.3147585418
H  33.0631598679, 8.3568659877, -0.4320105697
