CN  0.095, 0.181, -0.217
H  0.6688092122, -0.7355424604, -0.4985065734
H  0.3468301626, 0.7867150633, 0.6325940514
CN  -0.9435453226, 0.4142282498, -1.0427721959
H  -1.5741703551, 1.2485768406, -0.7739040389
H  -1.1032375642, -0.2592818691, -1.8611252994
CP  3.622, 0.965, -0.383
H  2.9080532317, 1.254661041, -1.0953063649
H  4.2004888154, 1.7075782511, 0.1462396849
CP  3.674858096, -0.2808876029, -0.0216818731
H  4.2640799916, -0.6225178374, 0.864975163
H  3.1806192638, -1.0914090905, -0.5871466117
CN  7.149, 1.749, -0.549
H  7.2992307721, 2.6541605253, 0.0831037041
H  6.8634511457, 0.7621946144, -0.1904978446
CN  7.274710437, 1.9650591532, -1.8323709779
H  7.0387933209, 1.1563048175, -2.5235407381
H  7.5667797986, 2.981827818, -2.1675354263
CN  10.676, 2.533, -0.715
H  10.5406204158, 3.6048302718, -0.6902552374
H  10.5096755087, 1.9215259658, -1.6076007942
CN  11.0461771671, 1.9830806068, 0.4078991695
H  11.2734716709, 0.9068786017, 0.3689607124
H  11.1993679075, 2.6048936311, 1.2274420994
CN  14.203, 3.317, -0.881
H  14.8082959543, 2.4759540606, -0.8445707699
H  13.6787606014, 3.6182706567, 0.0482620626
CN  13.9920289013, 3.9566953802, -1.9984379853
H  13.2909282656, 4.7879751103, -2.0649618771
H  14.4589399797, 3.6423992099, -2.9551789066
CN  17.73, 4.101, -1.047
H  17.5760635491, 3.947783143, 0.0063969366
H  17.6361087701, 5.1503099219, -1.4231659762
CN  18.0730209947, 3.1207233413, -1.8743917563
H  18.3049397963, 3.2987221407, -2.9299399874
H  18.1150871835, 2.1131303347, -1.5798686616
CN  21.257, 4.885, -1.213
H  20.3295445983, 4.5386271676, -1.6378781307
H  22.1731699423, 4.7064554569, -1.8164948674
CN  21.2345447619, 5.4817231443, -0.0185121754
H  22.10666431, 5.9599117022, 0.4293083359
H  20.3264836396, 5.5151137428, 0.4987521342
CN  24.784, 5.669, -1.379
H  25.339814269, 5.9475290997, -0.4178641197
H  23.9194117935, 6.3256602878, -1.6319494886
CN  25.2066004997, 4.7222052716, -2.2099371419
H  24.5897996331, 4.5610422317, -3.118311075
H  26.0840515909, 4.0616112625, -2.0347743964
CN  28.311, 6.453, -1.545
H  28.5579065132, 7.504208144, -1.2808821017
H  27.9112307643, 6.2035959642, -2.5074819257
CN  28.7021576038, 5.4784877809, -0.6896156691
H  28.5301571335, 4.4672233799, -1.1025794492
H  29.2710323688, 5.7055826081, 0.1768519052
CN  31.838, 7.237, -1.711
H  31.3396026799, 6.3771044135, -2.108129037
H  31.3668487484, 7.8884043637, -0.9446764248
CN  32.9658324301, 7.6947267239, -2.2874164451
H  33.5489092541, 8.5075188907, -1.8561119115
H  33.3927583485, 7.0917560447, -3.1445195287
