CN  0.095, 0.181, -0.217
H  1.164625151, 0.0074899841, -0.1212242344
H  -0.5109957548, -0.5300261271, -0.7730965692
CN  -0.458083376, 1.3634237262, 0.2517949724
H  -1.5949492173, 1.4886898867, 0.1769506411
H  0.1764521134, 2.0737257139, 0.8394246825
CP  3.622, 0.965, -0.383
H  4.4464032874, 0.3984024016, -0.808408991
H  2.8564749951, 1.3812626665, -1.0196468599
CP  3.6808439097, 1.126021436, 0.9273599957
H  2.968264432, 1.7962416727, 1.4152058036
H  4.4834326077, 0.7515371218, 1.5472116059
CN  7.149, 1.749, -0.549
H  7.6769284997, 0.7936409989, -0.6552006939
H  7.1258615222, 2.1255153412, 0.4374387802
CN  6.6769331687, 2.4034949377, -1.5581528864
H  6.2419513841, 3.389095995, -1.3361871674
H  6.6728540204, 2.0828917217, -2.6271293649
CN  10.676, 2.533, -0.715
H  11.4975491156, 3.2247979629, -0.961979616
H  9.8033780782, 2.4370911641, -1.3524980949
CN  10.8379801438, 1.650447591, 0.2551804968
H  10.0444552709, 0.91121679, 0.4466092343
H  11.7266469456, 1.6570233031, 0.8683436968
CN  14.203, 3.317, -0.881
H  14.2771089857, 3.9015773043, -1.8587747435
H  14.0029322859, 3.9400861166, 0.0308368371
CN  14.4813744776, 2.0259977915, -0.757927922
H  14.6289705249, 1.5774736631, 0.238385214
H  14.9061250294, 1.3868153662, -1.6260398213
CN  17.73, 4.101, -1.047
H  18.4921939163, 3.786087486, -1.7029525174
H  17.5335353274, 3.4553378569, -0.2303090128
CN  17.1354154605, 5.2890551079, -1.2046264679
H  16.337236396, 5.5817745045, -0.475807941
H  17.3649031164, 5.9350473952, -2.0530271585
CN  21.257, 4.885, -1.213
H  20.7884722799, 5.680146377, -1.8911920652
H  21.68997667, 5.1509428056, -0.2226816324
CN  21.1924187831, 3.6092220317, -1.5528652254
H  21.686673707, 2.8540254093, -0.9210041801
H  20.6762024739, 3.4057214347, -2.4583191625
CN  24.784, 5.669, -1.379
H  24.5686960116, 5.3800981892, -2.396161075
H  25.116231016, 6.7017106205, -1.1921122833
CN  24.8755602487, 4.7800765476, -0.4518646234
H  25.2379285809, 5.1020661612, 0.5237078803
H  24.6786305409, 3.760471773, -0.5938150062
CN  28.311, 6.453, -1.545
H  28.9991026374, 5.7114447408, -1.9875850386
H  27.6858899781, 6.9836049089, -2.2658360121
CN  28.1172752163, 6.559548884, -0.2279032852
H  27.3905095979, 7.2142658352, 0.2959557074
H  28.7081657531, 5.9393076511, 0.4254293704
CN  31.838, 7.237, -1.711
H  31.5158692008, 6.2672379724, -2.0238077048
H  31.6565147774, 8.1296447441, -2.3210948807
CN  32.4162771875, 7.3149175404, -0.5101537526
H  32.7044278324, 8.3211621146, -0.2090374267
H  32.5572068585, 6.4266014974, 0.0690814954
