CN  0.095, 0.181, -0.217
H  0.5931936938, 1.1686122105, -0.3854577986
H  0.4724864522, -0.7038299347, -0.6151622219
CN  -1.0021373946, 0.1892178404, 0.6217350197
H  -1.4486973866, -0.72368427, 0.797607987
H  -1.4817100037, 1.1433795343, 0.9488041038
CP  3.622, 0.965, -0.383
H  2.831104197, 1.3979942441, 0.1722581445
H  4.1640114943, 1.5963939059, -1.0865126721
CP  3.8495779205, -0.3044365773, -0.2118434586
H  4.6455073572, -0.8356823199, -0.8143313153
H  3.1779074201, -0.8907029291, 0.3984511311
CN  7.149, 1.749, -0.549
H  7.2269563858, 2.5973023368, -1.225279176
H  7.072523581, 0.7271159269, -0.9977473835
CN  6.9388062144, 1.9391745895, 0.7891625549
H  6.7648225712, 1.0813656346, 1.3788968747
H  6.8628082586, 2.9125126463, 1.2512648695
CN  10.676, 2.533, -0.715
H  10.5220119162, 1.8949273416, -1.5127294041
H  11.2750168644, 2.134951303, 0.0973922479
CN  10.2318415156, 3.7652507294, -0.7313257163
H  10.525406083, 4.4159059267, 0.0841514094
H  9.7692572821, 4.1860809661, -1.644967619
CN  14.203, 3.317, -0.881
H  14.6527535884, 2.7191965345, -0.0833344225
H  14.0080667375, 4.4031625094, -0.6835758221
CN  14.0081880322, 2.7059501928, -2.0550407744
H  13.6166842757, 3.2899627486, -2.9052984018
H  14.2846112128, 1.6588377796, -2.2333970482
CN  17.73, 4.101, -1.047
H  18.1629740666, 4.1190013413, -2.049613746
H  17.0674464701, 4.9111078114, -0.7774736378
CN  17.8598960262, 3.0776875587, -0.1894010135
H  17.2864485766, 3.1630749398, 0.7217177833
H  18.4416330896, 2.1916557128, -0.4853217723
CN  21.257, 4.885, -1.213
H  21.4120462417, 4.3416237107, -2.1469308829
H  21.4290813478, 4.3637678355, -0.2560213975
CN  20.9919935308, 6.1720724932, -1.2361664035
H  20.7765587652, 6.6710309907, -0.3074053205
H  20.8025765884, 6.6138910872, -2.1843749506
CN  24.784, 5.669, -1.379
H  24.4951596525, 6.5751197414, -0.8767455978
H  25.0189700922, 5.7633457213, -2.4201474082
CN  24.9486653312, 4.5661157617, -0.6989092474
H  25.2959691862, 3.6337750942, -1.125885387
H  24.660659571, 4.6039736554, 0.3342124089
CN  28.311, 6.453, -1.545
H  28.2814541526, 5.3892693466, -1.5463599865
H  28.3412522442, 6.9209748159, -0.5732186919
CN  28.1178660315, 7.1039669794, -2.672536929
H  27.9627105595, 8.1746784422, -2.6791141637
H  27.9578792139, 6.640358436, -3.5924063209
CN  31.838, 7.237, -1.711
H  30.7918974683, 7.2535874534, -1.4653768443
H  32.2436676864, 6.3410751416, -2.2333911652
CN  32.5345512154, 8.3529360266, -1.6127026334
H  33.6238205776, 8.4544980629, -1.9842517137
H  32.029556716, 9.2843807777, -1.2516467151
