CN  0.095, 0.181, -0.217
H  -0.7531234999, 0.6856453304, 0.2558836257
H  0.926734734, 0.7053646552, -0.6959443073
CN  0.1124876678, -1.2608012328, -0.1916978307
H  0.9027731946, -1.8271982189, -0.6298345591
H  -0.6280224737, -1.7619649446, 0.4782093245
CP  3.622, 0.965, -0.383
H  3.5799336612, 1.6169911659, 0.4673154134
H  3.8165177258, -0.0943990105, -0.2487408159
CP  3.4470667824, 1.4707066995, -1.5787129957
H  3.4005271199, 0.8542778768, -2.4236537254
H  3.3186786835, 2.5906343031, -1.7605962592
CN  7.149, 1.749, -0.549
H  7.1952184147, 1.2460779121, 0.3907337946
H  7.1263788448, 1.2056638916, -1.4952702789
CN  7.1046002384, 3.0642252335, -0.5711967705
H  7.0699069717, 3.6424004939, -1.4987532324
H  7.1443052841, 3.6691568353, 0.3673860028
CN  10.676, 2.533, -0.715
H  11.1031633776, 3.2609064297, 0.0629485958
H  10.2189332742, 1.6175336109, -0.3499151098
CN  10.6329870044, 2.7585113724, -2.0317490512
H  10.2867393237, 2.0124161198, -2.6764518723
H  10.8875372378, 3.721151865, -2.4707863088
CN  14.203, 3.317, -0.881
H  14.4074800324, 3.507002071, -1.8841096185
H  13.797271301, 4.0936359169, -0.2270544925
CN  14.5278349247, 2.1381882228, -0.3573399296
H  14.3797684256, 2.0378668386, 0.698745541
H  15.0393910027, 1.4052032486, -0.9649530929
CN  17.73, 4.101, -1.047
H  17.789031019, 3.0325452909, -0.8167414837
H  17.8201709106, 4.3714063196, -2.1210480326
CN  17.4574112316, 5.0252435333, -0.1598322976
H  17.3473136222, 6.0850320818, -0.4434593608
H  17.3014838828, 4.7807906854, 0.9010788707
CN  21.257, 4.885, -1.213
H  20.890110811, 3.9100452115, -0.8033436052
H  21.562494314, 4.8936779504, -2.2127734472
CN  21.2875803016, 5.9806554278, -0.4435505422
H  21.6742494434, 6.9485671967, -0.8351247356
H  21.0739871601, 5.9458040432, 0.619484831
CN  24.784, 5.669, -1.379
H  24.3445503897, 5.8031134089, -2.3687237817
H  25.0120658597, 6.5598516881, -0.805485789
CN  24.9833958192, 4.4702660273, -0.8219424778
H  25.3922678639, 4.4102890048, 0.1958366966
H  24.7515259202, 3.502540936, -1.2637545551
CN  28.311, 6.453, -1.545
H  28.1540205834, 5.4593671591, -2.0101545225
H  28.2570609685, 6.6483138781, -0.4756459119
CN  28.6036657337, 7.443622089, -2.3822603921
H  28.7643415972, 8.3728484224, -1.9415238748
H  28.6190359695, 7.3755634051, -3.4409965514
CN  31.838, 7.237, -1.711
H  32.0237839691, 6.1461177323, -1.5696153323
H  31.2452672527, 7.6406431289, -2.5734026883
CN  32.2378672339, 7.91339476, -0.6588455697
H  31.9458493717, 8.9709636325, -0.5341566018
H  32.5849241351, 7.3535334408, 0.2040282562
