CN  0.0, 0.0, 0.0
H  -0.0001534804, 0.0008114283, 0.0001600575
H  0.0004280658, -0.0007700905, -0.0010015664
CN  -2.45735e-05, -0.0001539458, -0.0002639796
H  -0.0004063236, 0.0009184091, 0.0005994203
H  -0.0005616635, -0.0008265271, 0.0003240273
CP  0.0, 0.0, 0.0
H  0.0001475211, -0.0001471091, -0.0002189585
H  0.0004011214, -0.001115002, 0.0002318504
CP  -0.000141357, 0.0001361428, -7.16878e-05
H  -0.0004382288, -9.28768e-05, -0.0009234404
H  -0.00075374, -0.0001756872, 0.0002380828
CN  0.0, 0.0, 0.0
H  0.0003071085, -0.0005471315, 0.0009574269
H  -4.45839e-05, -0.0002064139, 0.0007130631
CN  0.0001458667, 0.0001922814, 0.0001326414
H  0.0001695921, -0.0001837822, 0.0001809596
H  -8.86897e-05, -0.0003528258, -0.0003562568
CN  0.0, 0.0, 0.0
H  -0.0002430227, 0.0002535226, 0.0001047287
H  0.0002005337, 0.0003042379, -0.0009104348
CN  7.11909e-05, -1.96865e-05, 0.0003136628
H  0.0004728225, -0.0005991913, 5.83672e-05
H  -0.0006033509, -0.0003549945, 0.0003043553
CN  0.0, 0.0, 0.0
H  5.7669e-06, -0.000511884, 0.0009543024
H  0.0010596185, 0.0001903933, -0.0001909414
CN  0.0002817779, -0.0002027245, -0.0002186427
H  -3.54963e-05, -0.0002541548, -0.0006683579
H  0.0009734291, 0.0003464217, 0.0007345068
CN  0.0, 0.0, 0.0
H  0.0007780093, 0.0001484886, 0.0002829455
H  -0.0005811319, 0.0005166077, -0.0009517403
CN  7.67348e-05, -2.76012e-05, -8.3833e-05
H  -0.0010904382, -7.64193e-05, 0.0006384506
H  -0.0002737927, -0.0002131052, -0.0007335946
CN  0.0, 0.0, 0.0
H  1.18098e-05, 0.0007399005, 0.0004844193
H  -0.0009018872, 0.0003165722, -0.0005277218
CN  -9.96151e-05, -0.0001105538, -0.0002653422
H  -0.0001081436, 0.0002703384, -0.0003459351
H  0.0003272522, -0.0004353645, -0.0004255752
CN  0.0, 0.0, 0.0
H  0.0002787784, -0.0004358771, -0.0009133133
H  -0.0007255473, -0.0008051362, 0.0009716856
CN  0.00010802, -0.0001350136, -0.0001404726
H  -0.0004473264, 7.45837e-05, 0.0007471606
H  3.1933e-05, 0.0004038402, -0.0003220467
CN  0.0, 0.0, 0.0
H  0.0002081437, -0.0002891565, 0.000159645
H  -0.0004432522, 6.96016e-05, -0.0005287402
CN  0.0002131604, -0.0001688436, -5.2377e-06
H  0.0002212463, -0.0004464456, 0.0001395433
H  0.0006841593, -3.64125e-05, 0.0007922213
CN  0.0, 0.0, 0.0
H  -0.0004298619, -0.0011277896, -4.87263e-05
H  0.0003692363, 0.0007147321, -0.000472162
CN  0.0001292629, 6.71207e-05, -0.0001388813
H  0.0005968975, 0.0008833921, 0.0009840282
H  -0.0001962568, -4.26987e-05, -0.0001671329
