CN  0.0, 0.0, 0.0
H  -0.0006931663, 0.0006450442, -0.0002217492
H  0.0006742864, -0.0011857863, 0.000129029
CN  1.08595e-05, -0.0002025897, 5.83185e-05
H  -3.1218e-06, -0.0013780925, -0.0002187187
H  -0.0010810532, 0.0008431226, -0.0001277644
CP  0.0, 0.0, 0.0
H  -0.0005266385, -0.0002262028, -0.0010107067
H  -0.0005682078, -0.0005549125, -6.79618e-05
CP  -0.0001913108, -0.0002006113, -2.15676e-05
H  -0.0002461924, -0.0001454568, 0.0008288895
H  0.0003045939, 0.0001746887, -0.0001197681
CN  0.0, 0.0, 0.0
H  -0.0002319998, -0.0002843893, -0.0003797174
H  1.18599e-05, -0.0001019269, -5.24481e-05
CN  3.74491e-05, 6.8037e-06, 6.10513e-05
H  -0.0007464941, 0.0005036765, 0.0007873993
H  -0.0003378734, -0.0004557978, -0.0003254075
CN  0.0, 0.0, 0.0
H  0.0010175942, -0.0003662049, 0.000272621
H  -0.0002498406, -0.0008274664, 0.0003012404
CN  6.08524e-05, 0.0001783972, 8.64579e-05
H  -0.0005334384, 0.0005452702, -0.0001379359
H  -2.45084e-05, 0.000466092, -0.0006842808
CN  0.0, 0.0, 0.0
H  -0.000532476, -0.0009914283, 0.0009466225
H  8.89421e-05, 0.0013909223, -0.0001511667
CN  0.0001526944, 0.0001668146, 0.0001721772
H  0.0005098314, 0.0004142485, 0.0001169695
H  0.0005647245, 9.64166e-05, -0.000367862
CN  0.0, 0.0, 0.0
H  2.6751e-06, 0.0003691278, 0.0009142333
H  0.0004155969, 0.0003618438, 0.0002599841
CN  -6.96066e-05, 0.000120004, -0.0003445885
H  0.0009278779, -0.0002239674, 0.0004713682
H  -0.0003410106, -0.0002643152, -0.0003877089
CN  0.0, 0.0, 0.0
H  0.0003544051, -0.0005692882, -0.0007574189
H  0.0001748201, 0.0003512824, -0.0005016321
CN  -7.03522e-05, 0.0001628225, 7.3526e-05
H  0.0005250698, -0.0001322541, 3.82843e-05
H  -0.0009233246, -0.0004602617, 0.0007281302
CN  0.0, 0.0, 0.0
H  -0.0006513956, 0.0001684281, 0.0007530316
H  8.27209e-05, 1.88453e-05, 1.47144e-05
CN  -6.0774e-05, 0.0001816158, -0.000197338
H  0.0002490519, 0.000833339, -0.0002214504
H  -0.000233568, -6.87859e-05, 0.0008390227
CN  0.0, 0.0, 0.0
H  0.0004212243, -0.0002601758, -0.0012904906
H  0.0008358103, -0.0001991699, -0.0006823935
CN  -0.0001260345, 2.63557e-05, -0.0002949972
H  -7.04983e-05, 0.0006491033, -0.0004216943
H  0.0006660779, -7.78119e-05, 0.0004199127
CN  0.0, 0.0, 0.0
H  -0.0004448461, 0.0002757227, 0.0001245626
H  -0.0011194512, 0.0005017134, -0.0007659172
CN  3.60231e-05, 0.0002583685, 1.9226e-06
H  -0.0002584143, -0.000417462, -0.0011324253
H  4.76466e-05, -0.000190448, 0.0005788977
