CN  0.0, 0.0, 0.0
H  -0.0001977221, 1.8081e-05, 0.0007207469
H  0.0005010848, -0.0006133284, -0.0005908415
CN  -3.37773e-05, -0.0001628146, 2.83673e-05
H  -0.0005387093, -5.03061e-05, -0.000562267
H  5.78325e-05, 6.6863e-06, 0.0002261699
CP  0.0, 0.0, 0.0
H  -0.0003150641, 0.0009842564, -0.0005621013
H  0.0009758025, 0.0011953602, 0.0004239604
CP  9.39202e-05, -0.0001994855, 5.70347e-05
H  0.00043521, 0.0006985837, 0.0003074157
H  0.0009097857, -0.0007988161, 0.0003164157
CN  0.0, 0.0, 0.0
H  -8.78592e-05, 0.0001942341, 0.0002790718
H  -0.0005235929, -0.0005446725, 0.0001735966
CN  1.58523e-05, -0.0002113102, 0.0002734991
H  -0.000353827, 0.0004024602, 0.0007992276
H  0.0001145493, 0.0006545976, -0.0003619937
CN  0.0, 0.0, 0.0
H  -0.0008289534, 0.0001119628, 0.0005900302
H  -0.0006235065, -0.0007651142, 8.05385e-05
CN  0.0003177398, 0.0001351426, -9.90785e-05
H  0.0001986644, 0.0010414298, -0.0006486428
H  -0.0005580597, -0.0004290555, -0.0003675366
CN  0.0, 0.0, 0.0
H  0.0009042893, 3.54973e-05, -0.0008737356
H  -4.45129e-05, 0.0001953129, -7.04828e-05
CN  0.0001133553, -4.11136e-05, -8.12162e-05
H  0.0001033669, 0.0009468936, -0.0001608754
H  -0.0006895698, 0.0004703049, -0.0005458864
CN  0.0, 0.0, 0.0
H  -0.0010228534, -0.0006512237, 0.0005797443
H  -0.0005299411, -0.0012046479, -0.0001036484
CN  -0.0004555521, -8.00657e-05, 0.0001397683
H  -0.0002804085, -0.0016863863, 0.0003439055
H  0.000459456, 0.0002774769, 5.71457e-05
CN  0.0, 0.0, 0.0
H  -0.0013339219, 0.0010188811, -0.0004820731
H  0.0009082538, -0.000116376, -0.0008812136
CN  -8.03208e-05, -4.51465e-05, 2.53949e-05
H  0.0004174611, 7.2312e-05, -0.0002500078
H  -0.0002986601, 6.67699e-05, -7.9199e-06
CN  0.0, 0.0, 0.0
H  -0.0002501139, -0.000200483, -0.0007699945
H  -0.0006129499, -0.0005262779, 6.85953e-05
CN  -0.0001185905, -0.0001755056, -5.7277e-05
H  -0.0006831552, -0.0001366767, -0.0007051913
H  0.0006539876, -0.0006127474, 0.0006290214
CN  0.0, 0.0, 0.0
H  -0.0004878478, 0.0009443178, 0.0003201431
H  6.03074e-05, -3.0844e-05, -0.0001032978
CN  9.96995e-05, -5.2095e-05, 7.99718e-05
H  -0.0005333753, -0.0002352643, -0.0003420881
H  3.80009e-05, -0.0003138746, 0.0012357397
CN  0.0, 0.0, 0.0
H  0.0007361348, 0.0006024125, 4.91525e-05
H  0.0001541545, 0.0004620532, -0.0003120467
CN  -0.0001774732, 1.50876e-05, -0.0001865709
H  -0.0003175902, 0.0001478713, 0.0005021551
H  0.000620383, 0.0003516713, -0.0006901312
