CN  0.0, 0.0, 0.0
H  0.0006128946, 0.0008282631, 0.0002401214
H  0.0003931747, -0.0008223085, -0.0003005372
CN  0.0002872677, 8.90643e-05, -0.000126157
H  -0.0003875111, -1.37023e-05, -0.0003185992
H  -0.0001156054, -0.0002078245, -0.0002120386
CP  0.0, 0.0, 0.0
H  9.31262e-05, 0.0001740098, 0.0001751273
H  0.0003970588, -0.0006485871, -0.0005954484
CP  -0.000123787, -9.20184e-05, 0.0001858627
H  0.000608927, 0.0003114052, -0.0010547743
H  -0.000846024, 0.0004863992, 0.0007098498
CN  0.0, 0.0, 0.0
H  -0.0008337596, -0.000185998, 0.0004974833
H  0.000532582, -0.0002717327, -0.0010519192
CN  -0.0001570947, 0.0003038628, 0.0001515865
H  -9.51156e-05, 0.0001091775, 0.0003468642
H  -0.000190425, 0.0005010314, 0.0012072193
CN  0.0, 0.0, 0.0
H  -0.0003926066, 0.0001242978, -6.95777e-05
H  -0.0004535089, -0.0007612025, 0.0010310059
CN  -0.0002149021, -0.0001188875, 9.97203e-05
H  0.0003633842, -0.0006512383, 0.0001015059
H  -8.33135e-05, 0.0008733444, -0.000376589
CN  0.0, 0.0, 0.0
H  0.0003784615, 0.0001568736, -0.000300938
H  -1.06258e-05, 6.28302e-05, -0.0008390565
CN  2.10151e-05, 0.0004044945, 8.2249e-06
H  -0.000396049, 0.0001788114, 0.0005928175
H  -0.00014469, 0.0017318044, -2.22792e-05
CN  0.0, 0.0, 0.0
H  -0.0001663486, 9.9912e-05, 0.0005176579
H  -0.0010741087, 0.0002676074, -0.0005357933
CN  -0.0002608515, 3.96935e-05, -0.0001058246
H  -0.0009758502, -0.0002724022, 4.96507e-05
H  0.0003815919, -0.0006717795, -0.0004772282
CN  0.0, 0.0, 0.0
H  -0.0001461007, -0.0002906792, -0.0004333916
H  0.0002859107, 0.0002274227, -0.000885553
CN  -0.0001351351, 6.328e-05, 4.50623e-05
H  0.0004471399, -0.0002659467, -0.000386668
H  0.0001391682, 0.0005654425, -0.0012556651
CN  0.0, 0.0, 0.0
H  -0.0001263346, 0.0005008437, 7.02808e-05
H  0.0001233327, 0.0005145574, 0.0001403824
CN  -0.000148194, 2.5162e-05, 0.0001545032
H  0.0017678469, -0.0003101589, 0.0002385914
H  0.0004274011, -0.0004364905, 0.0004916151
CN  0.0, 0.0, 0.0
H  0.0005541762, -7.6892e-06, -3.65659e-05
H  -0.0001893663, 9.21191e-05, 0.0003106482
CN  0.0001747008, 0.0001362863, -0.000307032
H  -0.000397165, 0.0008890062, 0.0001819864
H  -0.0005995108, 0.0006388964, 0.0002389351
CN  0.0, 0.0, 0.0
H  0.0001401237, -0.0006628477, -0.0001944764
H  0.0005035565, 0.0001582822, 0.0007129009
CN  -0.0001056207, 7.4223e-06, 0.0001121252
H  0.0002599257, 0.0006788902, -0.001961855
H  -0.0001760271, -0.0014883741, 0.0005128546
