CN  0.0, 0.0, 0.0
H  0.0006088583, 0.0003062349, 0.0001258074
H  -0.0014195016, -0.0001474125, -0.0004762827
CN  -6.95865e-05, 1.32869e-05, 1.84975e-05
H  0.0002952725, 4.41482e-05, -0.0013243002
H  -8.96411e-05, -0.0001734473, 0.0005437815
CP  0.0, 0.0, 0.0
H  -0.0007689523, 0.0013293239, 0.0004955044
H  0.0001320746, 0.0001463775, 0.0004111524
CP  3.30093e-05, -7.8169e-05, 7.45022e-05
H  2.13705e-05, 0.00014429, -2.1483e-05
H  0.0003582177, -0.0005684653, -0.000574955
CN  0.0, 0.0, 0.0
H  -0.0002583528, 7.03089e-05, -0.0013626921
H  0.0004308123, -0.000289499, 0.0010561072
CN  -9.8344e-05, -0.0001988501, 5.62121e-05
H  0.0003395453, 0.0013892605, -0.0002108243
H  0.0005195444, -0.0002936131, 0.0005911405
CN  0.0, 0.0, 0.0
H  0.0003706121, -0.001222428, -0.0002927984
H  0.0003352955, -0.000333102, 0.00046071
CN  -0.0002025181, -2.483e-06, -0.0002805183
H  -6.67637e-05, 0.0002745129, 0.0006688711
H  -0.0002510399, 0.000370481, -0.0005123596
CN  0.0, 0.0, 0.0
H  0.0008476621, 0.0006742705, 0.0012045812
H  0.000620474, -0.000385278, -0.0007000601
CN  0.0001368482, -0.0001473781, -0.0001495062
H  -0.0006047391, -0.0008694632, -0.0002754992
H  0.0004376321, 2.00604e-05, -0.000934721
CN  0.0, 0.0, 0.0
H  0.0007548415, -0.0003831135, 0.0017069637
H  -6.32062e-05, 0.0001467961, 0.0001867896
CN  0.0001712346, 5.87304e-05, 2.0193e-05
H  -0.0005381173, -0.0001691143, 0.0011267265
H  -0.0007596869, 3.30861e-05, 0.0014677148
CN  0.0, 0.0, 0.0
H  0.000150268, 0.0002550622, -0.0001604636
H  0.0004022015, 0.0003051524, 0.0007866433
CN  0.0001034376, 0.0002184016, 0.0002427753
H  0.0003063515, 0.0011468438, 0.0004496451
H  0.0001257924, -0.0001146581, 0.0004619803
CN  0.0, 0.0, 0.0
H  -0.0001326574, 6.79111e-05, 5.12173e-05
H  0.0002998343, -0.0002350599, 0.0005696215
CN  9.5133e-06, 0.0001912696, 0.0001074566
H  -0.0007716615, 0.0004470322, -0.000331604
H  7.81654e-05, 0.0004337229, 0.0002355548
CN  0.0, 0.0, 0.0
H  0.0003086725, -0.0009866242, 0.0002304558
H  -9.63087e-05, 0.0001635087, -0.0003980245
CN  0.0001438925, 0.0003494552, -0.0001641653
H  0.0006422949, 0.0001862152, 0.000188491
H  1.83011e-05, -0.0003712517, -0.0004591475
CN  0.0, 0.0, 0.0
H  -5.57685e-05, 0.000554603, -0.0001188619
H  -0.0006167771, 0.0002120981, 0.0003281311
CN  0.0001628502, -0.0002197786, -0.0003358396
H  -0.000969958, 0.000659921, -0.0004943406
H  -0.0001421856, 0.0001622208, -0.0003219189
