CN  0.0, 0.0, 0.0
H  0.0004637173, 0.0001470639, 0.001020909
H  -0.0008373474, -0.0005971856, -0.0007247272
CN  0.0001192645, -8.36093e-05, -0.0002462238
H  2.23006e-05, -0.0003436126, 3.76943e-05
H  0.000746035, 0.0012172696, -0.0003207936
CP  0.0, 0.0, 0.0
H  -0.0004458198, -0.0002089393, 0.0003917909
H  -0.000585257, -0.0001026752, -0.0009277627
CP  0.000228406, -0.0003673606, -7.6322e-06
H  2.96653e-05, -0.0002027671, 0.0002285574
H  -0.0004250565, -0.0004453483, -0.0003419267
CN  0.0, 0.0, 0.0
H  -0.0007905988, -0.0004486, -0.0007720153
H  -0.0005705974, -0.0003151129, 0.0003091147
CN  0.0001891439, 7.7477e-05, 5.35169e-05
H  0.0001322989, 0.000142091, 0.0007930748
H  -0.0001815043, 0.0011292674, -0.0001822608
CN  0.0, 0.0, 0.0
H  0.0010236597, 0.0019509297, -0.0006603688
H  0.0008388979, 0.0005389691, -9.29552e-05
CN  0.0001070116, 0.0001276248, -8.83287e-05
H  0.0009749994, 1.29473e-05, -0.0004833267
H  -0.0001662505, 4.6703e-05, -9.61819e-05
CN  0.0, 0.0, 0.0
H  0.0016761046, -0.0007020697, 0.0002333088
H  0.0002759619, 0.0003001906, 0.0001653667
CN  0.0002340072, -9.5872e-06, -0.0002790588
H  -0.0012483658, 0.000248419, -0.0004184532
H  0.0012340205, -0.0002888696, 0.0009693046
CN  0.0, 0.0, 0.0
H  -8.61965e-05, 0.0007447794, 0.0003418099
H  0.0006317211, -0.0001912452, 0.0005300825
CN  2.0116e-05, -0.0001906098, -0.0001802553
H  0.0005578756, -0.0002811055, -0.0006300281
H  -0.0003569361, -0.0001671764, -0.0002123279
CN  0.0, 0.0, 0.0
H  0.0001307003, -0.0001873075, 0.0003134955
H  0.0004226082, 0.0004014882, 0.0004015531
CN  -0.0002288993, -3.7737e-05, -2.29991e-05
H  -0.0003121238, -0.000813463, -0.0003576963
H  -0.0005757273, -7.55554e-05, 0.0009612683
CN  0.0, 0.0, 0.0
H  6.888e-06, 0.0010449415, 0.0005247745
H  0.0008020141, 0.000416979, 0.0001400973
CN  -6.47431e-05, 0.0001965985, -1.84418e-05
H  0.0006989772, 0.0007971706, -0.0003983209
H  -0.0015335593, 0.0003410311, -0.0009807979
CN  0.0, 0.0, 0.0
H  0.0004895921, 0.0002643714, 0.0007121491
H  -0.0006018095, -0.0003871008, 0.001164259
CN  9.6313e-06, 0.000200721, -5.40749e-05
H  0.0003211019, -0.0005319255, 0.0001576777
H  -0.000620786, -8.2828e-06, -0.0002093047
CN  0.0, 0.0, 0.0
H  -8.32513e-05, 0.0004067885, -0.000182173
H  0.000633318, -0.0010639355, -0.00040803
CN  -4.70804e-05, 8.65425e-05, 0.0003374787
H  0.0004037158, 0.0009457796, 4.23971e-05
H  -9.8644e-06, -0.0003085639, 0.0008211023
