CN  0.0, 0.0, 0.0
H  0.0001353653, 0.0001046106, -0.0006544466
H  0.0005049305, -0.0002045594, -0.0004521763
CN  -0.0002832317, 4.57042e-05, 0.0003164497
H  -0.0009154504, 0.000204627, -0.0001258512
H  -0.0003307362, -0.0017253156, -0.0003728317
CP  0.0, 0.0, 0.0
H  -0.001450075, 8.02374e-05, -3.1521e-05
H  0.0004275284, -9.44429e-05, 0.0002297045
CP  0.0003471347, -0.0003293857, -2.40043e-05
H  0.0003901621, -0.0001495662, 0.0004709863
H  -0.0001801341, 8.73969e-05, -0.0001430508
CN  0.0, 0.0, 0.0
H  -0.0012653409, 0.0004485407, -0.0001304813
H  -0.0003628992, 0.0010368997, 0.000365712
CN  -0.0001338422, -9.9098e-05, 0.0002247956
H  6.72116e-05, 6.14299e-05, 0.0005085215
H  0.0004720397, 3.9002e-06, 0.0006207867
CN  0.0, 0.0, 0.0
H  -0.0001307153, 0.000737603, 0.0003887321
H  0.0008600142, -0.0004543172, -0.0002931033
CN  -0.0001827116, -0.000131167, 3.70577e-05
H  -0.000614143, -0.0001119325, -0.0001584462
H  0.0007646353, -0.0003577565, 4.66786e-05
CN  0.0, 0.0, 0.0
H  0.0002216151, -0.0011693732, 1.24027e-05
H  0.000666384, 3.33894e-05, -0.0009293172
CN  1.85421e-05, 0.0004025305, -0.0003415977
H  -0.0002735921, -0.0009129271, -7.0499e-05
H  0.0005450883, -0.0003381977, 0.0003687839
CN  0.0, 0.0, 0.0
H  0.0010556268, 0.0004310047, 0.0007875405
H  -0.0005479178, -0.0004072663, -0.0002485219
CN  5.68129e-05, 0.0001075641, 1.85608e-05
H  0.0003335595, -0.0006410299, 0.0002946825
H  0.0005834261, -0.000234762, -0.0002501131
CN  0.0, 0.0, 0.0
H  -0.0006392572, -0.0001477759, 0.0002338918
H  0.0005411152, -0.0002799998, 0.0002861447
CN  -0.0001590647, -0.0002692066, 3.58133e-05
H  0.000344657, -0.0003010391, -1.7354e-05
H  0.0005199989, 0.0003040834, -0.0005081162
CN  0.0, 0.0, 0.0
H  -0.0001715691, 0.0006130419, -0.0003010692
H  0.0007181778, -0.0001083404, -0.0010475447
CN  -5.18472e-05, -7.2495e-06, 1.17565e-05
H  -0.000879969, -0.0003241563, -0.000815449
H  0.0001292623, -0.0004051609, 0.0002870646
CN  0.0, 0.0, 0.0
H  -8.6494e-06, -0.0001522489, -1.68785e-05
H  -0.0003036341, 0.0002068979, -0.0003378223
CN  -3.11978e-05, -7.42676e-05, -9.82865e-05
H  0.0008084404, 0.0003455288, 0.0007663412
H  0.0003653637, 0.0001079197, -0.0005089522
CN  0.0, 0.0, 0.0
H  0.0007813081, 0.0004290614, 0.0005516705
H  -0.00020059, 0.0002132941, -0.0002059901
CN  0.0002233481, -0.0001155016, -0.0001903911
H  -0.0001754758, 0.0004615352, -0.001020515
H  0.0004223809, 0.0005594765, -0.0002999288
