CN  0.0, 0.0, 0.0
H  0.0010356026, 0.0005933555, -0.0005072022
H  -2.70058e-05, -0.00024724, -0.0005727818
CN  -0.0001942103, -4.44092e-05, -0.0002059062
H  -0.000952141, -7.70756e-05, -7.76742e-05
H  0.0012700101, 0.0009192669, -0.000447033
CP  0.0, 0.0, 0.0
H  -0.0001891926, -0.0001279897, 0.0006661387
H  -0.0003813248, 6.19761e-05, -0.0004852999
CP  -4.42947e-05, -0.0004891282, 0.0001243652
H  0.00033141, 0.0003802994, 0.0005531704
H  0.0013584909, -2.04765e-05, 0.0003814061
CN  0.0, 0.0, 0.0
H  0.0005487427, -7.65622e-05, 0.0003897303
H  0.0001602769, 0.0001558495, -1.59698e-05
CN  -0.0002672473, 7.85691e-05, -2.968e-07
H  -0.0002535188, 0.0007553448, 0.000135765
H  0.0005754922, 0.0001754353, -0.0003783536
CN  0.0, 0.0, 0.0
H  0.0010717536, 0.0012261819, 0.0008559511
H  0.0004046354, -0.000601629, 0.0001318857
CN  -0.0001752058, -3.45253e-05, 0.0001208566
H  -0.0005752287, 3.95978e-05, -0.000123603
H  -0.0001809493, -0.0007269064, -0.0001128617
CN  0.0, 0.0, 0.0
H  -0.000508275, -0.0001363307, -0.0001782587
H  0.0002316832, 0.0004116698, -0.0011117197
CN  2.08178e-05, -0.0001592321, -0.0002008957
H  0.00049218, 5.862e-05, -0.0004762455
H  0.0008653649, 0.0005192805, 3.47748e-05
CN  0.0, 0.0, 0.0
H  -0.0007334806, 0.0015455785, -0.0013463834
H  -0.0007353535, -2.20645e-05, 0.000128055
CN  3.36615e-05, 2.25695e-05, 5.4481e-05
H  0.0005627997, 0.0009813808, -0.0004563208
H  0.0010137828, -0.000435021, 0.0006236647
CN  0.0, 0.0, 0.0
H  0.0010499042, 0.00068527, -0.0002702658
H  0.0002999925, 3.64543e-05, -0.0002380276
CN  -0.0001090443, 0.0003217114, 2.49056e-05
H  -9.64459e-05, -0.0002302914, -0.0004664521
H  -0.0001324285, 0.0003573377, 0.0007683463
CN  0.0, 0.0, 0.0
H  -0.0004058059, -0.0007715178, -0.0002755793
H  6.60506e-05, -0.0002515497, 0.0003969429
CN  -0.0001334827, 9.02208e-05, -0.0001259829
H  0.0002965904, -0.000219132, -0.0002814851
H  0.0002193186, -8.70864e-05, 0.0003054119
CN  0.0, 0.0, 0.0
H  -0.0004052199, 0.0012475258, 0.0004961925
H  -0.0010549392, -0.0004369984, 0.0006205057
CN  -0.000146905, -0.0001779037, -0.0002740273
H  0.0004230845, -0.0005354153, 0.0001141322
H  -0.0002197891, 0.0001592992, 0.0015906084
CN  0.0, 0.0, 0.0
H  0.0006660938, -0.0007978592, -0.0001980537
H  -0.0003921398, 9.11876e-05, 0.0002480521
CN  0.0002105043, 0.0001897709, 0.0002656537
H  -0.0001941642, 0.0004151855, 0.0001097941
H  7.10536e-05, 0.000257214, -0.0003911762
