CN  0.0, 0.0, 0.0
H  0.0004662116, 0.0002685368, 0.0002208099
H  -0.0002447491, -0.0005807734, -0.0005693771
CN  6.18657e-05, -7.4488e-05, -0.000238426
H  0.0009776867, 0.0007831644, -0.000536176
H  2.33589e-05, 0.0007484454, -0.0007076773
CP  0.0, 0.0, 0.0
H  0.0004505852, 0.0008798413, 0.0004154493
H  -0.0005912955, -0.0003272859, -0.0006523376
CP  -0.0001460647, 7.4001e-06, 0.0001662629
H  -3.00826e-05, 0.0004025369, -0.0006078126
H  -0.0011981998, 0.0001530423, -6.2925e-06
CN  0.0, 0.0, 0.0
H  0.0003666325, 0.0003636571, -0.0006639015
H  0.0007584324, 0.0005474606, -6.87284e-05
CN  4.98992e-05, -0.0001532773, 9.37289e-05
H  -0.000183086, 0.0006741026, 0.0004730231
H  -0.0001622063, -0.0004373562, -0.0007508649
CN  0.0, 0.0, 0.0
H  0.000575221, -0.0007894018, 0.0006454422
H  -3.81419e-05, -0.0003874734, 6.96808e-05
CN  0.0001027117, -0.0003123147, -6.27985e-05
H  0.0003218727, 0.0006673807, -0.0004702871
H  -0.0004325702, -8.45609e-05, -0.0001726897
CN  0.0, 0.0, 0.0
H  0.0007315722, 0.0001290865, 0.0002957548
H  0.0014770984, -6.85339e-05, -0.0003240312
CN  -0.0001090314, 5.87015e-05, -0.0003043763
H  0.0005801068, 0.0003691475, 1.50551e-05
H  0.0004493195, 0.0003889534, -0.0007320349
CN  0.0, 0.0, 0.0
H  0.0010809509, 0.0002539562, 0.0001848914
H  -0.0008003404, 0.000189624, 0.0008496626
CN  -1.26603e-05, -0.0003062002, -9.91148e-05
H  -0.0001566701, 0.0003035565, 0.0010076081
H  -0.0003313476, -0.0005168673, 0.0003887135
CN  0.0, 0.0, 0.0
H  -0.000337142, -7.18179e-05, 1.3558e-05
H  0.0004151333, 0.0003485752, 8.58288e-05
CN  7.32733e-05, 0.0001561264, -0.0002174124
H  -0.0004136707, 0.0005771724, 0.0006699062
H  -0.0005822616, 0.0004808323, -0.0006010623
CN  0.0, 0.0, 0.0
H  -0.0006030712, 0.0003270066, 8.40024e-05
H  -6.01442e-05, 0.0001061665, -0.0002664933
CN  -0.0001670812, -7.11326e-05, 0.0001659221
H  0.0005751561, -4.09878e-05, 0.0005787964
H  0.0003730647, -3.31318e-05, 0.0008640216
CN  0.0, 0.0, 0.0
H  -0.0007384031, 4.75173e-05, 0.0009632984
H  -0.0004993566, 0.000612923, 0.0003003871
CN  0.0002700102, -0.000106213, 0.0001013023
H  -0.0003322933, 0.0002303808, -0.0003824006
H  -0.0004379165, 0.000393931, 0.0008544859
CN  0.0, 0.0, 0.0
H  -0.0006467779, -4.97512e-05, 0.0003482575
H  -0.0007043534, 0.0001325299, 0.0009562947
CN  -0.0001637893, -0.0003833195, -0.0002003891
H  -4.95466e-05, -0.0002186917, -0.0009575087
H  -0.0002241038, -5.92283e-05, -0.0004985788
