CN  0.0, 0.0, 0.0
H  0.000293144, 0.0004424941, 0.0005200366
H  -0.0004165354, -0.0010898795, -0.0005910479
CN  0.0005078093, -5.99945e-05, 1.08981e-05
H  -0.0006424153, 0.0004233767, 0.0002632321
H  -8.42269e-05, 0.0007299323, -0.0011136318
CP  0.0, 0.0, 0.0
H  2.04771e-05, 0.0001321666, 3.1479e-05
H  4.73992e-05, -0.000122319, 0.0003141343
CP  -0.0002398192, -5.70125e-05, -5.83394e-05
H  -0.0004619342, 0.0001186732, 0.0004871381
H  0.0008176813, 0.0006035395, -0.0015222612
CN  0.0, 0.0, 0.0
H  -0.000991652, -0.0002398981, 0.0007401264
H  2.47157e-05, -0.0008755703, -0.0002274073
CN  -0.0001190557, 1.5981e-05, 0.0003863259
H  0.0008458237, 3.66157e-05, 0.0003519824
H  -8.80179e-05, 0.0007529664, 0.0007847147
CN  0.0, 0.0, 0.0
H  0.0008347645, 0.0001300965, -5.33622e-05
H  -0.0002363874, 0.0007883989, -0.0008192828
CN  -0.0001183944, -0.000135755, -2.97774e-05
H  -0.0002238358, -0.0002109231, -0.0003565468
H  -6.69255e-05, 0.0001575093, 0.0001774447
CN  0.0, 0.0, 0.0
H  -0.0005152056, 0.0007932825, -0.0015343901
H  -0.000354717, -0.0007747652, 0.0009308951
CN  -7.28712e-05, -9.89163e-05, 8.46003e-05
H  0.0002945246, -0.0008097817, 0.0006467053
H  -0.00100453, 0.0002803878, -0.0006555861
CN  0.0, 0.0, 0.0
H  0.0005171076, 5.71622e-05, 0.0001875243
H  -0.0011080176, -0.0007440228, -0.0007014679
CN  7.66405e-05, 4.33259e-05, 0.0001048969
H  0.0003340863, 3.26339e-05, -0.0007329132
H  -0.000374977, -0.000197809, -0.0010462558
CN  0.0, 0.0, 0.0
H  -0.0007472155, -0.0002945847, 0.0008726282
H  -0.0005449946, -8.34711e-05, 0.0005523163
CN  -0.0001238254, 0.0001776608, -6.5571e-05
H  -0.0002835851, 0.0007189912, -0.0002103448
H  -0.0004010663, -0.0013854179, -0.0005971839
CN  0.0, 0.0, 0.0
H  0.0006808178, -0.0004645029, 0.0001055002
H  -0.0007897953, 0.0005156459, 0.0002119603
CN  8.79125e-05, 0.000215685, 7.53427e-05
H  5.84491e-05, 0.0002480992, -0.0001598584
H  5.01012e-05, -0.0004461827, 0.0006884576
CN  0.0, 0.0, 0.0
H  0.0006815356, 0.0003136979, -0.0003689472
H  -0.0006246961, 0.0007898491, -0.0006712235
CN  -0.0002223611, 2.46816e-05, 3.48518e-05
H  0.0004486265, 0.0006745067, -0.0003282831
H  7.97802e-05, -0.0001076199, 0.0003520766
CN  0.0, 0.0, 0.0
H  -0.0009420171, -0.0002540868, 0.000707257
H  0.0007046416, 0.00049046, -2.22049e-05
CN  -7.7844e-05, 0.0001190764, 9.7347e-06
H  -0.0001568967, 0.0008018335, -0.0007699764
H  -0.0003612752, -0.0002437215, 0.000303318
