CN  0.0, 0.0, 0.0
H  1.33621e-05, -3.15505e-05, 4.52346e-05
H  -0.0001739967, 0.0002513757, 0.0002202283
CN  0.0001546686, -9.35617e-05, 0.0002156896
H  0.0003784172, 6.09798e-05, 0.0001302684
H  -0.0006770796, 0.0002983656, -0.0009040191
CP  0.0, 0.0, 0.0
H  -0.0012410285, 0.00037883, 0.0003245921
H  0.000706965, 0.0003470167, -0.0009174311
CP  -0.0002223337, 0.0001161961, 0.0001634982
H  0.0002800973, -0.000200011, -0.0001490298
H  0.0008584195, -0.0006681416, 0.0002596857
CN  0.0, 0.0, 0.0
H  -0.0002062083, 7.07818e-05, 0.0011199834
H  3.19169e-05, 0.0003292796, 0.0004150709
CN  8.92754e-05, -0.0001897907, -0.0003751421
H  -0.0010488525, 0.0001378041, -0.0003023762
H  -0.0004848263, -0.0001496787, -0.0004401814
CN  0.0, 0.0, 0.0
H  -0.0003582429, 1.39493e-05, 0.0004658009
H  -0.0002810623, -9.82102e-05, -0.000780036
CN  -0.0001163654, -3.24591e-05, 9.34996e-05
H  0.0011196883, -0.0003554034, 7.82583e-05
H  0.0005035978, -9.9432e-05, 0.0007962054
CN  0.0, 0.0, 0.0
H  -0.0007802472, 0.0003296203, -0.0009317986
H  2.77375e-05, -0.0006441615, 0.0001746155
CN  -0.0002766408, 0.0002321001, -7.07413e-05
H  0.0006609334, 0.0004016119, 0.0007587778
H  3.71391e-05, 0.0009755183, 0.0004811258
CN  0.0, 0.0, 0.0
H  6.558e-06, -0.0005105681, -0.0008949276
H  0.0011570509, -0.0002354213, 0.0012072771
CN  8.86006e-05, 0.0001145188, 0.0001457017
H  0.0003945382, 0.000114364, -0.0006569176
H  -0.0002380236, -0.0009202618, -0.0001519212
CN  0.0, 0.0, 0.0
H  -0.0003315021, -0.0005331794, 0.0003862811
H  -0.0005697693, -0.0005747257, -0.0006543474
CN  -5.33652e-05, -8.47439e-05, -0.0001177005
H  0.0006487967, 0.0001741705, -0.0011629874
H  -0.0001552174, -0.0007363045, -0.0002587667
CN  0.0, 0.0, 0.0
H  0.0008272191, 0.0002698719, -0.0003290602
H  0.000248975, -0.0003941598, 6.3931e-05
CN  -0.0001720079, -0.0001372663, -9.47121e-05
H  -0.0005746567, 0.0001762886, -5.05089e-05
H  0.0004685592, -0.0005467934, 0.0005492923
CN  0.0, 0.0, 0.0
H  -0.0007481779, -0.0007643586, -0.0010874231
H  -0.0006531532, 7.28389e-05, 0.0004356943
CN  -5.27111e-05, -7.7556e-05, -0.0001523688
H  0.0005033866, -0.0009936612, 0.0001823365
H  0.0007325667, 0.0001969457, 0.0002886331
CN  0.0, 0.0, 0.0
H  -0.0001714816, -0.0007564939, -0.0004976203
H  0.0001567313, -0.0002201933, 0.0001727628
CN  -8.64097e-05, 0.0002718573, -3.71349e-05
H  -0.0003053759, 0.0003607301, 0.0002912501
H  0.0002811925, -3.74688e-05, -0.0005530679
