CN  0.0, 0.0, 0.0
H  0.000755237, -5.42435e-05, -0.0005891898
H  -0.0004966443, 0.0006490591, -0.0001115237
CN  -2.7904e-06, 3.16605e-05, 0.0005545825
H  -0.0006798852, -0.0003930572, 0.0003906757
H  -0.0010135462, -0.0004052146, -0.0011594761
CP  0.0, 0.0, 0.0
H  0.000543326, 0.0004938438, -0.000133946
H  -9.60077e-05, 0.0007959011, 0.0004216196
CP  0.000109013, -0.0001885959, 0.0001199744
H  -0.0003402644, 0.0002949758, 0.0007418374
H  -0.0002537352, 0.0002127721, -2.8419e-05
CN  0.0, 0.0, 0.0
H  -0.0001491369, -0.0005625463, -0.0001278636
H  0.000815444, 0.0004080525, -0.0007880741
CN  -7.20994e-05, -5.0874e-05, -0.0001155689
H  -0.0003228332, -0.0002497796, -0.0002364913
H  0.0006605342, 0.0010338351, -0.0005219403
CN  0.0, 0.0, 0.0
H  -0.0003234578, -1.43031e-05, 0.0001870292
H  -0.0005645028, -0.0009166871, 0.0006262158
CN  -5.1237e-06, -0.0001059185, -3.59464e-05
H  0.0006218183, 8.84474e-05, 0.0006289236
H  -0.0007273643, 0.0007338051, 0.0001566537
CN  0.0, 0.0, 0.0
H  2.17756e-05, 0.0005400307, 0.0004898049
H  0.0003496005, -0.0001952139, 0.0012708482
CN  -0.0002832423, -8.95312e-05, 9.2869e-05
H  0.0009816332, 0.0001608285, 3.6493e-05
H  0.0013404514, 0.0008199181, -0.0001021723
CN  0.0, 0.0, 0.0
H  -0.0006688011, 8.58505e-05, -0.0001012352
H  0.0004205351, 0.0001010524, 0.0002892126
CN  -0.0001523553, 0.000325212, -0.0002835136
H  -0.0007179534, 0.000318735, -0.0003813359
H  0.0004598086, -0.0011919148, 0.0003160519
CN  0.0, 0.0, 0.0
H  -0.0001113089, 0.0007848943, -0.0005678669
H  0.0007126374, 6.45938e-05, -0.0001905047
CN  0.0002531441, 0.0001865063, 3.86699e-05
H  8.14122e-05, 0.0001073258, 0.0001584486
H  -0.0002785867, 0.0002629041, 0.0004454504
CN  0.0, 0.0, 0.0
H  0.0015791593, 0.000159102, 0.0009236639
H  0.0001346169, 0.0001370198, 0.0001778231
CN  0.000358682, 2.05427e-05, 3.01575e-05
H  0.0008231156, -0.0008356173, 0.0007484037
H  -0.0004148828, -0.0002055707, -0.0002879773
CN  0.0, 0.0, 0.0
H  0.0005533861, -3.12309e-05, 0.0008342338
H  -0.0002199841, 0.0009441512, 0.0004954426
CN  -8.82933e-05, -0.0001034036, -4.55031e-05
H  5.4351e-05, 0.0003422543, -0.0002617635
H  0.0001919497, 0.001165089, -0.0001414512
CN  0.0, 0.0, 0.0
H  -6.66077e-05, -0.0006858006, -0.0001101204
H  -0.0002513703, -0.0001013514, 0.0005792995
CN  -0.000266975, -0.0001193123, 9.72758e-05
H  0.0007054213, -0.0004521697, 0.0008176402
H  -0.0001403728, -0.0001004037, -0.0011300638
