CN  0.0, 0.0, 0.0
H  0.0003714234, -0.0002146761, -0.0010639024
H  0.0015324133, -0.0002859608, 0.0001079897
CN  6.12439e-05, -0.0001071993, 0.0002304791
H  -0.0001522689, -0.0008940841, -0.001236597
H  0.0004631876, 0.0002661977, 0.0002580646
CP  0.0, 0.0, 0.0
H  -0.0004321293, -0.0011376949, 0.0006378269
H  0.0005041419, 0.0008690118, 0.0003070447
CP  0.0002182301, -4.00293e-05, 0.000225695
H  -0.0006294289, 0.0008363149, -0.0004751245
H  -0.0003476192, -9.7931e-06, -0.000462858
CN  0.0, 0.0, 0.0
H  0.0004335117, 0.0003202235, 0.0004603226
H  -5.95681e-05, 0.0006570077, 0.0006411508
CN  -0.0003160668, -9.74456e-05, 9.54523e-05
H  -0.0002051359, -0.0007775641, -0.0002404134
H  -0.0004480047, 0.0013828901, 0.0001507639
CN  0.0, 0.0, 0.0
H  0.0008761358, -5.0145e-06, -6.97591e-05
H  7.75773e-05, -0.0005767857, 7.21763e-05
CN  -0.0004335238, -4.02813e-05, -6.43428e-05
H  -0.0002399579, -0.0004962218, 0.0001275288
H  0.0006263096, -0.0007925774, 0.0001346268
CN  0.0, 0.0, 0.0
H  0.0010940643, -0.0004145851, -0.0005654819
H  -0.0003297491, -0.0008159303, -0.0004158014
CN  -0.0002376292, 0.0003463284, -3.50857e-05
H  -0.0005423376, 0.0005387806, -0.0002932483
H  -0.0003664593, -0.0003092173, 0.0010981714
CN  0.0, 0.0, 0.0
H  -0.0005347027, 7.5812e-05, -0.0006494286
H  -0.000793373, -9.33658e-05, 0.0003363438
CN  -5.01683e-05, 5.26798e-05, 0.0001506719
H  0.0001494849, 0.0004806174, -9.38577e-05
H  3.85399e-05, -0.0001952818, -0.0008804703
CN  0.0, 0.0, 0.0
H  8.82694e-05, 0.0004773819, 9.68603e-05
H  -0.0011233838, 9.40214e-05, -0.0006221544
CN  1.556e-05, 1.40995e-05, 3.93204e-05
H  -1.48603e-05, -2.53913e-05, 0.0003103071
H  -0.0012468552, -0.0007058044, -0.0008284665
CN  0.0, 0.0, 0.0
H  -1.18289e-05, -0.0002009646, 0.0001081495
H  0.0006599057, -0.0001150335, -0.000415341
CN  -1.02632e-05, -5.08419e-05, 1.19431e-05
H  0.0006556636, 0.0008774416, 0.0002596051
H  0.0002914779, 0.0010734494, -0.0006729629
CN  0.0, 0.0, 0.0
H  0.0001008102, -0.0002233537, 0.0003649668
H  -0.0006244885, 0.0009364652, -7.30058e-05
CN  0.0001602039, 3.59938e-05, 1.49158e-05
H  -0.0003962283, -0.0008749039, 0.000601581
H  -8.86108e-05, 0.0001407849, 0.0005605968
CN  0.0, 0.0, 0.0
H  0.0003199431, 0.0004732056, 0.0004023498
H  -0.0005365829, -0.0004701671, 4.59602e-05
CN  -0.0001747119, 9.32472e-05, 6.08017e-05
H  0.0001806005, -2.35287e-05, 0.0002543833
H  -0.0011236901, -0.0007999796, -0.0004656984
