CN  0.0, 0.0, 0.0
H  0.0002828551, 0.0003820053, -0.0008464455
H  -0.0011369472, 0.0002265652, 0.000698209
CN  0.0001070778, -0.0003709304, -5.23026e-05
H  7.83114e-05, -0.0002696283, 0.0001685339
H  0.0002956055, 0.0001082864, 0.0017392541
CP  0.0, 0.0, 0.0
H  4.51721e-05, 0.0003626786, 0.0003145236
H  0.0003796151, 0.0001855335, -0.000373516
CP  -8.92107e-05, -0.0001999337, 6.92225e-05
H  -0.0010890218, 0.0002439681, 0.0006618774
H  -0.0003444203, -0.0007476365, -0.0004583052
CN  0.0, 0.0, 0.0
H  8.08396e-05, 0.0003876711, 0.0003832025
H  -0.0005732509, 0.0004450019, -0.000277188
CN  -8.85792e-05, -0.000100665, 0.0002214055
H  7.94336e-05, 0.0001053341, -0.0002319386
H  -0.000530548, 0.0005183539, -0.0001946659
CN  0.0, 0.0, 0.0
H  0.0005531868, 2.55396e-05, 0.0007991017
H  -0.0001852919, 0.0003125788, -0.0001688299
CN  -0.0002954295, 0.0001963246, -1.81842e-05
H  0.0005360524, -0.0004848758, -0.0003258033
H  -0.0015533227, 0.0011492095, 8.90355e-05
CN  0.0, 0.0, 0.0
H  0.0004044644, 0.0007331118, -2.68677e-05
H  -0.0001730761, 0.0001774624, 0.0004530932
CN  5.33141e-05, 0.0001134554, -0.0001483871
H  0.0002838747, -0.0001289382, -0.0005315119
H  -0.0007631122, 0.00073465, 0.0006966133
CN  0.0, 0.0, 0.0
H  -0.0002266096, -2.2762e-06, -0.0010830643
H  -0.0006289869, 0.0006873129, 3.19103e-05
CN  2.19434e-05, 0.0001068849, -4.10079e-05
H  -0.0008480112, -0.0005650718, 0.0003734367
H  0.0004068423, -0.0007939982, 0.0005605025
CN  0.0, 0.0, 0.0
H  8.86504e-05, -0.0002766483, 0.0002659705
H  -0.0008708492, 0.0008198755, -0.0002022017
CN  -3.43778e-05, 1.7811e-06, -0.000160901
H  0.0003023137, -0.0005694672, 0.0006960861
H  -9.9006e-06, 0.0005341069, -0.0003828427
CN  0.0, 0.0, 0.0
H  -0.0004056694, 0.0002664032, 0.0001781508
H  0.0001505332, -0.0001130119, 0.0006046245
CN  -0.0003886971, 9.33285e-05, -9.6515e-05
H  -0.0002894733, 0.0005011008, 0.000249232
H  -0.0009428083, -0.000821257, -0.0009090136
CN  0.0, 0.0, 0.0
H  -8.32713e-05, 0.0010103729, 0.0001408192
H  -0.0003222589, -0.0004306766, 0.0004485866
CN  2.9516e-06, 2.30902e-05, 0.0001720983
H  0.0009397199, 0.0005752002, 0.0014804742
H  -0.000295169, -0.0005553959, 0.0002216291
CN  0.0, 0.0, 0.0
H  0.0005716685, -0.0001281622, 0.0001970693
H  0.0002211948, -0.000241953, 0.0001864763
CN  -0.0003510272, -2.86134e-05, -2.0123e-06
H  -0.0002876256, -0.0005108226, -0.0002006674
H  -4.73774e-05, -1.6965e-06, 0.0004524567
