CN  0.0, 0.0, 0.0
H  0.0006169933, 0.0003168496, 0.0002947394
H  0.0004874846, 0.0003451717, -0.0006541146
CN  1.57297e-05, 0.000211542, 0.0002243866
H  0.0004131232, 0.0011277944, 0.000121012
H  -9.7119e-06, 0.0008560308, -0.0009223506
CP  0.0, 0.0, 0.0
H  0.0005154783, -0.0005645181, -0.0001884581
H  0.0002257175, -5.95734e-05, 0.0010207474
CP  0.0003745675, 0.0003604233, 2.0056e-05
H  -0.0001355674, 0.0010448604, 0.0006546883
H  -0.000394629, -7.78789e-05, 0.0004751064
CN  0.0, 0.0, 0.0
H  0.000847631, 0.0001397861, -0.0002724532
H  0.0004639505, 0.0005447693, 0.000401392
CN  -5.08657e-05, -0.0001255309, -4.33583e-05
H  -9.40927e-05, 0.0001806497, -0.0008346366
H  0.000479946, -0.0002620694, 0.0005805181
CN  0.0, 0.0, 0.0
H  -0.0006707025, 0.0001311685, 0.0007594731
H  -0.0001594103, -0.000207733, -0.0007290991
CN  -0.0001294344, -0.0001924788, 8.09237e-05
H  0.0005095123, 9.36142e-05, 0.000336415
H  0.0002963817, 0.0006195996, -0.000144254
CN  0.0, 0.0, 0.0
H  -0.0011067835, 0.000191742, 0.0003971733
H  0.0001353397, 0.0006490727, -0.0002429579
CN  3.2955e-06, 8.15127e-05, 4.08863e-05
H  2.92907e-05, 0.0002671602, 0.0002556588
H  -0.0004418098, -0.0002131757, 0.0001220294
CN  0.0, 0.0, 0.0
H  0.0006449256, -8.8359e-06, -0.0008546214
H  -9.02435e-05, 6.53684e-05, -8.60879e-05
CN  -5.4309e-05, 8.31212e-05, -0.0003760947
H  0.0006918422, -0.0002382167, 0.0001777189
H  0.0002339894, -0.0005129499, -0.000543291
CN  0.0, 0.0, 0.0
H  2.84982e-05, 0.0003611052, -5.0382e-06
H  -0.0004323586, -0.0002258079, -0.0010608943
CN  -0.0001678844, -6.9365e-05, 9.95334e-05
H  0.000229851, -0.0001745695, 0.0009838601
H  -0.0007681388, 5.4163e-05, 0.0007243626
CN  0.0, 0.0, 0.0
H  -0.0002046051, -0.0009726401, 0.0007904653
H  0.0005945803, -0.0003285851, -6.02507e-05
CN  -0.0002572734, 0.0001184016, 0.0004128972
H  -0.0004236085, 0.000880448, 7.83139e-05
H  -0.0002896545, -0.0001414803, -0.0002170381
CN  0.0, 0.0, 0.0
H  -0.0005906801, 0.0005161842, 0.0001999551
H  -1.42874e-05, 3.98742e-05, -0.0004893266
CN  -0.0001379703, -1.18247e-05, 3.18052e-05
H  0.0004192681, 0.0002312345, -9.46574e-05
H  0.0006840363, -0.0004593826, -0.0002020212
CN  0.0, 0.0, 0.0
H  0.0003069651, -2.02789e-05, -0.0009677228
H  0.0008030512, -0.0006650958, -0.000174212
CN  0.0001624232, 6.05932e-05, 2.51179e-05
H  -0.0001162746, -0.0005996567, 0.0006008673
H  0.0003187633, 0.0002523339, 0.0011065586
