CN  0.0, 0.0, 0.0
H  -1.21057e-05, 0.0001714127, -0.0010127179
H  0.0009382662, -0.0002504779, -0.0002226655
CN  0.0001421575, -0.000269384, -0.0002244349
H  0.0012212763, -0.0006748098, 0.0004154571
H  -0.0003034376, -0.0004013236, 0.0001339327
CP  0.0, 0.0, 0.0
H  0.0003369637, -0.0009571441, 0.0008643407
H  0.0006753531, 0.0007145437, 0.0009759178
CP  0.0001390561, 0.0001933987, 0.0001391538
H  0.0006898808, 0.000621759, 0.0001600845
H  -0.0001060531, 0.0002592552, 4.4936e-05
CN  0.0, 0.0, 0.0
H  -0.0005278565, -0.0001356244, -0.0001792967
H  -0.0009482185, -0.000836136, 2.17638e-05
CN  6.3531e-05, -5.2312e-05, -0.0001471333
H  0.0005259934, -0.0001481725, -0.0003071308
H  -0.0002733297, 0.0002423571, -0.0004781448
CN  0.0, 0.0, 0.0
H  0.0007866562, -0.0001845589, 0.000438694
H  0.000155986, 0.0007612354, -0.0005056169
CN  -0.0003501199, -0.0001178537, 6.5546e-06
H  -0.0001064906, -0.0012301221, -9.71002e-05
H  -0.0001908123, 0.0003994435, 0.0005913866
CN  0.0, 0.0, 0.0
H  0.0007952375, -0.0012664378, 0.0004087269
H  -0.000805844, 0.0002431639, -0.000151345
CN  5.92744e-05, -0.0001294731, -8.34481e-05
H  -0.0002789997, 0.0001736184, 3.11537e-05
H  -0.0006978663, 4.96583e-05, -0.0001167833
CN  0.0, 0.0, 0.0
H  1.1727e-06, -0.0002903307, 0.0002252408
H  -0.0004954522, 0.0003629529, -4.09743e-05
CN  -0.0001559255, 0.0001825757, 0.0001728961
H  0.0005692979, 5.18374e-05, 0.0003493073
H  0.0001943332, -0.0007854924, -0.0010313343
CN  0.0, 0.0, 0.0
H  -0.0001876714, -0.0005634683, 4.2131e-06
H  0.0001992494, 0.0006687457, -9.04652e-05
CN  -1.24373e-05, 0.000244544, 2.62649e-05
H  0.0003593249, -0.0004752453, -0.0003532272
H  -0.0003102171, 0.0006320339, -3.68067e-05
CN  0.0, 0.0, 0.0
H  -0.0002189357, 0.0007656448, 0.0005902447
H  0.000118099, -0.0004642819, 0.0003003531
CN  7.4763e-05, -4.93281e-05, -0.0003591939
H  -2.28624e-05, 9.01992e-05, 0.0001656163
H  0.0007415301, 0.0002518195, -0.000153189
CN  0.0, 0.0, 0.0
H  0.0001103212, 0.0004536301, 0.0001187686
H  0.0001337539, -8.52589e-05, -0.0003642634
CN  -0.0001857401, -0.0001109225, -0.000129596
H  0.0009763001, 0.0002829488, 0.0004385615
H  0.000212526, 0.0002363307, -8.00555e-05
CN  0.0, 0.0, 0.0
H  0.000414842, -0.0001511416, -0.0005939417
H  0.0002670689, 0.0003437102, -0.0004489394
CN  5.46956e-05, -9.8104e-06, -0.0003524828
H  0.0005529864, -0.0003302489, -0.0007273912
H  -0.0011525944, 0.0004534822, 0.0002347091
