CN  0.0, 0.0, 0.0
H  -6.19643e-05, 0.0008951082, 0.0001042744
H  -0.0006705442, -0.0003221701, -0.0004204648
CN  -3.01857e-05, 0.0004130252, -0.0001574021
H  -0.0005781219, -0.0004548112, -0.0002423625
H  0.0010453876, 8.0073e-06, 0.0008362798
CP  0.0, 0.0, 0.0
H  -0.000272087, 0.0014356188, -0.0002791368
H  0.0003495724, -0.0007510951, 0.0002871851
CP  3.98887e-05, -7.20733e-05, -5.3814e-06
H  0.0001283213, 0.0003204603, -0.0001238963
H  -0.0009352655, 4.71502e-05, 3.1308e-05
CN  0.0, 0.0, 0.0
H  0.0005153572, 0.000455889, -0.0007341298
H  0.0006850787, 3.41991e-05, -0.0002326022
CN  -7.89921e-05, -8.93981e-05, -9.07917e-05
H  -0.0003475602, -0.0009298547, 0.0001549611
H  -0.0002144933, -0.0001049443, 0.0006272097
CN  0.0, 0.0, 0.0
H  -0.0001713925, 0.0004076897, -0.0002822438
H  -0.0010894927, 0.0002698025, -0.0010493291
CN  -0.0001433392, -5.3274e-05, 4.78621e-05
H  -0.000802182, -0.0001555327, -6.71796e-05
H  -0.0002771243, 0.0005910919, 0.0008627529
CN  0.0, 0.0, 0.0
H  -0.0006222806, -0.0004211764, -0.0006587597
H  7.09754e-05, 0.0009187492, -0.0004730917
CN  -0.0001667968, 0.0002403205, 0.000108215
H  0.0005084837, -0.0008009745, 0.0002667377
H  -0.0001688097, 0.0002180284, -0.0009657493
CN  0.0, 0.0, 0.0
H  -0.0005409123, -0.0005882968, -0.0008394122
H  -0.0014162322, 8.02028e-05, 0.0005449714
CN  0.0001197668, -0.000163217, 9.37522e-05
H  0.0007425322, -0.0001920348, -7.60688e-05
H  -0.0010516939, -0.0002168481, 6.5006e-05
CN  0.0, 0.0, 0.0
H  0.0002939537, -0.0004299652, -0.000125576
H  0.0001705959, 0.0005433605, -9.55261e-05
CN  7.11901e-05, -0.0003436322, 4.06975e-05
H  0.000508956, 0.0006133183, -7.48348e-05
H  0.0003350126, 8.43636e-05, -0.0004607778
CN  0.0, 0.0, 0.0
H  0.0006466228, 0.0003587339, -0.0002687444
H  -0.0003413896, -0.0003492144, -0.0005334893
CN  -3.78821e-05, 9.5718e-05, -0.0002811583
H  0.0005810985, -0.0007026459, 0.0002270729
H  0.0011266751, -0.0006076088, 0.0004162567
CN  0.0, 0.0, 0.0
H  0.0007735877, -6.36827e-05, -0.0003085305
H  -0.0002405364, 0.0010925475, 0.0007615045
CN  0.0002485566, 0.0001351253, 0.0001619051
H  -0.0001803947, -0.0001567832, -0.0009444268
H  0.0002611439, -0.0005477387, 0.0001381444
CN  0.0, 0.0, 0.0
H  0.0008436004, 0.0001646919, 0.0006645466
H  -0.0006095264, -0.00020609, -0.0007227935
CN  1.34003e-05, -0.00011159, 0.0001495073
H  -0.0007305524, -6.16255e-05, 0.0001289219
H  -0.0004916246, -0.0004851429, 0.0003365683
