CN  0.0, 0.0, 0.0
H  -0.0005912821, -0.0004108671, -7.95643e-05
H  -0.0003963759, -0.0002960824, 0.0002402807
CN  -0.0001309548, -0.0002633966, 4.1958e-05
H  5.75377e-05, 0.000448886, -0.0001543992
H  -0.0003488108, -0.0001290932, 0.0014192542
CP  0.0, 0.0, 0.0
H  0.0009832285, -0.0002438706, -0.0002784722
H  0.0003102166, 0.0011716437, -0.0001359893
CP  2.8994e-05, 0.0001833649, -2.73149e-05
H  0.0003944023, -0.00063129, -0.0002857583
H  -0.0002448367, -0.0010074985, -0.000134836
CN  0.0, 0.0, 0.0
H  -0.0009457162, 0.0001876409, -0.0001041626
H  -3.23972e-05, -0.0001151817, 7.66163e-05
CN  0.0001653855, -0.0001173845, 3.45399e-05
H  -3.08969e-05, -0.0006128214, -0.0005095811
H  0.0002909453, 9.48831e-05, -0.0005843429
CN  0.0, 0.0, 0.0
H  -0.0005669893, 0.0009866042, 0.0003979418
H  -8.7351e-06, 0.0013141231, -0.0008720909
CN  0.0001392967, -0.0001412087, -0.0002623736
H  -0.0001822399, -0.0005775055, 2.11514e-05
H  -0.0001425451, -0.0004644484, 3.30019e-05
CN  0.0, 0.0, 0.0
H  0.000294799, 0.0005334043, -0.001175287
H  -0.0007381267, -0.0008621044, 0.0005403457
CN  3.13817e-05, 1.88746e-05, 0.0001884613
H  -0.0005273979, -2.81141e-05, -0.0006467321
H  0.0007634492, 0.0002613793, 0.0001679017
CN  0.0, 0.0, 0.0
H  -0.0001997704, 4.7034e-06, -0.0002800172
H  -0.0004514226, 0.0002450093, -0.0001768173
CN  2.55978e-05, 8.45259e-05, -1.13492e-05
H  -0.0004199113, -0.0012921887, -0.0007328697
H  0.0008343898, -0.0005991902, 0.0001661601
CN  0.0, 0.0, 0.0
H  0.0001904488, 0.0005128206, -0.0005187523
H  -0.0004438697, -0.0006643338, -0.0002416731
CN  8.13952e-05, -0.0001473979, 0.0001351802
H  0.0007897745, -0.0005166891, -0.000136042
H  -0.0002327476, 6.84765e-05, 5.71733e-05
CN  0.0, 0.0, 0.0
H  -0.0001383802, 0.0001665182, 0.0010008241
H  8.46565e-05, -0.0002828828, 0.000116917
CN  -0.0001305357, 0.0002503645, -0.0001519918
H  -0.000484864, 0.0007568687, 0.000359017
H  -4.93947e-05, -0.0006892495, -0.0008695335
CN  0.0, 0.0, 0.0
H  0.0005388391, 0.0005810685, -0.0003937132
H  -0.0001200658, -4.48733e-05, 0.0009961213
CN  5.71617e-05, 0.0002151631, 0.000232356
H  2.38184e-05, -0.0013282549, 0.0003572788
H  0.0006045724, 0.0006932573, -0.0005924431
CN  0.0, 0.0, 0.0
H  0.0001265551, -0.0007279337, 0.0008307196
H  -0.0006740638, 0.0003058952, -0.0008580704
CN  -9.43247e-05, 0.0003156128, -6.10783e-05
H  0.0013091215, 1.369e-06, 0.0001422728
H  0.0001061226, 7.75743e-05, -0.0005834134
