CN  0.0, 0.0, 0.0
H  -0.0004261084, 0.0004516461, -0.0003105871
H  -4.70894e-05, -5.88735e-05, 0.0003251951
CN  -3.08581e-05, 4.3514e-05, 0.0002187827
H  -0.0003081868, 0.0003801316, 3.30955e-05
H  0.0004670492, -0.0004263123, -0.0003549446
CP  0.0, 0.0, 0.0
H  -0.0010035754, 0.0007365942, 0.0007690807
H  -0.0001065396, -0.0006050256, 0.0005712817
CP  0.0002585405, 7.74954e-05, -6.43634e-05
H  0.0008960956, -1.64523e-05, -0.0006151195
H  -0.0004833701, 0.0008043989, 0.0002598574
CN  0.0, 0.0, 0.0
H  -1.20399e-05, -0.0004893353, -3.05336e-05
H  -0.0004989454, -0.0007959078, 4.6585e-05
CN  -4.90108e-05, 0.0001353073, 3.58143e-05
H  0.000713325, 0.0003334406, -0.0007158945
H  0.0005724848, 0.0002604819, -0.000483205
CN  0.0, 0.0, 0.0
H  6.64802e-05, 0.0005042823, 0.0003773275
H  -0.0008562714, 0.000351664, 0.0001780945
CN  -0.0001758378, -0.0001605588, 4.49553e-05
H  -0.0002208247, -0.0001335169, -0.0012501433
H  0.0002567844, 0.0001834613, -0.0001917321
CN  0.0, 0.0, 0.0
H  6.1969e-06, 0.0010921186, 0.0005006063
H  0.0003429105, 0.0001235076, -0.0009561157
CN  0.0001416714, 0.0001302265, 0.0002326419
H  -0.0003588208, -0.0008819202, 0.0001869202
H  -0.000317629, 0.0001436574, -0.0001220515
CN  0.0, 0.0, 0.0
H  -0.0007893485, -6.95116e-05, 0.0006795696
H  0.0006382747, -0.000250525, -9.5009e-06
CN  -0.0003042642, -0.0002048925, 0.00014121
H  -0.0002419628, 0.0005688056, -0.0002359744
H  -1.88072e-05, -4.78848e-05, 0.0004491157
CN  0.0, 0.0, 0.0
H  7.75524e-05, -0.0002273712, 5.41046e-05
H  0.0003457636, 0.0002596949, -0.0001667662
CN  -0.0002257574, 0.0001876532, 4.73512e-05
H  0.0002215369, 0.0014494352, 0.0005025313
H  -0.0006454032, -0.000575467, 0.0001420074
CN  0.0, 0.0, 0.0
H  -0.0011445473, 0.0001280699, 0.0005072938
H  0.0005633784, -0.0003730866, -0.0003731653
CN  -0.0001728404, -0.0001512332, 6.70347e-05
H  0.0003660458, -0.0003627693, 0.0003193156
H  4.43427e-05, -0.0002293782, -0.0001204932
CN  0.0, 0.0, 0.0
H  0.000351354, -0.0003016065, -0.0004499405
H  -0.0004241088, -1.91439e-05, 0.0006503249
CN  6.06549e-05, 5.65048e-05, -2.6509e-06
H  0.0006842249, -0.0002151664, 1.31364e-05
H  0.0003822226, -0.0014618967, -4.06812e-05
CN  0.0, 0.0, 0.0
H  0.0002691586, -0.0002350894, 5.39447e-05
H  0.0013933224, -0.00015836, -0.0003481581
CN  -4.81314e-05, -0.0004087867, -8.21543e-05
H  -0.0002390218, 0.0006006261, -0.0006352858
H  -0.0003976617, 0.0015235043, -0.0002860914
