CN  0.0, 0.0, 0.0
H  -0.0007798504, 4.5247e-06, 8.53686e-05
H  -0.0004646163, 0.0004245984, 0.0002510407
CN  -0.0001874173, 0.0001061829, -0.0002420476
H  0.0005964134, 0.0003315491, 0.0006746939
H  -0.0008447727, 0.0007623466, -0.0007228721
CP  0.0, 0.0, 0.0
H  -0.0004894006, 0.0002588032, 0.0002252904
H  0.0004512818, 0.000451708, 0.0002087244
CP  -1.3203e-06, -2.8612e-05, -0.0003333241
H  -0.0005685484, 0.0002984003, 0.000367309
H  -0.0004743401, 0.0001703365, 0.0001942727
CN  0.0, 0.0, 0.0
H  -0.000522635, 0.0004551078, 0.000574131
H  0.0004045393, -7.6006e-05, -0.0003234096
CN  9.36606e-05, -0.000155289, 0.0001724196
H  0.0004468768, -0.0003546174, 0.0001311117
H  0.0006880462, -0.0002995546, 0.0003670235
CN  0.0, 0.0, 0.0
H  0.0004765831, 6.25462e-05, -0.0001566274
H  -0.0009897542, -0.0002083434, -0.0002181969
CN  -1.46125e-05, -1.633e-05, -0.0001286449
H  0.0013213779, 0.0005557569, -0.0004214699
H  -0.0009149174, -0.0005822332, 0.0001572861
CN  0.0, 0.0, 0.0
H  0.0007870011, -0.0006830921, 0.0005646706
H  -0.0003133399, -0.0012749812, 0.0003080398
CN  -3.46461e-05, -0.0001952398, 9.44623e-05
H  -0.0009287874, -3.8033e-06, 0.0004724138
H  -6.96222e-05, -0.0006210289, -0.0006649799
CN  0.0, 0.0, 0.0
H  -0.0005250353, 0.0005368221, -0.0007381832
H  2.33208e-05, -0.0005489775, 0.0011429879
CN  4.8649e-05, -4.72192e-05, -2.58793e-05
H  -0.0007828872, -0.000683815, -0.0002446935
H  -2.08766e-05, 9.7803e-05, 0.0005055599
CN  0.0, 0.0, 0.0
H  0.0013028824, 4.8719e-06, -0.0001594887
H  -0.0007882441, -0.0005465753, 2.59414e-05
CN  -3.78256e-05, -0.0001466226, 0.0001524308
H  -0.0001642152, 0.0003094285, -0.0001098492
H  -0.0001325661, -0.0010114798, 0.0006362944
CN  0.0, 0.0, 0.0
H  -0.0001449984, -9.86111e-05, 0.00045915
H  -0.000723921, -0.0003933149, 0.0001735993
CN  2.0085e-05, -1.33821e-05, -8.873e-05
H  0.0001760459, -0.0004622624, 0.0006308033
H  -8.78974e-05, 0.0006169681, -0.0007776659
CN  0.0, 0.0, 0.0
H  -9.35495e-05, -0.0004600198, 0.0001064881
H  0.0004401011, 0.0001229265, -9.59661e-05
CN  -0.0001883077, 0.0001799835, -0.0001055953
H  -0.000561642, -0.0016112883, -0.0004193629
H  0.0001489677, -0.0002413739, -0.0004685475
CN  0.0, 0.0, 0.0
H  -0.0006104785, 0.0008978985, -0.0002081947
H  -0.0003253682, -0.0006350459, -0.000168028
CN  6.69322e-05, 1.1511e-06, 3.27356e-05
H  -0.0003392882, 0.0007095461, 0.000268472
H  0.000706515, 0.0012281445, -0.000221264
