CN  0.0, 0.0, 0.0
H  0.0005293219, 0.0005018023, 0.0005797839
H  0.000262943, 0.0002382964, 0.0003210028
CN  9.39956e-05, 6.7475e-05, 0.0004818824
H  -0.0006800151, -0.0005404673, -0.0002543829
H  0.0002701184, -0.000797638, 0.00148163
CP  0.0, 0.0, 0.0
H  -0.0007101815, -0.0005240993, 0.0002435812
H  0.0003731074, -0.0002619405, 0.0004457194
CP  -5.91978e-05, -9.64206e-05, -4.6452e-06
H  0.0007670341, 1.54898e-05, -0.0009510903
H  -0.0002936861, 0.0008388572, -0.0001552848
CN  0.0, 0.0, 0.0
H  0.0013140908, 0.0009068834, -0.0001645224
H  0.0005209047, -0.0014332621, 0.0007931946
CN  8.06304e-05, -0.0001156327, -9.35288e-05
H  0.0002469859, 0.0001702671, -5.7445e-05
H  0.000147277, 0.0009320882, 0.0005669765
CN  0.0, 0.0, 0.0
H  0.0004825321, 0.0004619015, 0.000294486
H  0.000548832, -0.0007829254, 0.0007833956
CN  -5.667e-05, 7.93391e-05, 7.30915e-05
H  -0.0001381621, -0.000856668, 0.0009819973
H  -0.0009582112, 0.0006312005, -0.0005750704
CN  0.0, 0.0, 0.0
H  0.0007917852, -2.8425e-05, 9.759e-07
H  -0.0001243228, 0.000637825, 0.000328758
CN  0.0002829702, -0.0001834497, -0.0002288024
H  -0.0001942931, 0.0002638805, -0.0011038137
H  0.0003604144, -9.59462e-05, -0.0001720506
CN  0.0, 0.0, 0.0
H  -0.0002625322, 0.000586647, -0.0005050251
H  -0.0003566908, 0.000183728, 0.0005693682
CN  -0.0003565714, -5.80989e-05, 0.0002178967
H  0.0006660321, 0.0002541157, 0.0009591696
H  -0.0006985673, -0.000157337, -0.000719391
CN  0.0, 0.0, 0.0
H  -9.99194e-05, 5.0851e-06, -9.3398e-06
H  -0.0004518446, -9.85295e-05, 0.0005480367
CN  0.0003845245, 8.21565e-05, -0.0002589076
H  0.0014809245, 0.0001255826, -0.001334665
H  0.0007081937, 0.0006264118, 0.000335225
CN  0.0, 0.0, 0.0
H  -0.0006172885, -0.000356365, -0.0004075152
H  -0.0004471736, -0.0003356717, -0.000297178
CN  -6.7064e-06, 0.0002362284, -0.0001084677
H  -0.0003679063, -0.0003670977, 0.000791804
H  -7.5652e-05, 0.0010234271, -0.0004792691
CN  0.0, 0.0, 0.0
H  -0.0001720279, -0.0014132857, 7.77082e-05
H  -0.0001608239, 0.000215508, -8.08979e-05
CN  9.32837e-05, -6.19032e-05, -0.0001854841
H  0.0002130024, 0.0002102784, -0.0004278437
H  0.000350982, 0.0004645551, -0.0002221538
CN  0.0, 0.0, 0.0
H  0.0001222771, -0.000715187, 0.0004560497
H  -0.0001081818, -0.0003167916, -0.0004154591
CN  7.25606e-05, 0.000299443, 6.15748e-05
H  0.0008551277, -0.0006869154, -0.0003803027
H  0.0003175052, -0.0004092605, 0.0004269244
