CN  0.0, 0.0, 0.0
H  -0.0006611114, -0.0003590042, 0.000801876
H  -0.0006381838, 0.0010393851, 0.0001328758
CN  1.95064e-05, -0.0001533627, 0.0002248459
H  0.0006993247, -0.000671258, -0.0008967677
H  0.000107233, -0.0005640078, 0.0007150677
CP  0.0, 0.0, 0.0
H  -0.0006965999, 0.0007503642, -0.0004718724
H  -0.000325255, 0.0005105263, -0.000327993
CP  -1.40621e-05, 0.0002576618, 0.0001718438
H  -1.52617e-05, -0.0011467018, 0.0007722841
H  7.05482e-05, 0.0001381635, 0.0003905952
CN  0.0, 0.0, 0.0
H  0.0005529623, 0.0009822429, -0.0006824246
H  -0.0001311384, -0.0001394077, -0.0003966742
CN  0.0004378266, -9.80535e-05, 0.0002909544
H  0.0002468106, 0.0004945006, 0.0010375171
H  0.000317647, -0.0003763847, -0.000154792
CN  0.0, 0.0, 0.0
H  3.34788e-05, -0.0002636519, 0.0003497315
H  -0.0004300608, 0.0008929774, -0.0001316443
CN  2.08001e-05, -0.0003472301, -0.0001574393
H  5.5239e-06, -0.0014496427, 0.0001167827
H  -0.000822996, 0.0015612694, -0.0005886325
CN  0.0, 0.0, 0.0
H  0.0004937746, -0.0003798991, 0.0002040905
H  0.000186571, -0.0007998459, -0.0007469558
CN  0.0002386851, -8.73983e-05, -0.000165115
H  0.000439907, 0.001099488, 0.0008647659
H  0.0009706873, 0.0007734767, 2.29471e-05
CN  0.0, 0.0, 0.0
H  -0.0006161438, -0.0002050614, 0.000238923
H  0.0003058389, 0.0002261558, 2.4945e-05
CN  0.0002531782, -0.0001299183, -0.000245357
H  0.0004055938, -0.0004294601, 6.1856e-06
H  -0.0004902403, 0.0004379928, 0.0001254724
CN  0.0, 0.0, 0.0
H  -8.99042e-05, 5.9363e-06, 3.60015e-05
H  0.0006512688, -5.89689e-05, -0.0004150398
CN  0.0002001701, -0.0001082986, 7.18897e-05
H  -2.04981e-05, -3.83581e-05, 0.0005247484
H  -0.0001877534, 1.36365e-05, -0.0005207735
CN  0.0, 0.0, 0.0
H  9.74782e-05, -0.0005809066, 0.0003809732
H  0.0006196625, 6.89815e-05, -0.0003322527
CN  0.0002117445, -6.23319e-05, 0.0002701387
H  0.0003406913, -0.0005843873, 5.34493e-05
H  -0.0002091538, 0.0002188918, -0.0002775377
CN  0.0, 0.0, 0.0
H  0.0003889114, -0.0004115166, 0.0011808132
H  -0.0004966955, -0.0004963214, -0.0003118023
CN  -0.000110711, 1.3322e-05, 1.05677e-05
H  0.0001195973, 0.0010047415, -0.0011139571
H  -0.0002212511, 0.0001382554, -6.7552e-06
CN  0.0, 0.0, 0.0
H  0.0001604809, -0.0001180816, 0.0004080014
H  0.0006259675, 0.0001749417, 9.59555e-05
CN  -0.0001345324, -0.0002628243, -7.48468e-05
H  0.0004358396, -0.0001041868, 0.0003209526
H  0.0004502296, 0.0006198871, -0.0006013502
