CN  0.0, 0.0, 0.0
H  -0.0005056904, -0.0002544041, -0.0003867738
H  -5.81289e-05, 0.0006289266, -0.0003736936
CN  -0.0002721218, -0.000185117, -0.0001864963
H  -0.0011003717, -0.0008334025, -0.0002488552
H  0.0015819186, -0.0001717084, -0.0004437802
CP  0.0, 0.0, 0.0
H  0.0002013789, -0.000450667, -0.0007490844
H  5.62376e-05, 7.89369e-05, 0.0004938762
CP  -7.52111e-05, 0.0001582016, 6.28342e-05
H  -0.0011302189, 0.0009969769, 0.0001499932
H  0.0003753333, -6.99117e-05, -7.40224e-05
CN  0.0, 0.0, 0.0
H  0.0003324834, -0.0002532766, 0.0002879683
H  -0.0005615709, 0.0003746056, 0.0007180255
CN  0.0003297225, -3.3901e-06, 0.0001095887
H  0.0001360399, 0.0001296564, -4.98465e-05
H  -0.000668745, 0.0013325891, 0.0001414387
CN  0.0, 0.0, 0.0
H  0.000155787, 0.0002854167, 9.95293e-05
H  -0.0008739899, 0.0004506188, 1.97315e-05
CN  -6.2144e-05, 3.9133e-05, -0.0002307263
H  -0.0005961467, -0.0001746754, 0.0003799304
H  -0.0008049558, -0.0007661458, 0.0007137483
CN  0.0, 0.0, 0.0
H  0.0002783889, 0.0005459269, 0.0009714135
H  7.24178e-05, -0.0011719859, -4.00315e-05
CN  -6.2746e-06, 1.2002e-05, 3.22197e-05
H  0.0004443703, 0.0006825994, 0.0008912823
H  0.0016121869, -0.0003530314, 0.0006193923
CN  0.0, 0.0, 0.0
H  0.0005952421, 5.35222e-05, -0.0003574357
H  -0.0007566809, 0.0003052879, -0.0002784658
CN  4.80294e-05, 0.000233313, -0.0001183971
H  0.0005904206, 0.0001191752, -0.0003228587
H  0.0002471354, -0.0001306531, -0.0006445094
CN  0.0, 0.0, 0.0
H  -0.0002365968, 8.06805e-05, 0.000309753
H  0.0001569073, -5.10296e-05, -0.0003190289
CN  -5.62385e-05, 0.0003442918, 8.96024e-05
H  -0.0007912646, -0.0008814682, -6.83681e-05
H  -0.0001005713, -0.0003302901, 0.0001275984
CN  0.0, 0.0, 0.0
H  -0.0001089072, -0.0008249344, 0.0004159345
H  0.0001427398, -0.0005133061, -0.0007075648
CN  -0.000179666, -5.37125e-05, -0.0001400417
H  0.0002786691, 0.0001748994, 7.93023e-05
H  -0.0009912369, -0.000199953, -0.0006129912
CN  0.0, 0.0, 0.0
H  0.0005572941, 0.0003929922, 9.0048e-06
H  0.0002529176, 0.0001289638, 0.0001498682
CN  -6.87915e-05, 0.0001396951, -4.99293e-05
H  0.0001793981, -0.0009771285, -0.0005932612
H  -0.0001821101, -0.0008157425, 0.0006850576
CN  0.0, 0.0, 0.0
H  -0.000975352, 0.0004134938, -0.00096644
H  0.0004420131, -0.0007970551, 0.0003926308
CN  -8.62972e-05, -2.65874e-05, 0.0001267696
H  -0.0006224958, -0.0013536483, -0.0010216988
H  0.0001349916, -0.0001188632, -0.0003162752
