CN  0.0, 0.0, 0.0
H  0.000194315, 0.0007581424, 0.0001028928
H  -0.0006402462, 0.0003904983, -0.0003281665
CN  0.000104674, -8.2064e-05, -5.58523e-05
H  -7.8239e-06, 0.0003662477, -0.0004047951
H  0.0007297609, -0.0004572964, -0.0003163903
CP  0.0, 0.0, 0.0
H  -0.0007573173, -0.000573349, 8.01522e-05
H  -0.0003784913, -9.92686e-05, 0.000492058
CP  4.97061e-05, 0.0001552577, 3.92465e-05
H  -0.0003434472, -0.0008904131, -0.0002020313
H  0.0012779138, -0.0006723748, 0.0005588146
CN  0.0, 0.0, 0.0
H  -0.0010157122, -0.0004652739, 0.0003392928
H  -0.0002196292, -0.0005135048, 0.000401716
CN  0.0001426857, -6.46113e-05, -0.000336912
H  0.0002142065, -0.0003608176, -0.0004564032
H  -0.0002554854, 0.0007221716, 9.44058e-05
CN  0.0, 0.0, 0.0
H  -0.0007554411, 0.0007286666, -0.0003594314
H  0.0003312476, 0.0008011498, 0.0009373947
CN  0.0002454636, -0.0001258219, -8.85902e-05
H  0.0011721126, -0.0002415079, 0.0008901795
H  -0.0005189135, 0.0004686433, 0.0009403916
CN  0.0, 0.0, 0.0
H  0.0003356054, -5.31302e-05, -0.0004468557
H  0.001168981, -0.0005760387, 0.000104996
CN  -0.0001556109, -0.0001572842, -0.0001049079
H  8.92515e-05, -0.0002650102, -0.000152933
H  -0.0001721732, -3.32617e-05, -0.0007511364
CN  0.0, 0.0, 0.0
H  0.0008804766, -0.0001124197, 0.0004883815
H  0.0002424144, -0.0008369972, -0.0002838064
CN  0.0002062142, 4.7539e-06, 3.61629e-05
H  -0.0002290427, -0.0004047096, 0.0006074704
H  -0.0013272782, -0.000111895, 0.0007640829
CN  0.0, 0.0, 0.0
H  -0.0010092916, 0.0006325531, -0.0001173991
H  5.5821e-06, -0.0006738216, -0.0010341011
CN  2.858e-07, 0.0003826921, -4.17908e-05
H  0.0006966163, -0.0005532552, -0.0007094155
H  -0.0002016195, -0.0003909844, -6.4166e-06
CN  0.0, 0.0, 0.0
H  -0.0003923879, -0.0001563531, -4.26077e-05
H  -0.0009587536, 0.0005589475, -0.0004553693
CN  -7.20746e-05, 0.0002514451, -9.48963e-05
H  0.0001269259, 0.0002010544, -0.0002067154
H  -0.000215884, 0.0001386371, -0.0006604173
CN  0.0, 0.0, 0.0
H  -0.0001906268, 0.0006934113, -0.0004277777
H  0.0003910333, -0.000298226, 7.44037e-05
CN  -0.0003270172, -0.0001177059, 0.0001150417
H  7.06231e-05, -0.0004032566, -0.0010590188
H  0.0003691242, -0.0007349656, -0.0002685912
CN  0.0, 0.0, 0.0
H  0.0008884705, 0.0008859266, -0.0005283654
H  0.0004003985, -0.0002552911, 0.0005116934
CN  5.26983e-05, -8.02558e-05, -1.81995e-05
H  0.0003710169, -0.0004447442, 0.0007962012
H  -0.0002622259, 2.88944e-05, 0.0006882635
