CN  0.0, 0.0, 0.0
H  -0.0002290846, -0.0002220811, -0.0002448534
H  0.001211203, 0.0016362678, 0.0003116006
CN  -0.0003901721, 0.0001746064, -4.28853e-05
H  -0.0004969035, 0.0011207598, 0.0002270759
H  1.88773e-05, -0.0007362913, -0.0006590035
CP  0.0, 0.0, 0.0
H  -0.0004790397, 0.0001654941, 0.0002764351
H  0.0003341856, 0.0001869558, 0.0004255264
CP  -6.2284e-06, -0.0001369593, 0.0003943123
H  -0.0006158112, -0.000220523, -0.0003350714
H  4.69468e-05, -0.0002480982, 0.0004645748
CN  0.0, 0.0, 0.0
H  -0.0003029209, 0.0007072513, 4.58615e-05
H  -0.0001827444, 0.000406643, -5.24594e-05
CN  -0.0002325804, 1.64111e-05, -0.0001075376
H  9.315e-07, -2.58832e-05, -0.001308488
H  -0.0001211607, -9.0072e-06, 0.0005993107
CN  0.0, 0.0, 0.0
H  0.0001672419, 0.0001707167, 0.0003072936
H  -0.0002514543, 0.0006396655, -0.00030652
CN  3.10174e-05, -0.000105787, 6.97948e-05
H  0.0007538953, -0.0003130501, 0.0006724621
H  -0.0001879948, 0.0003118052, 0.0003063534
CN  0.0, 0.0, 0.0
H  0.0005851367, 3.29638e-05, -0.0006410999
H  -0.0003466352, -0.0003973048, -0.0007712811
CN  0.0001465516, 2.0002e-06, 3.7772e-05
H  0.0009065562, -0.000354401, 0.0002274328
H  0.0007224831, 0.0003638165, -0.000648229
CN  0.0, 0.0, 0.0
H  -0.0003801562, -0.0007715652, -0.000352977
H  -0.0012237014, -0.0004036666, -0.0005122743
CN  0.0001051589, 0.000168574, 0.0001177708
H  -0.0003635207, 0.0002799399, -0.0004770768
H  -0.0004408908, -0.0002564175, -0.0005339023
CN  0.0, 0.0, 0.0
H  0.0004478291, -0.0002002892, 0.0005849067
H  -0.0005359317, 0.0003348367, -0.0003723131
CN  0.0001518275, -0.000132734, -4.23126e-05
H  -0.0005081863, 0.0001033255, -0.0002896203
H  -3.22359e-05, 6.47561e-05, 3.53426e-05
CN  0.0, 0.0, 0.0
H  0.0004238199, -0.0006801788, -2.52825e-05
H  -0.0011673221, 0.0001157343, -0.00044997
CN  -0.0001989214, 0.0002683986, 0.0001297681
H  -0.0011172087, 0.0004005593, -4.93192e-05
H  -0.000130495, -0.0005704927, 0.0008559238
CN  0.0, 0.0, 0.0
H  -0.0003732108, 0.0005446401, -7.15494e-05
H  -0.000152706, 5.39389e-05, -0.0003553157
CN  -0.0001305741, 5.97291e-05, 6.7371e-06
H  0.0004024222, 0.0003456303, 0.0001896863
H  3.55759e-05, 0.000252482, 0.0003205229
CN  0.0, 0.0, 0.0
H  0.0001214889, 0.000398633, 0.0002227906
H  0.0003351368, -8.60831e-05, 0.0007049852
CN  -0.0002178189, 2.83187e-05, 9.0572e-05
H  0.0003809817, 0.0003220378, -0.0008104439
H  0.0003305411, 7.26904e-05, -0.0003364792
