CN  0.0, 0.0, 0.0
H  0.0005474191, 4.47932e-05, -0.0003585277
H  -0.0002895787, 0.0009969222, -0.0004597484
CN  5.52154e-05, 9.00615e-05, -0.0002091562
H  -0.0012519681, 0.0007479756, -0.0005299078
H  0.0002384834, 0.0003515798, 0.0004890849
CP  0.0, 0.0, 0.0
H  -0.0002865222, 0.0006773582, -0.0006817028
H  -0.0002018618, -3.65379e-05, -0.0004097029
CP  -0.0001247875, 7.32351e-05, -0.000116347
H  0.0002041243, -0.000704007, 0.000252326
H  -0.0007223527, -0.0002510465, 8.45611e-05
CN  0.0, 0.0, 0.0
H  -0.0003614537, -0.0006357684, -0.0002437221
H  0.0004821176, 5.94587e-05, -0.0010107057
CN  0.000203342, -0.0001841111, -0.0001241229
H  0.0009289685, -0.0007578331, -4.52257e-05
H  6.65666e-05, -0.0004970602, 8.09696e-05
CN  0.0, 0.0, 0.0
H  -4.6109e-05, -2.68594e-05, -0.000844971
H  0.0005346006, 0.0005461353, -0.0008102425
CN  0.0001653346, 2.20318e-05, -0.0001291126
H  -0.0001023489, -0.001133832, -0.0001755367
H  0.0006969491, -0.0002785133, -0.0001199346
CN  0.0, 0.0, 0.0
H  -0.0004841838, -0.0013740221, -0.0007988643
H  -0.0002436721, -9.49217e-05, -0.0002082957
CN  4.5706e-06, -8.45246e-05, -3.84633e-05
H  -0.0009554288, 0.0001284853, 0.0002907916
H  0.0007703862, 6.05012e-05, -0.0004543766
CN  0.0, 0.0, 0.0
H  0.0002596916, -0.0001723395, 0.0009071249
H  -1.84947e-05, 0.0004470901, 0.0004425361
CN  -0.0003334364, 6.34659e-05, -3.3258e-06
H  -0.0008731943, 0.0001130573, 0.0001921077
H  0.0004134134, 0.0006838983, -0.0009678854
CN  0.0, 0.0, 0.0
H  0.0009319761, -0.0001669728, -0.0005263153
H  -0.0004230091, 0.0003274936, -0.0001850352
CN  -0.0001055876, 4.20258e-05, -1.85574e-05
H  -0.0007734734, -0.0003688094, -7.55267e-05
H  -0.0006374172, -0.0003786174, 0.0005742627
CN  0.0, 0.0, 0.0
H  -0.00035595, 0.001322689, 0.0004299246
H  -0.0001280532, -0.0010357807, -2.12641e-05
CN  2.78379e-05, -5.73825e-05, -1.93403e-05
H  -0.000449497, -0.0002298374, 0.0002649716
H  0.000438343, 0.0001488648, -0.000304522
CN  0.0, 0.0, 0.0
H  -0.0002934412, 0.0004512199, -7.18043e-05
H  -0.0003220508, 0.0004412943, 0.0006787164
CN  -4.99994e-05, -0.000160005, -0.0002696119
H  -0.0009968119, 0.0008841718, 0.0001669795
H  -1.5861e-06, -0.0003258003, -0.0006734031
CN  0.0, 0.0, 0.0
H  0.0005016544, 0.0004174555, -0.0005517789
H  0.0005192756, 0.0003744119, -0.0004551354
CN  6.27654e-05, 0.0001636909, 0.0004131898
H  -0.0006241517, -0.0002606029, 0.000630148
H  0.0009512211, -0.0006816961, 0.0002230352
