CN  0.0, 0.0, 0.0
H  0.0005565566, 0.0009663924, -0.0005680854
H  0.0002339735, -0.0004715189, 0.0008296598
CN  -0.000120437, -6.88776e-05, -0.0001801405
H  -0.0006751047, 5.02889e-05, 0.0007454132
H  -0.0004491962, -0.0003189471, -0.0003134962
CP  0.0, 0.0, 0.0
H  0.0001158619, 0.000152472, -0.0004222544
H  0.0001774315, -0.0001780732, -0.0010040745
CP  9.95501e-05, 0.0001408441, 4.37581e-05
H  0.0005049766, 0.0004929892, -0.000946689
H  0.0005372634, -0.0004397977, -7.95601e-05
CN  0.0, 0.0, 0.0
H  0.0001378961, -0.0003147388, -0.0005572929
H  -0.0001959324, 0.0001066934, -0.0003721423
CN  -0.0001592991, -1.19362e-05, 2.59614e-05
H  -0.0001597926, 0.0012889593, -0.0005628317
H  0.0004131552, -0.0006682712, -0.0002923305
CN  0.0, 0.0, 0.0
H  -2.13255e-05, 0.0010409016, 8.64565e-05
H  0.0001875741, 0.0008997312, -7.3022e-05
CN  -0.0003044756, 0.0001283591, -0.0001471397
H  -0.0003996181, 0.0002258584, -0.0002897025
H  -1.95268e-05, 0.0014421112, -0.0002437961
CN  0.0, 0.0, 0.0
H  0.0007783703, -0.000418965, -0.0006431203
H  -2.08016e-05, -3.49491e-05, -0.0005852057
CN  0.0002348245, 6.67509e-05, 0.0002714533
H  0.0004953592, -4.18714e-05, 0.00022126
H  -0.0007623399, 1.04611e-05, -0.0003208316
CN  0.0, 0.0, 0.0
H  0.0001280724, 4.7871e-05, -0.0002573052
H  0.0005298298, -0.0006475358, -0.0003424929
CN  -0.0002358815, -0.000292278, 0.0001198916
H  0.000470681, 0.0002013507, 0.0001388824
H  0.0009660756, 0.000414694, 0.0001637457
CN  0.0, 0.0, 0.0
H  -0.0006594149, -0.00044738, 0.000346876
H  0.0004589201, 0.0010330675, -0.000310408
CN  1.1454e-05, -1.43486e-05, -0.0001862094
H  -4.98183e-05, 0.0003403785, 0.0008333598
H  0.0007219697, 7.66004e-05, -0.0008702842
CN  0.0, 0.0, 0.0
H  0.0005194172, 0.0001739196, -6.07499e-05
H  0.0003256968, -0.0003351321, -0.0002427636
CN  4.42782e-05, -0.0003355681, 0.0001959218
H  -0.0003194762, 0.0002535833, -0.0002412086
H  -0.0006349587, -0.0009363258, 0.0001955321
CN  0.0, 0.0, 0.0
H  0.0010069981, 0.0006557572, -0.0007238719
H  0.0004051454, 0.0001017083, -0.0007396331
CN  -0.0001442782, 0.0001034205, -0.0003405187
H  0.0005064135, 0.000531517, -0.0001021173
H  -6.28331e-05, -0.0006718847, -0.000293808
CN  0.0, 0.0, 0.0
H  -0.00026811, 0.0008355868, 5.66537e-05
H  0.0002073613, -0.0015505851, -0.0001050777
CN  0.0002865317, -7.9666e-05, 0.0001859096
H  -8.08958e-05, 0.0006817668, -0.0004040021
H  -0.0002974425, -0.0005230625, 0.0001211598
