CN  0.0, 0.0, 0.0
H  -0.000840996, -0.0008374827, 0.0004483955
H  0.0002975858, -0.0003001069, 0.0008035281
CN  8.89944e-05, 0.0002073581, -0.000230089
H  0.0009347572, -0.0011782622, -0.000579458
H  -0.0007336047, -0.0003313534, -0.0014478867
CP  0.0, 0.0, 0.0
H  0.0001836154, -0.0005691562, 0.0001335105
H  0.0009036045, 1.19283e-05, -0.0005977479
CP  -2.5129e-05, -5.00722e-05, -0.0002122827
H  0.0012709152, -0.0001249953, -0.0005435551
H  0.0007292996, -0.0010918518, -0.0009115827
CN  0.0, 0.0, 0.0
H  0.0001197081, 3.04184e-05, -0.0008727772
H  -0.0001198639, -1.33553e-05, 0.0001604113
CN  -0.0002643826, -0.0001276986, 0.0002908367
H  -0.0008697321, -0.0005047305, 4.04894e-05
H  0.0001889354, 0.0002938376, -7.40045e-05
CN  0.0, 0.0, 0.0
H  0.0001709757, -0.0007221726, 0.0001703302
H  -0.0005919845, 0.0016549775, 7.97608e-05
CN  0.0001106486, -0.0001041747, 7.95426e-05
H  0.0004476875, -0.0001431587, -0.0003563205
H  0.0006778222, 4.57485e-05, 0.0001428795
CN  0.0, 0.0, 0.0
H  -9.0276e-06, 0.0003693874, -0.0001033167
H  -0.0003115195, 0.0001646938, -0.0005785992
CN  2.26898e-05, 1.00428e-05, -0.0001567698
H  0.0003266261, 0.0005532185, 6.07043e-05
H  0.0001143324, 0.0001211424, -0.0013513859
CN  0.0, 0.0, 0.0
H  -0.0003839522, 0.0002748141, 0.000203747
H  0.0001470334, 0.0010276775, 0.0008334976
CN  0.0002233249, 0.0002642164, -0.0001591146
H  -0.0013209745, 0.0003331948, -0.0001837866
H  -0.0008728361, -6.74972e-05, 0.0002147683
CN  0.0, 0.0, 0.0
H  -0.0003345039, -0.0008240678, 5.89846e-05
H  -1.88719e-05, -0.0010215415, -0.0001134743
CN  -3.23103e-05, -0.0001007309, 3.43267e-05
H  -0.0008623429, 6.75588e-05, -0.000177969
H  0.000508298, -0.0007172173, -0.0004618667
CN  0.0, 0.0, 0.0
H  3.45823e-05, 0.000533378, 0.0004974998
H  7.60155e-05, -0.0005604864, -0.0007752977
CN  0.0002267967, 0.0001159117, -2.0144e-06
H  0.0007779942, -0.0006560393, -0.0004729956
H  0.0004191271, 6.96957e-05, -0.0002083457
CN  0.0, 0.0, 0.0
H  -0.0005023628, -0.0006012771, -0.0003350722
H  -0.0001047665, 6.9128e-06, 0.0001566561
CN  0.0003501264, -0.0001086171, -6.12057e-05
H  -0.0002965022, -0.0001505391, -0.0008118968
H  0.0003129069, 0.00066009, -0.0005149199
CN  0.0, 0.0, 0.0
H  0.000709079, 0.0003191024, 0.0003426406
H  0.0007695374, -0.000576735, 0.0003376872
CN  2.15908e-05, 0.000146751, 0.0003086007
H  -0.0001226372, 0.0003682528, -7.98918e-05
H  -0.000686178, -0.000857882, 7.00901e-05
