CN  0.0, 0.0, 0.0
H  0.0001493176, 0.0004529523, 0.0002397628
H  0.001022729, 0.0001497424, 0.0007351844
CN  -6.06731e-05, -0.0002477582, 0.0003094091
H  -0.0001642333, 0.0015769517, 0.0003394473
H  0.0001369397, -0.0003157162, 0.0005764805
CP  0.0, 0.0, 0.0
H  0.0005341763, -0.0003510383, -0.0005642666
H  0.0006779644, -0.0002434031, 0.0001805332
CP  7.56974e-05, -0.0001732389, -0.0003724345
H  0.0003661669, 0.000186545, -0.0001739073
H  0.0004289117, -0.0010119452, -0.0005054273
CN  0.0, 0.0, 0.0
H  -0.0005088518, -0.0001605279, 0.0007365229
H  0.0014558537, 0.0005089473, 0.0004040393
CN  2.12015e-05, -0.0002621633, 0.0001179606
H  -0.000143746, 5.62028e-05, -0.0005972737
H  0.0002073062, 0.0001188626, -0.0004402054
CN  0.0, 0.0, 0.0
H  -0.0001092078, -0.0003747245, -0.000276496
H  -0.0003442837, 0.000201142, 0.0010081955
CN  0.0001270481, 2.87857e-05, 6.134e-05
H  -0.00087637, -0.0004498366, -0.0001494735
H  0.000445026, 0.00050577, 0.0001999279
CN  0.0, 0.0, 0.0
H  -0.0003161182, 0.0008369875, 0.0007284374
H  -0.0009500715, 0.0001525235, -3.71037e-05
CN  -0.0001699028, -9.37227e-05, -7.03979e-05
H  0.0008702596, -0.0001995739, -2.42846e-05
H  -0.0003448768, 2.07177e-05, 2.02462e-05
CN  0.0, 0.0, 0.0
H  0.0006236469, 0.0004090188, 0.0004200262
H  -0.0009756944, -0.0002687723, -0.0005897527
CN  -0.0001229066, -9.96967e-05, 5.89617e-05
H  0.000391529, 0.0001063178, 0.0001538792
H  -0.0001217613, 0.0010161725, 0.0003548108
CN  0.0, 0.0, 0.0
H  -1.26362e-05, 0.0007640716, -0.0001248827
H  0.0007957808, -0.0007110797, -0.0003639031
CN  -0.0001691596, -0.0003182182, -9.91037e-05
H  0.0001955735, 0.0009863398, 0.0005620499
H  2.76967e-05, 0.0010005105, -3.9472e-06
CN  0.0, 0.0, 0.0
H  -0.0005962625, -0.0008341947, -0.000656846
H  -0.0003981237, 0.0011112819, 0.0002338675
CN  -0.0002377736, -3.45897e-05, 0.0003514243
H  -0.000204338, -0.0002835872, 7.22115e-05
H  0.0005733029, -0.0005826554, -0.0003294452
CN  0.0, 0.0, 0.0
H  0.000651126, -0.0007202153, -0.0001424648
H  -0.0001671189, 0.0003267271, -0.0004098769
CN  1.33428e-05, -1.51545e-05, 5.9723e-05
H  -0.0016253153, 0.0003902106, -0.0007312749
H  -0.0003326982, 0.0005567347, 0.0004563441
CN  0.0, 0.0, 0.0
H  0.0006413708, 0.0004710152, -0.0003063958
H  -0.0005484651, -0.0001868322, 8.95923e-05
CN  -0.0001330052, 0.0004034522, -0.0002567767
H  0.0005926288, -0.0005819093, 0.0006904531
H  0.0011018943, 0.0002097896, 0.0003063051
