CN  0.0, 0.0, 0.0
H  -0.0004489984, 0.0001787887, -0.0009420623
H  -0.0003874631, -0.0003988126, 0.0007303853
CN  -8.32149e-05, -0.0003951253, -6.97591e-05
H  0.000721656, 0.0001618375, 0.0008406454
H  0.0003947189, 0.0001705833, 0.0004557239
CP  0.0, 0.0, 0.0
H  -0.0005686254, -0.0007482774, 0.0002720525
H  -2.7839e-06, -0.0010941566, -0.0005999394
CP  -0.0001434299, -0.0001121505, -0.0001394409
H  -0.000496058, 0.0008390176, 0.0002567063
H  0.0003860973, 0.0001582607, 0.0004331435
CN  0.0, 0.0, 0.0
H  -0.0001416593, -0.0007342125, -0.000324605
H  -0.0002199621, 0.0003651959, -0.0001958614
CN  6.06973e-05, 9.05594e-05, 6.10675e-05
H  -0.0006085522, 0.0004191483, -0.0001599065
H  -8.2238e-05, -0.0002633675, 0.0007079188
CN  0.0, 0.0, 0.0
H  0.0002491271, -0.000756804, -8.16796e-05
H  -0.0001974145, 0.000256986, 9.8339e-05
CN  -0.0001451417, -9.88204e-05, -4.13775e-05
H  -0.0002974305, -0.000390768, 0.0009879581
H  0.0002023865, 0.0003380874, -0.0009498521
CN  0.0, 0.0, 0.0
H  -8.19103e-05, -0.0005689832, -0.0001791706
H  0.0008421459, 0.0005289849, 0.0004809001
CN  0.0003008197, -2.15582e-05, 5.34891e-05
H  8.75396e-05, 0.0008036266, 0.0006911737
H  -2.90563e-05, -0.0001592613, -0.0005571903
CN  0.0, 0.0, 0.0
H  0.0001676586, -0.0009513646, -0.000303731
H  0.0001836999, 0.0002663115, -0.0001808961
CN  0.0001842092, -1.97281e-05, -0.0001701238
H  -0.000151607, -0.0001192701, 0.0006278187
H  -0.000415114, 0.0006947335, 0.0001475385
CN  0.0, 0.0, 0.0
H  -0.0002798534, 0.0003352054, -0.000216887
H  -0.0003949713, -0.0004896709, -0.0004848779
CN  -6.47716e-05, 0.0001489206, 0.0002427069
H  0.0002971781, 0.0003307379, -0.0006478871
H  -0.0005149996, -0.000612814, 0.0004540502
CN  0.0, 0.0, 0.0
H  0.0002568655, -0.0001792217, 0.0004009732
H  -0.0004401682, -0.0002963437, -0.0006092267
CN  -0.000232959, -0.0001079721, -6.65727e-05
H  -0.0006665371, 0.0004228708, 0.0002025142
H  -0.0003092657, -0.0001083298, 4.01928e-05
CN  0.0, 0.0, 0.0
H  0.0003057461, 0.0001380218, 0.0001335795
H  0.0005207182, 0.0002670282, -7.15604e-05
CN  -0.0001016402, -0.0001655548, -0.0001003176
H  -0.0004201619, 0.0005864855, 0.0009244802
H  0.0008639379, -0.0010645696, -0.0003153686
CN  0.0, 0.0, 0.0
H  -0.0009607241, -0.0007809245, 0.0002118462
H  0.0006980717, -0.0012480866, -0.0002700996
CN  -1.28948e-05, 0.0001991013, 6.94132e-05
H  -0.000647515, 0.000161346, -0.0003980702
H  -0.001139989, -0.0001296276, -0.0004755596
