CN  0.0, 0.0, 0.0
H  0.0002117167, -0.0005545065, 1.77988e-05
H  -0.0001839315, 0.0012163202, -0.0002881937
CN  6.8009e-06, 8.0219e-05, 7.16882e-05
H  -0.000232535, 0.0004696653, 0.0001718548
H  0.0008351604, -0.0002979793, -0.0002168463
CP  0.0, 0.0, 0.0
H  0.0006725953, -0.000417552, -0.0005595335
H  -0.0007644355, 4.352e-07, -0.0004886449
CP  -3.81837e-05, -6.5283e-05, -7.15266e-05
H  0.0001933409, 0.0012427402, 0.0002239793
H  -0.0001989362, 0.0007011786, -0.0002944537
CN  0.0, 0.0, 0.0
H  -0.0002925193, 0.0008120903, 0.0004606087
H  0.0002679361, -7.57939e-05, -1.9015e-06
CN  -5.35375e-05, 5.4264e-06, -0.000116552
H  0.0003569712, 0.0005681869, -0.0005586154
H  0.0008738069, -0.0007306259, -4.01068e-05
CN  0.0, 0.0, 0.0
H  1.74141e-05, -0.0002504042, -8.64931e-05
H  -0.0007380992, 0.0003244958, 7.90992e-05
CN  -8.994e-07, 0.0002355883, -9.22608e-05
H  -9.5442e-05, -0.0007214613, -0.0010860496
H  0.0005494362, -1.99792e-05, 0.0005387109
CN  0.0, 0.0, 0.0
H  0.0003506369, -0.0005464874, -0.0004715647
H  -0.0012763245, -0.0005057451, 0.0004950915
CN  6.3453e-05, 6.53843e-05, -0.0001263557
H  0.0007851064, -0.00013252, 0.0007488467
H  0.0009251092, -0.0006355724, -9.76804e-05
CN  0.0, 0.0, 0.0
H  -0.0003164989, 0.000466989, -0.0001824276
H  -3.20893e-05, 3.20248e-05, 0.0004492707
CN  0.0003329278, -0.0002015995, -0.0003808518
H  1.09745e-05, -4.72287e-05, 7.53469e-05
H  -2.03078e-05, -0.0002644338, -0.0007535907
CN  0.0, 0.0, 0.0
H  -0.0002651068, 8.98136e-05, 0.0002712054
H  3.65366e-05, -0.0009298057, -0.0002904677
CN  0.0001760997, -2.22453e-05, -2.28278e-05
H  -0.0002778527, -9.62158e-05, 0.0004503133
H  0.000711026, 0.0006715885, 0.000345998
CN  0.0, 0.0, 0.0
H  8.41654e-05, 0.0007166034, -0.0013836411
H  0.000821618, -0.000194768, -8.52389e-05
CN  -4.41989e-05, -0.0001101613, -4.99204e-05
H  -0.0010004451, -0.0002789845, -0.0003263601
H  -0.0005849591, -0.0001041295, 3.3356e-06
CN  0.0, 0.0, 0.0
H  0.0004169665, -0.0008022531, -0.0009478423
H  -0.0001420123, -0.0010933396, -0.0002237279
CN  0.0002611809, 0.0001316754, -1.08067e-05
H  -0.0006481049, -0.0016600594, -1.2664e-06
H  2.34805e-05, 0.0001410739, -0.0002767701
CN  0.0, 0.0, 0.0
H  9.4213e-06, -0.0004843564, 0.0002166774
H  0.0001216864, 0.0003321821, -0.0001278135
CN  -9.38346e-05, -2.20424e-05, 9.28682e-05
H  -0.0002159514, 0.0010488807, 0.0001495454
H  -2.58926e-05, -0.0001922749, -0.0005564823
