CN  0.0, 0.0, 0.0
H  -0.0002809678, -0.0005658823, -4.6728e-05
H  -0.0003404047, 0.0003264134, -0.0001336272
CN  -0.0002293892, -0.0001886788, 9.326e-06
H  0.0012136923, 0.0006120687, -0.0002511636
H  -9.56682e-05, -0.0004865201, 0.0006200158
CP  0.0, 0.0, 0.0
H  0.000333169, -0.0007473803, -0.0002026191
H  -5.18136e-05, 0.0003015703, 0.0007979027
CP  9.30924e-05, 0.0001967015, -0.0001464445
H  0.0006613142, -0.001166491, -0.0003914207
H  -0.000546015, -0.0001587584, -0.0007126719
CN  0.0, 0.0, 0.0
H  -0.0003416893, -0.0002649273, 0.0005113526
H  0.0005556575, 0.0010099306, 0.0005490404
CN  3.44151e-05, -0.0002353057, -0.0002274966
H  0.0003571894, -0.001181797, 0.0004944061
H  -0.0009428906, -0.0005578454, 0.0004137803
CN  0.0, 0.0, 0.0
H  -0.0016236159, -0.0003409663, 9.4835e-05
H  0.0005292319, -0.0005153061, 0.000167568
CN  0.0002355177, 0.0001498204, 4.76375e-05
H  -0.0006070099, -0.0005450345, -0.0007107875
H  -0.0004914335, -0.0003782785, -8.61195e-05
CN  0.0, 0.0, 0.0
H  -0.0014089002, 0.0002106667, 0.0001306005
H  0.0010463365, 0.0015370529, -0.0009041193
CN  -0.0001744613, 7.18892e-05, 7.46261e-05
H  0.0008108902, -0.0003089102, 0.0011007824
H  -0.0001788699, -0.0001033269, -0.0003487941
CN  0.0, 0.0, 0.0
H  -2.28686e-05, -0.0001184831, -0.0001770016
H  0.0005516845, -0.0001328177, 0.000110061
CN  5.16273e-05, -9.4905e-06, 0.0002297373
H  -0.0007095692, 0.0002500527, -0.0001990549
H  -0.0007697582, 0.0007230541, 0.0007580535
CN  0.0, 0.0, 0.0
H  -0.0004640289, 0.0011271485, 0.0004261375
H  0.0003036704, 0.0004466862, -6.19683e-05
CN  7.45252e-05, 6.87705e-05, 7.79432e-05
H  0.0004222501, -6.23735e-05, 0.0003885384
H  -0.0001839042, 6.54045e-05, 0.0002479101
CN  0.0, 0.0, 0.0
H  -0.0004910805, -0.0002774406, 0.00048823
H  0.0005180652, -6.73514e-05, -0.0001861648
CN  -8.11315e-05, -6.7055e-05, 9.13497e-05
H  2.52355e-05, 0.0006311043, -0.00031194
H  -0.0002553742, 0.0004871117, 3.53e-07
CN  0.0, 0.0, 0.0
H  -0.0001529621, 0.0004611599, 0.0010837796
H  0.0013908973, -0.0002010595, 0.0002710675
CN  0.0002854012, -9.62185e-05, -5.84292e-05
H  0.000290662, -0.0003522026, 0.0007719717
H  0.0003195214, -0.0002239077, 0.000332782
CN  0.0, 0.0, 0.0
H  -0.0003970313, -0.0002736096, 0.0002037078
H  0.0010302961, 0.0002422683, -0.0006276284
CN  -4.59334e-05, -0.0002184075, -0.0001573753
H  0.0001998825, -0.0002110077, -0.0001387551
H  -0.0003604829, 0.0010621664, 0.0002513959
