CN  0.0, 0.0, 0.0
H  0.0003314016, 0.0002679243, 0.0004614313
H  8.9523e-06, 0.0003816824, 0.0008528942
CN  -0.0004367125, 8.03042e-05, -1.59601e-05
H  -0.000377753, -0.0002709267, -0.0001715505
H  -0.0007910207, -0.0005137014, -0.0011041372
CP  0.0, 0.0, 0.0
H  -0.0002422228, -0.0001053116, 7.32777e-05
H  -0.0006195971, 0.0010622979, -0.0004730695
CP  0.0002380759, 8.94286e-05, 1.01674e-05
H  -0.0006057871, -0.0004099404, -0.0008214576
H  0.0001048962, 0.0001853669, -0.0006956702
CN  0.0, 0.0, 0.0
H  0.0006845188, -1.48221e-05, -0.0003775447
H  2.1919e-06, -0.0006335013, 0.0008690538
CN  -8.07621e-05, 0.0001786732, -0.0001788667
H  0.0001441005, -0.0006083, 0.0005186366
H  -0.0003300123, -0.0005915048, 0.0003020264
CN  0.0, 0.0, 0.0
H  8.96853e-05, 4.21216e-05, 0.000158116
H  -0.0003321823, -0.0003901441, -0.000352355
CN  -0.0003129032, 3.01015e-05, -1.93398e-05
H  -0.000560097, 0.0003465698, -0.0001196244
H  -0.0003585926, -0.0006043433, -0.0002583775
CN  0.0, 0.0, 0.0
H  0.0001157699, 0.0006765479, 0.0003049825
H  -0.0004524091, -0.0002089704, -0.000462999
CN  0.0001277107, -7.04118e-05, 6.80344e-05
H  -0.0001842553, 0.0008554131, 1.46607e-05
H  -0.0003881379, -0.0012418458, 0.0008911757
CN  0.0, 0.0, 0.0
H  0.0003166488, 0.0005070521, -0.0002615427
H  -0.0005467363, -0.0003555893, 0.0001365017
CN  0.0002068052, 4.03006e-05, 8.57278e-05
H  0.0008115751, -0.0003722565, 6.51098e-05
H  -0.0004922819, -0.0003487103, 0.0004161535
CN  0.0, 0.0, 0.0
H  0.0003756118, -0.0001354764, 0.0006514963
H  0.000263962, 0.0009027368, -0.0003536619
CN  -0.0003634916, 0.0002795196, -3.74146e-05
H  0.0006160444, -0.0005846589, 8.51313e-05
H  0.0010457545, -0.0003739685, -4.24248e-05
CN  0.0, 0.0, 0.0
H  0.0008159666, 1.66434e-05, -0.0008666373
H  0.0003526105, -0.0004593658, 0.000492159
CN  -2.6042e-05, 0.0001666226, 0.0001032788
H  0.0001342023, -0.0001326293, -0.0006157039
H  -0.0015821058, -0.0006783982, -0.000313886
CN  0.0, 0.0, 0.0
H  -0.0001089359, 0.0003562245, -0.0004931829
H  0.0001000246, 0.0001775724, 0.0008711954
CN  -0.0001429591, -0.0002092779, -1.64808e-05
H  -0.0011720558, 0.0007288922, -0.0001529713
H  -0.0001352719, -0.0001291898, 0.0003100214
CN  0.0, 0.0, 0.0
H  -0.0002827852, 0.0006799811, 0.0003306093
H  -0.0001864326, 9.40888e-05, 4.32017e-05
CN  -6.74909e-05, 0.0001353273, 1.44108e-05
H  -0.0015935645, -8.18573e-05, 0.0004118502
H  0.0005082401, 0.0006270364, 0.0006324544
