CN  0.0, 0.0, 0.0
H  -0.0005714377, -0.0008330695, -0.000684886
H  -0.0007204246, 0.0004135152, -0.0002384424
CN  1.8431e-06, -4.67043e-05, -0.0003198755
H  0.0010647124, -0.000463887, -0.0003497078
H  0.0007643617, -0.0002292052, 3.56597e-05
CP  0.0, 0.0, 0.0
H  -0.0001334289, 0.0004606601, -0.0008489515
H  0.0002587971, -0.0005107827, 0.0002938325
CP  -4.92451e-05, 8.04475e-05, -1.38904e-05
H  -0.0005558744, -0.0016291716, 0.0005918034
H  -0.0006258677, 0.0004685433, -0.0010599132
CN  0.0, 0.0, 0.0
H  0.0012884727, 8.80596e-05, -0.0002517417
H  0.0001331783, -0.0003487104, 0.0005134985
CN  2.7411e-05, 9.42155e-05, -0.0002655434
H  -0.0004561367, 4.79934e-05, -0.0007120924
H  0.0007763222, -0.0006287895, -0.0004677346
CN  0.0, 0.0, 0.0
H  -0.0001056531, 0.0004075167, -3.98749e-05
H  -0.0002327791, 0.0004327965, 0.0002254208
CN  0.0001232604, 0.0001250442, -0.0002032426
H  0.0004171859, 0.0003191096, -4.4987e-06
H  -2.25982e-05, -0.0014725909, 0.0003299683
CN  0.0, 0.0, 0.0
H  0.0006423035, -0.0004462537, -0.0003057533
H  -0.0004145563, -0.0004345874, -9.47655e-05
CN  2.21877e-05, 0.0002404098, -6.12874e-05
H  -0.0001906616, -0.0001868331, -0.0005662053
H  -0.0008672896, 4.96565e-05, 0.0002952814
CN  0.0, 0.0, 0.0
H  -0.0005523822, -0.000753233, 0.0001935372
H  0.0001558054, -2.52652e-05, 0.0001118761
CN  -0.0003517049, -0.0001239602, 7.83375e-05
H  0.0006739925, -0.0002562561, 0.0004744367
H  -0.0003237868, 0.0005635005, -0.0003318236
CN  0.0, 0.0, 0.0
H  0.0001345573, 0.0011715031, 0.0002344469
H  -0.0002036463, -0.0005747302, -7.13308e-05
CN  0.0001632035, 0.0001057028, -0.000131965
H  0.0001632094, -0.0001725577, 1.13269e-05
H  0.0004573039, 6.49018e-05, -0.0002319208
CN  0.0, 0.0, 0.0
H  0.0002946219, -7.99995e-05, -0.0007615789
H  -2.50262e-05, -0.0001463472, -0.0005790992
CN  5.42726e-05, 0.0002929341, 0.0002018846
H  0.0005403068, -0.0004203528, 0.0005141315
H  -8.4812e-05, 4.35569e-05, -0.0002489734
CN  0.0, 0.0, 0.0
H  0.0001594869, 0.0006225582, -0.0001744003
H  0.0006264212, 0.0007996007, -0.0001552365
CN  7.40883e-05, -0.0002001402, -0.0001268429
H  0.0005156521, 0.0012015808, -0.0003432622
H  0.0002546675, -0.0002281141, 3.41788e-05
CN  0.0, 0.0, 0.0
H  0.0003087591, 0.000509631, -0.0011404654
H  0.0007165378, 8.41525e-05, 0.0001705371
CN  -0.0002770193, -9.88201e-05, -0.0001480974
H  0.0005983849, -0.0008424069, 0.0003188847
H  -0.0005896335, -0.0013999021, -0.0004227495
