CN  0.0, 0.0, 0.0
H  0.0002165204, -0.0005646044, -0.0007036609
H  -0.0010269551, -0.0006437254, 0.0002174891
CN  0.0001284603, -9.58775e-05, -4.98659e-05
H  -0.0006113018, -0.0004702404, 0.0005833296
H  0.0002827629, -0.0005918255, -0.0013962733
CP  0.0, 0.0, 0.0
H  -0.0005523212, 0.0001283914, -0.0005114036
H  0.0001556994, -0.0008960651, -0.0004728983
CP  -0.0001441712, 3.58702e-05, -0.0002763991
H  -0.0002140421, 0.0003544398, 0.0005381068
H  -0.000574206, -0.0001088193, -0.0005999239
CN  0.0, 0.0, 0.0
H  -7.64629e-05, -9.27268e-05, 7.88604e-05
H  0.0001900978, -0.0002676981, 0.0001489738
CN  -1.60825e-05, -7.3794e-06, -3.76751e-05
H  -7.54696e-05, -0.0003429608, -0.0001032064
H  -0.0001213437, 0.0001435494, -0.0003817064
CN  0.0, 0.0, 0.0
H  0.0003085122, -0.0008815052, 0.0002808403
H  0.0012142029, -6.41438e-05, -4.42391e-05
CN  -0.0001096531, 0.0001823577, 7.9722e-06
H  0.0002866708, -0.0002628883, -0.0001479195
H  0.000163768, -0.0004532925, -0.0006408246
CN  0.0, 0.0, 0.0
H  0.0008154532, -0.0003116735, 0.0002379691
H  -8.29727e-05, 0.0002033594, 0.0005189652
CN  -0.0001985366, 0.0001125267, 0.0001892257
H  -0.0006447102, -0.0006165838, -0.0006416997
H  0.0010757744, -0.0004744542, -0.0012213445
CN  0.0, 0.0, 0.0
H  -0.0001245532, -3.8239e-05, -0.0002663161
H  -3.96845e-05, 0.0013097163, -0.0009519981
CN  1.90604e-05, 0.0002957493, -0.0001818449
H  -0.0009282636, -0.0007302176, 0.0003270685
H  -2.71673e-05, -0.000316342, -0.001107105
CN  0.0, 0.0, 0.0
H  -0.0001282979, 0.000125492, -0.0001520016
H  6.5845e-05, -0.0012109161, 0.0001991243
CN  0.0001894452, 0.0001699069, -0.0001626065
H  0.0003247476, -0.0002243406, 0.0005438686
H  -0.0001261004, 0.0007731616, -0.0006106737
CN  0.0, 0.0, 0.0
H  0.0002204922, -0.0003541257, -5.99679e-05
H  0.0002679619, -5.7652e-06, 0.0004611828
CN  0.0001980561, -7.93368e-05, -1.37507e-05
H  2.23525e-05, 0.0009381599, -3.69576e-05
H  0.0007577557, -0.0001056537, 0.0006573441
CN  0.0, 0.0, 0.0
H  0.0008032034, -2.7013e-05, 0.0006691131
H  -0.000917349, -0.0006357996, -0.0005151121
CN  -0.0002181803, -8.51959e-05, -0.0001349963
H  -0.0002378485, -0.0002666945, -0.0002693818
H  0.0002659444, 0.0005589157, -0.0013969882
CN  0.0, 0.0, 0.0
H  -0.0003662969, 0.0002959526, 0.0005520195
H  -0.0011751085, -4.59802e-05, -6.61845e-05
CN  0.0001747941, 0.0002740021, 0.0004862402
H  -0.0004079826, -0.000151415, -9.83234e-05
H  0.0005635305, -0.0003924881, -0.0007767772
