CN  0.0, 0.0, 0.0
H  -0.0008589057, -0.0009737752, 0.0001004445
H  0.0005716485, -0.0007503651, -0.0004807521
CN  -7.68341e-05, 0.0001781938, 0.0001798053
H  0.0003229903, 0.0003758981, -0.0003641701
H  -0.0006329626, 0.0001841872, 0.0006812001
CP  0.0, 0.0, 0.0
H  -0.000388035, -0.0012136987, -3.58232e-05
H  -0.0003151007, -0.000272339, -0.0004025491
CP  -3.72385e-05, 3.2438e-06, -0.0002077954
H  0.0001757596, 0.0010260335, 8.4379e-05
H  -0.0003462239, 9.82049e-05, -0.0002911386
CN  0.0, 0.0, 0.0
H  -0.0018370673, -0.0003344403, -0.0001409125
H  -0.0001112116, -5.85864e-05, 0.0004611733
CN  -0.0002431386, -0.0001999603, -0.0002355231
H  -0.000165961, 0.0004257401, -0.0005947615
H  0.0008973066, -0.0001941824, -9.03405e-05
CN  0.0, 0.0, 0.0
H  0.0004019543, -3.44091e-05, 0.0002281753
H  0.0007738992, 0.0002939516, 0.000230485
CN  -6.53212e-05, 0.0001564596, 2.98824e-05
H  0.0002556796, 0.0006991627, -0.000225765
H  -0.0006428105, -0.0003044891, -0.0006488625
CN  0.0, 0.0, 0.0
H  -0.0008130043, -0.0003132757, 0.0002070468
H  -0.0015094747, 0.0001784319, 0.0003240758
CN  -2.0866e-05, 2.33709e-05, 0.0003046972
H  -0.0002278845, 0.0005885002, 0.0009176371
H  -0.001546589, -0.0001681403, -0.0008046384
CN  0.0, 0.0, 0.0
H  -4.50672e-05, -0.0010611156, 0.000594097
H  0.0008500868, -0.000350681, -6.72722e-05
CN  8.7753e-06, -1.32546e-05, -0.0002034362
H  -0.0001352765, -0.000330795, -0.0001911769
H  0.0007010451, 0.0005513008, -0.0001132749
CN  0.0, 0.0, 0.0
H  0.0004611897, -0.0006326537, -0.000815256
H  0.0005964249, 0.0001142098, -0.0001875428
CN  -0.0001667304, 8.18607e-05, -6.28259e-05
H  -0.0003387383, 4.51399e-05, -0.000290861
H  -2.4825e-05, 0.0007328911, 0.0005467408
CN  0.0, 0.0, 0.0
H  -0.0004010637, -0.0002083714, 6.03888e-05
H  0.0004295578, -0.0001063911, 0.0008677401
CN  0.000163149, 0.0002104021, -0.0002356801
H  6.228e-06, -0.000172596, -0.0003235502
H  -0.0005944505, 0.0001807709, 0.0002308674
CN  0.0, 0.0, 0.0
H  0.0003805805, -0.0003105998, 3.33473e-05
H  1.78407e-05, -7.25488e-05, -0.0005505722
CN  -0.0001891401, -0.000354016, 0.0002162764
H  0.0002665716, 0.0004290744, -0.0005843201
H  0.0002029712, 0.0006144572, 0.0008216336
CN  0.0, 0.0, 0.0
H  -2.59101e-05, 0.0001801285, 9.99934e-05
H  0.0002653627, 0.0004456992, 0.0003751168
CN  0.0002152581, 3.25876e-05, -0.0002303074
H  0.0002001791, 0.0001058801, 0.0001270269
H  0.000335, -0.0009494313, -0.0012833703
