CN  0.0, 0.0, 0.0
H  -0.001155869, 7.07316e-05, 0.0009996706
H  -0.0001733114, -4.97463e-05, -0.0009122897
CN  0.0001042273, 0.0001940957, -0.0001407417
H  0.0007395781, -0.0006793059, -0.0007470608
H  -0.0004184074, -0.000503496, -5.13035e-05
CP  0.0, 0.0, 0.0
H  -0.0010808464, 0.0005740043, 0.0004029012
H  0.0006334423, -0.0004227319, -9.08715e-05
CP  0.0001650733, -0.0001472413, -5.3626e-05
H  -0.000924819, 3.03371e-05, -0.0005159583
H  -9.63369e-05, -0.000583027, 0.0013654585
CN  0.0, 0.0, 0.0
H  0.0004231571, 0.0003337438, 0.000991672
H  0.0001030348, 0.0010189349, -0.0006793355
CN  8.15519e-05, -0.0001192715, -0.0001184449
H  0.0005311648, 0.0002958098, -0.000201654
H  -2.23177e-05, -0.0002742053, -0.0003598002
CN  0.0, 0.0, 0.0
H  0.0001490158, 0.0002793501, -0.0006423004
H  -0.0002738616, 0.0005622227, -4.20732e-05
CN  6.32375e-05, 3.74716e-05, 0.0001638083
H  -0.0001463682, 0.0003103106, 0.0013028739
H  -0.0002315787, -0.0001729521, 0.0008918458
CN  0.0, 0.0, 0.0
H  9.6746e-05, 0.0002878437, 0.0009963137
H  0.0002259387, -0.0001983438, -7.08424e-05
CN  0.0002634439, -0.0002375367, -0.0001726923
H  5.1298e-05, -0.0006051351, -0.0007137395
H  0.0001741253, 9.37926e-05, -0.000718593
CN  0.0, 0.0, 0.0
H  0.0003094489, 0.0004581834, -0.0001250338
H  -0.0001716701, -0.0003059061, 6.06335e-05
CN  0.0001130151, -5.3364e-05, -0.0001092117
H  -0.0005227206, -0.0002785033, 0.0006035898
H  0.0002799491, 0.0004013691, -0.0005751051
CN  0.0, 0.0, 0.0
H  0.0008077174, -0.0002989383, -0.0003205534
H  0.0007995409, 0.0011637342, -0.0003376542
CN  0.000102403, -2.75913e-05, -3.94165e-05
H  0.0003100247, -0.0001156505, -0.0001317687
H  -2.54636e-05, 0.0010405284, -0.0005742073
CN  0.0, 0.0, 0.0
H  0.0009876814, -0.0006189392, -0.000158541
H  6.2629e-05, -0.0004484271, 0.0002192927
CN  -2.3076e-06, -5.2837e-06, 4.86973e-05
H  4.34942e-05, -0.0004420886, 4.13108e-05
H  -0.0012388234, -0.0008715636, -0.0001164772
CN  0.0, 0.0, 0.0
H  0.0005113583, 0.0004271142, 0.0005518175
H  -0.0001788609, -0.0004593973, -0.0009841451
CN  -0.000213252, -0.0001914997, 0.0001301546
H  0.000219725, 0.0005205893, 0.0003090054
H  0.0003712789, -0.0009070052, -0.0007119103
CN  0.0, 0.0, 0.0
H  -0.0003325658, 0.0001769377, 9.5452e-05
H  9.3914e-05, 5.42423e-05, -0.0003840807
CN  -0.0001342498, -0.0001384928, -2.93138e-05
H  -0.0004225507, 0.000886646, 0.0001787108
H  1.86851e-05, -0.0008219173, -5.8308e-06
