CN  0.0, 0.0, 0.0
H  -5.08579e-05, 0.0005571795, 6.21492e-05
H  -0.0002567182, 0.0009041757, -1.82146e-05
CN  -0.000231519, 0.0001330769, -5.48271e-05
H  -0.0003476346, -0.0003165614, 0.0003613066
H  -0.0006867354, 6.59132e-05, -0.0011370777
CP  0.0, 0.0, 0.0
H  0.0002300771, -0.0005130971, -0.000279002
H  0.0001649754, -0.0001390206, 3.68121e-05
CP  0.000139109, 7.9354e-06, -0.0001180084
H  -0.0005597041, -0.0005052194, -9.47614e-05
H  0.0012864583, -0.0002619397, -0.0004473033
CN  0.0, 0.0, 0.0
H  0.0006810501, 0.0001136571, 0.000669163
H  1.44636e-05, -0.0007989202, -0.0002807315
CN  4.41275e-05, -0.0002508666, -0.0001332923
H  0.0001226233, 0.0003441889, 0.0003681547
H  0.0005251523, -0.0003786095, 0.0005807964
CN  0.0, 0.0, 0.0
H  -0.0002471807, -0.0003316752, -0.0001414156
H  0.0004559043, 0.000116154, -0.0009294255
CN  -0.0002073264, 2.66893e-05, -0.0001194541
H  0.0013483358, -0.0001882845, 0.0012129406
H  -7.24566e-05, 0.0007046422, -0.000484797
CN  0.0, 0.0, 0.0
H  -0.0015582592, -0.0009252155, -0.0004432695
H  0.0004072432, 0.0004512419, 0.0003899655
CN  -1.63031e-05, -1.17958e-05, 4.7522e-05
H  -0.0004405149, -0.0006859074, -0.0003425636
H  0.0003473686, -0.0002554889, 3.38008e-05
CN  0.0, 0.0, 0.0
H  -0.001078142, -0.0002043028, 0.0003319059
H  -0.0003177078, 0.0011194662, -0.0003489746
CN  -0.0001817484, 8.0139e-05, 0.0003253031
H  5.42837e-05, 0.0010006577, 0.0009437236
H  0.0005045907, -1.39837e-05, 0.0006336258
CN  0.0, 0.0, 0.0
H  0.0003431151, -0.0005226359, -0.0003035316
H  -0.0009828094, 1.5501e-06, 0.0008999854
CN  -5.0147e-05, -0.0003790881, -2.12084e-05
H  -0.0004147939, 0.0001636793, 0.0008955161
H  -0.0001639273, -0.0002179318, -0.0010505332
CN  0.0, 0.0, 0.0
H  0.000430454, 0.0002903671, -0.0006432138
H  0.0003763633, 0.0002097046, 0.0005739534
CN  -4.99582e-05, -0.0001466899, 1.86206e-05
H  -1.76615e-05, 0.0001099857, -0.00058522
H  -0.0004270128, -0.0002731868, 0.0001607198
CN  0.0, 0.0, 0.0
H  -0.0010644297, -0.0004414707, -0.0005056872
H  0.0002124932, 0.000733672, -0.000166046
CN  2.01032e-05, 0.000335711, -0.0001025303
H  -0.0001857021, 6.90586e-05, 0.0008385643
H  -0.0005342611, 0.0002034359, -0.0002366554
CN  0.0, 0.0, 0.0
H  0.0002297119, -0.0002752332, -0.001295664
H  -0.0004582148, 0.0004956655, 0.0008094732
CN  8.87914e-05, 0.0002025183, -6.8045e-06
H  -0.0003478585, -0.0004362948, -9.86637e-05
H  -6.66397e-05, 0.0003154418, 1.54433e-05
