CN  0.0, 0.0, 0.0
H  -0.0008833603, -0.0004774297, 0.0008194002
H  -0.0008594063, -0.0005267133, -0.0004835558
CN  -0.0001795885, -8.20561e-05, 3.73839e-05
H  -7.36038e-05, -0.000938562, 0.0003973197
H  0.0001697041, -0.0004166048, 0.0005266722
CP  0.0, 0.0, 0.0
H  -0.0012438187, 0.0002158, -2.3471e-06
H  0.0006363975, -0.0008832727, -0.0002052164
CP  5.18973e-05, 9.75779e-05, -4.58392e-05
H  0.0003690235, 0.0005234159, -7.63265e-05
H  0.0001969668, 0.0004815383, 0.0003624816
CN  0.0, 0.0, 0.0
H  6.7109e-06, -0.0003537249, 0.0002870236
H  0.0001057425, -0.0002729217, 0.0012794399
CN  -0.0001764232, -0.0003011456, 2.05251e-05
H  0.000360887, 0.0006427868, 0.0001563143
H  0.0002892579, 0.0007073964, 3.13441e-05
CN  0.0, 0.0, 0.0
H  -0.0007397151, -0.0003328502, -0.0006475832
H  -0.0005013506, 8.829e-06, -0.0002822221
CN  0.0001827236, 2.92276e-05, -0.0001114516
H  -0.0004189811, 0.0005498091, 0.0002029258
H  -0.0005966058, 2.97958e-05, 0.0009026085
CN  0.0, 0.0, 0.0
H  0.0003412546, 6.06155e-05, -0.0004065911
H  0.0003645157, -0.0010300415, 0.0003698364
CN  8.52272e-05, 0.0002117056, -2.70977e-05
H  -0.0012196261, 6.14676e-05, -0.0007045597
H  0.0002199059, -0.0003182429, -0.0001257349
CN  0.0, 0.0, 0.0
H  -0.00039839, -0.0001227011, 0.0004299413
H  0.0003874086, 9.674e-06, -0.0009208315
CN  1.01084e-05, -3.6879e-06, -9.7824e-06
H  0.0009038628, 0.0005561632, -0.0005789537
H  -0.0001446136, -3.27515e-05, 0.0003545278
CN  0.0, 0.0, 0.0
H  0.000698086, 0.0009780916, -0.000113511
H  -0.0009949769, -0.0002381729, -0.0004481172
CN  -3.7964e-05, -0.0002676389, -0.0001029603
H  0.0002971333, 9.97077e-05, 0.0002578344
H  -0.0003024716, 0.0005977258, -0.0004108452
CN  0.0, 0.0, 0.0
H  0.0009018708, 0.0001365855, 0.0002762357
H  0.000679044, -0.0003252396, 0.0003016886
CN  -0.000143771, 0.0002155352, -0.0001915496
H  3.49554e-05, 0.000279303, -2.69179e-05
H  -0.0005447937, -0.000111544, -0.0004741628
CN  0.0, 0.0, 0.0
H  -0.0006963028, -0.0014098906, -0.0005470052
H  -0.0010238335, 0.001329078, 0.0002961361
CN  0.0001201387, -0.0001579915, -8.5369e-05
H  0.0009151172, 0.0001574772, -0.0002239914
H  -0.0005369457, -0.0007443405, -0.0003491778
CN  0.0, 0.0, 0.0
H  0.0015000327, -0.0001155381, -0.0001652951
H  -0.0001546458, -0.0006735436, -6.7788e-05
CN  -3.68178e-05, -5.10088e-05, -3.82544e-05
H  6.5949e-06, -0.0008980893, -0.0005742809
H  0.0001021271, 0.0002454232, 0.0010048042
