CN  0.0, 0.0, 0.0
H  0.0001521625, 0.0012333028, 0.0003180422
H  1.36738e-05, 0.0002514319, 2.68501e-05
CN  -0.0001216388, -6.84488e-05, -9.25083e-05
H  -0.0011768197, -0.000897148, -0.0005313539
H  0.0002950243, 0.0011811348, 0.0010924286
CP  0.0, 0.0, 0.0
H  7.50455e-05, 0.0012760264, -0.0002046297
H  0.0006507171, 0.0003459878, 1.01467e-05
CP  -0.0003229114, -0.0001554104, -6.20278e-05
H  0.0011225209, 8.35249e-05, -0.000182439
H  -0.0008665836, -0.0006879266, -0.0002503519
CN  0.0, 0.0, 0.0
H  -0.0002558873, -0.0003478779, 0.000802207
H  -0.000864048, 0.0007124336, 9.83219e-05
CN  9.95554e-05, 6.76952e-05, -4.59383e-05
H  -0.0002085738, 0.0005137496, -5.61294e-05
H  0.0001024762, -0.0003772517, 0.000714972
CN  0.0, 0.0, 0.0
H  0.0001425942, 0.0009889145, 0.0003900682
H  0.0006471847, -0.0002078336, 4.10174e-05
CN  0.0002414699, -4.68909e-05, -9.97271e-05
H  0.0001150539, -0.0014990897, 0.0010283754
H  0.0009375638, 0.0002936804, -0.0002348767
CN  0.0, 0.0, 0.0
H  0.0004762592, -0.0001544345, -0.0005006725
H  -0.0002292119, 0.0006874016, -0.0008403322
CN  -0.0004500053, -0.0001570787, -0.0001565668
H  -0.0005474371, 0.0005968201, 0.0008068968
H  -0.000196284, 0.0004158207, -0.0002836143
CN  0.0, 0.0, 0.0
H  0.0012088551, -0.0003352562, -0.0011496359
H  -0.0006312808, -9.6455e-05, 6.49007e-05
CN  -8.7959e-05, -0.0001544064, 0.0001664339
H  0.0004404456, 0.0002936475, -0.0003973832
H  0.0012832132, 0.0009266306, 2.7842e-05
CN  0.0, 0.0, 0.0
H  0.0001585741, -0.0004370252, -0.0004458012
H  -1.1388e-05, -0.0006062223, -0.0004217739
CN  8.28168e-05, 4.07141e-05, 0.0001012136
H  -0.0001656883, 0.0006613166, 0.0002656968
H  0.000798796, -0.0002517846, 0.0001358935
CN  0.0, 0.0, 0.0
H  0.0001700872, -0.0003481805, -0.0001907544
H  0.0003297304, -0.0001482978, -0.0003561408
CN  -0.0001214849, -0.0002523693, 5.26387e-05
H  -0.0003315001, 0.0002540733, -0.0004530186
H  0.0002294768, -0.0004320527, -0.0003125966
CN  0.0, 0.0, 0.0
H  -0.0003609441, -0.0005220893, 0.0012494489
H  -0.0004169566, 0.000238344, 0.0004229149
CN  0.0001456572, -5.58956e-05, 5.19973e-05
H  -0.000649787, -0.0004336434, 0.0010241113
H  -0.0002626908, 0.0009040608, 0.0001526917
CN  0.0, 0.0, 0.0
H  -7.30001e-05, 0.0001526551, 0.0003544562
H  0.0003401335, 0.0002002239, 0.0004552824
CN  -2.26108e-05, -0.0002582896, 0.0001685354
H  0.0004009053, 0.0008119868, 1.6829e-05
H  0.0004374821, -0.0010506727, -0.0006362649
