CN  0.0, 0.0, 0.0
H  0.0001509082, -0.0001993235, -9.9208e-05
H  0.0003268264, -0.0008615504, -0.00015421
CN  -9.26156e-05, 0.0002936427, 4.61308e-05
H  0.0001931914, 7.7218e-05, 0.0006286752
H  0.0006669741, -0.0005852116, 0.0002935019
CP  0.0, 0.0, 0.0
H  0.000963688, -1.37817e-05, -0.0002817712
H  -0.0008444416, -0.000626238, 0.0003755301
CP  -4.0892e-06, 9.23715e-05, -0.0002454693
H  -0.0007149937, 0.0003043916, -0.0011166105
H  0.000153002, -0.0007245338, 0.0006577615
CN  0.0, 0.0, 0.0
H  0.0002661392, -0.0001537854, -0.0005597625
H  0.0009147094, 3.3573e-05, 0.0006015428
CN  -0.0001966274, 9.28013e-05, -0.0004410081
H  -9.37769e-05, 0.0003068119, -0.0011078593
H  -5.1849e-06, 0.0003713642, 0.0001923082
CN  0.0, 0.0, 0.0
H  -0.0010331805, 0.0009315585, 0.0001898124
H  -0.0005176068, -0.0004356812, -0.000518777
CN  0.000221005, 5.86841e-05, 9.0874e-05
H  6.25413e-05, -0.0003991709, 0.0006744409
H  0.0001508079, 0.0013471917, -0.0009006436
CN  0.0, 0.0, 0.0
H  -8.24172e-05, 0.0001165449, -8.23681e-05
H  -0.0005125338, 0.0003878591, -0.0003896909
CN  -3.21041e-05, -0.0002374688, -0.000144356
H  0.0003478587, -0.0003798209, -0.000641951
H  -0.0001149307, 0.0004052264, -0.0003227169
CN  0.0, 0.0, 0.0
H  -0.0002656336, 0.0004094954, -0.0002996092
H  0.0005172478, -0.0009033395, 0.0005363886
CN  1.45784e-05, 0.0001509959, -4.30823e-05
H  -0.0003725199, -0.0004487393, 5.1401e-05
H  0.0003910257, 0.000601796, -0.0004019925
CN  0.0, 0.0, 0.0
H  0.0006155776, 0.0003477163, -0.0001438144
H  -0.0009852206, 0.0005655485, 4.51159e-05
CN  1.98246e-05, -8.21683e-05, 0.000148779
H  -0.0001123418, 0.0008002503, -0.0006425134
H  -0.0008221767, -0.0004165627, -0.0007615382
CN  0.0, 0.0, 0.0
H  -0.000399031, 0.0003200223, 0.0005132977
H  -0.0012726379, -9.68986e-05, -1.05514e-05
CN  -0.0003443816, 0.0002420762, 3.68855e-05
H  -0.0007134319, 0.0002281838, 0.000287916
H  -0.0004954569, 0.0001511077, -0.0004027431
CN  0.0, 0.0, 0.0
H  0.0002149255, -0.0005701992, -0.001288582
H  -0.00056311, 0.0017208887, -7.32006e-05
CN  7.94452e-05, 0.0001580093, -0.0001845335
H  -0.0001416731, -0.0005964619, 0.0008294869
H  -0.0003886203, 0.0007385835, -0.0002727972
CN  0.0, 0.0, 0.0
H  -0.0003840616, 0.0003944367, 9.41486e-05
H  0.0004215573, 0.0003744485, 3.44436e-05
CN  -0.0001646254, 1.805e-06, 0.0001251286
H  0.0011823112, -0.0003424461, -0.0001287926
H  0.0008376188, 0.0001962871, 5.66572e-05
