CN  0.0, 0.0, 0.0
H  0.0005891857, 0.0001438942, 5.35587e-05
H  -0.0004964992, -0.0001785794, 0.0005945511
CN  5.85213e-05, 0.0001837915, -0.0003979738
H  0.0002538668, -6.01027e-05, -7.83608e-05
H  0.000520153, -0.0001249306, -0.0004720095
CP  0.0, 0.0, 0.0
H  -0.0002720131, 0.0002021807, -0.0005478182
H  -2.43209e-05, -0.0001078552, -0.0006289082
CP  8.32611e-05, -8.92619e-05, 7.21256e-05
H  0.0003039562, -0.0001749852, -0.000199515
H  -0.0008565053, 0.0003971916, 3.59131e-05
CN  0.0, 0.0, 0.0
H  -0.0006072821, -0.000582701, 0.0003397068
H  0.000311537, 0.0004611901, -0.0005588829
CN  0.0001168225, 5.27245e-05, -5.91883e-05
H  -0.00024225, -0.0006351573, 0.0002434218
H  1.5293e-05, -0.0009956455, -0.0004829104
CN  0.0, 0.0, 0.0
H  0.0009124869, -0.000345829, -0.0005160811
H  0.0001500611, -0.001144515, 0.0001445918
CN  0.0001344198, -4.75622e-05, -8.49961e-05
H  0.0007956786, -9.64944e-05, 0.000691601
H  0.0004810053, -0.0003232524, 0.0002062723
CN  0.0, 0.0, 0.0
H  -0.0001269475, 0.0004940848, -0.0002138127
H  0.0005917691, -0.0003621154, -0.0010157795
CN  -0.0002871774, 5.93858e-05, -9.35409e-05
H  -0.0006104265, 0.0002321996, -0.0002020708
H  -8.29154e-05, 0.0004720031, 0.0002232295
CN  0.0, 0.0, 0.0
H  -0.00013519, 0.0008418413, -0.0003736494
H  -0.0008238091, -0.0005925315, -0.0002607707
CN  -0.0001797585, 0.0004324127, 0.0001491297
H  -0.0008481532, -0.0002069043, 0.0001672004
H  0.0006875345, 0.0006760734, -0.0005339519
CN  0.0, 0.0, 0.0
H  0.0009724299, 0.0004533836, 0.0001758887
H  -0.0005831819, 0.0002858865, -0.0011066804
CN  0.0001385641, 0.0001737563, -0.0003111038
H  -0.0003007476, -0.0001434874, -0.0007862065
H  -3.28227e-05, 0.0004426907, 0.0001517775
CN  0.0, 0.0, 0.0
H  0.0006442102, 4.05228e-05, -0.0002226853
H  7.60238e-05, -0.0002733322, 0.0002276641
CN  -0.000110816, 3.46231e-05, 3.32371e-05
H  -0.0001790948, -0.0001470444, 0.0007466923
H  0.000213044, 0.000714657, 0.0002503272
CN  0.0, 0.0, 0.0
H  -0.0006214596, -0.0003563961, 0.0006509676
H  2.1705e-06, 0.0012813309, -0.0010293811
CN  2.24712e-05, -0.0001293952, 0.0001585134
H  0.0005269284, 4.14498e-05, -0.0004570715
H  0.0001473686, 2.32e-08, -0.0002393917
CN  0.0, 0.0, 0.0
H  0.0002919684, -0.0001421038, 0.0001545597
H  0.0010317733, 0.0004849737, -0.0005901831
CN  -9.03171e-05, -0.0002669555, 0.0001706791
H  0.0005782514, 0.0008497544, -0.0001891379
H  -0.0005953049, 0.0009028496, -0.000384933
