CN  0.0, 0.0, 0.0
H  -0.0005506825, -0.0010709224, -8.3677e-05
H  0.0002391039, 0.0011018369, 0.0001819352
CN  -1.82307e-05, -1.96451e-05, 8.44488e-05
H  -0.000226422, -5.2239e-06, -0.0006785112
H  0.0003270624, 1.075e-05, 0.0005654306
CP  0.0, 0.0, 0.0
H  -0.0001110532, -0.0003454031, 0.0006634817
H  0.0004777773, -0.0011347344, -0.0003065719
CP  -0.0002018162, -3.88819e-05, -6.1471e-06
H  0.0002651669, 0.0001250943, -0.0007958557
H  0.0002686774, 2.3405e-05, -4.118e-06
CN  0.0, 0.0, 0.0
H  0.0007293041, 0.0001794108, -0.0002931887
H  -0.0002452943, -5.57255e-05, -0.0001932804
CN  9.56273e-05, 0.0001631897, -3.03071e-05
H  -0.0002356512, 0.0003063586, 0.0005899272
H  -0.0005243634, -0.0002823278, 0.0003892096
CN  0.0, 0.0, 0.0
H  -3.71065e-05, 0.0005261324, 8.6484e-06
H  -0.0008802341, -0.0005323479, -0.0002112943
CN  -0.0001699537, -0.0001670157, -7.28425e-05
H  -0.0012793624, 1.89699e-05, -0.000119274
H  0.000224337, -5.95674e-05, 0.0001145882
CN  0.0, 0.0, 0.0
H  0.0003143539, 0.0004470858, -0.0001945889
H  2.531e-07, -0.0009359116, -0.0002761932
CN  0.0001236845, 5.73326e-05, -1.24517e-05
H  9.24642e-05, -0.0003556217, 8.10884e-05
H  -0.0005803876, 0.0002065982, 2.38534e-05
CN  0.0, 0.0, 0.0
H  0.0002599654, 1.22992e-05, -0.0001382464
H  -0.0006108886, -0.0002393776, -0.0002802041
CN  0.000143605, 5.08961e-05, 8.27783e-05
H  0.0008103544, 0.0002763277, 1.68222e-05
H  0.0005484787, 0.0008587052, -0.0005247844
CN  0.0, 0.0, 0.0
H  0.0004329069, 0.0004725902, -0.0002688499
H  -0.0003225564, -0.0007668999, -0.0005898144
CN  -4.39058e-05, 0.0001840825, 8.19043e-05
H  0.0004532095, -0.0001373131, -0.0006816325
H  0.000944454, 5.52867e-05, -0.0004455824
CN  0.0, 0.0, 0.0
H  0.0002290438, -0.0003755075, -0.0012924794
H  -0.0006581205, 0.0010039856, -0.0007171966
CN  0.0001851282, -4.2774e-06, -0.0001429484
H  -0.0003172636, 0.0004705054, 0.000167282
H  0.0009648092, -0.0004443325, 0.0018963659
CN  0.0, 0.0, 0.0
H  0.0008428539, 0.0009884523, -0.0008611548
H  0.0011905665, 3.41567e-05, -0.0002932389
CN  -0.0003111485, -6.82772e-05, 7.46783e-05
H  -2.67722e-05, -0.0006250361, -9.5739e-06
H  -4.3366e-06, -0.0006715346, 4.91949e-05
CN  0.0, 0.0, 0.0
H  -0.0008723833, 0.0003435705, -0.0005329845
H  4.93603e-05, -2.83729e-05, -0.0001391924
CN  0.0002097287, -8.64015e-05, -5.67375e-05
H  0.0004553624, -0.0006126161, 0.0001828053
H  -0.0003371154, -0.0001924303, -3.65631e-05
