CN  0.0, 0.0, 0.0
H  -3.223e-07, -0.0001230485, -0.0007426019
H  8.84965e-05, -9.02917e-05, 8.76297e-05
CN  -7.83336e-05, 6.8344e-06, 0.0003093991
H  -5.10595e-05, -0.0004132144, -0.0003881148
H  0.0003889161, 0.0003068652, -0.0011176697
CP  0.0, 0.0, 0.0
H  -0.0001323495, -0.0005579425, -0.0005466477
H  -0.0005319429, -0.0005363445, 0.0009196395
CP  -6.7836e-05, -0.0002596247, 0.0001419636
H  0.0005326294, 0.0006926909, -8.27552e-05
H  -1.6188e-06, -0.0001341652, -0.0003684536
CN  0.0, 0.0, 0.0
H  -0.0003216321, -0.0002262701, -5.74605e-05
H  -0.0008792267, 0.0002459544, -0.0011134256
CN  -0.0001317236, -1.1172e-05, -5.42242e-05
H  5.19431e-05, -9.66291e-05, -0.0005174021
H  0.0001408011, -0.0002001922, 0.0003890796
CN  0.0, 0.0, 0.0
H  -0.0014782688, -0.0002591081, 0.0002316453
H  0.0002036543, 0.000611502, 0.0008824626
CN  1.65076e-05, 0.0002979075, 0.0001927149
H  -0.0005353611, 0.0002445817, 0.0002923254
H  -0.0008614728, -0.0004889757, -0.0007903418
CN  0.0, 0.0, 0.0
H  -1.84393e-05, 0.0001371087, -0.000216341
H  0.0003017312, 0.0002730387, -0.0009841903
CN  0.0001768555, -0.0001465702, -6.8046e-05
H  0.001088884, 0.0006308099, 7.36522e-05
H  -0.0001060999, -0.0003632115, -0.0004211087
CN  0.0, 0.0, 0.0
H  -7.37497e-05, -0.0003776758, -0.0004479211
H  0.0002687245, 0.0005159416, 0.0008789028
CN  -1.4826e-05, 1.0776e-06, -0.0003610499
H  2.86e-06, 9.6937e-06, 0.0004000808
H  0.0001652291, 0.0005024036, -0.0003771199
CN  0.0, 0.0, 0.0
H  -0.0003020706, -2.62504e-05, -0.0002013542
H  0.0007381511, 0.0001902426, 0.0007518944
CN  -8.51204e-05, 0.0001284371, -0.0002142665
H  0.000395281, 0.000155807, 0.000138761
H  -0.0001070868, 0.0002263754, -0.0001432155
CN  0.0, 0.0, 0.0
H  -0.0007420299, -0.0003470151, 0.0011344037
H  0.0003311746, -0.0002737727, 0.0002318987
CN  -0.0001489975, -0.0001618546, -0.0003195166
H  1.05442e-05, -0.0009252159, -0.0012921892
H  -0.0001717052, 0.000770319, -0.0011892125
CN  0.0, 0.0, 0.0
H  0.0001939619, 0.0011231766, 0.0002639219
H  1.79288e-05, 9.03817e-05, -0.0004349358
CN  0.0001206958, -0.0001110259, 0.0001361877
H  -0.000113756, -0.0002365692, -4.61053e-05
H  0.0006913389, -6.78804e-05, -0.0002328758
CN  0.0, 0.0, 0.0
H  -0.0008217196, 0.0009484912, -0.0013029259
H  0.0002418384, -0.0001039777, 6.0679e-05
CN  -0.0003939332, 0.0002906467, -0.0001399555
H  -0.0002067025, -0.0007134311, -2.76713e-05
H  -0.0005392845, -0.0008746074, -6.57288e-05
