CN  0.0, 0.0, 0.0
H  -0.0007977963, 5.23248e-05, -0.0010605792
H  0.0004048997, -0.0005260394, -0.0004115627
CN  1.8554e-06, 0.0001524565, -0.0002523395
H  0.0010748895, 0.0001666867, 0.0023402716
H  2.72862e-05, 0.0010608824, 2.61545e-05
CP  0.0, 0.0, 0.0
H  0.0005300658, -0.00127924, 3.91704e-05
H  -0.0002052307, 0.000594517, 0.00035587
CP  -0.0002545652, 0.0001658217, 0.0002190035
H  0.0002558015, 0.000335389, -0.0005346658
H  -0.0003872435, 0.0006208885, -0.0002530482
CN  0.0, 0.0, 0.0
H  0.000508596, 1.5338e-05, -0.0005582362
H  0.0002121379, -5.65629e-05, -0.0007166672
CN  -6.28633e-05, -0.0001887778, 0.0001259656
H  -0.0003976068, -0.0001492654, 0.0007675122
H  0.0004956527, 0.0010377461, 0.0003361927
CN  0.0, 0.0, 0.0
H  -0.0002491743, 0.0002734974, -0.000560211
H  0.0004295753, 0.0001065466, 0.0001658788
CN  7.26842e-05, -0.000159929, 0.0002400701
H  -2.06247e-05, 0.000671973, 0.0004632402
H  0.0004077081, -0.0013651284, 0.0002491608
CN  0.0, 0.0, 0.0
H  0.0008352608, -0.0007262678, -0.0010162977
H  -0.0008375065, -0.0008325865, -0.0004049402
CN  -0.0001450616, -0.0001292345, -5.3143e-05
H  0.000548782, 0.0003586887, 0.001043212
H  0.0003712194, -0.0004524611, 0.0003384127
CN  0.0, 0.0, 0.0
H  0.000299089, -0.0005462033, 0.0004088872
H  0.0003336951, -0.0003415498, 0.0007764809
CN  -7.79297e-05, -4.46577e-05, -1.0047e-06
H  -0.0002029199, -0.0002946416, 4.53369e-05
H  0.0012042276, 0.0003986252, -0.0003823831
CN  0.0, 0.0, 0.0
H  -0.0012485328, -0.0001218226, -5.59281e-05
H  -0.0003508055, -0.0007151577, -0.0008922679
CN  -1.2352e-05, -0.0002070516, -0.0001252742
H  -0.0003132813, -0.0004883391, -0.0001208519
H  7.10395e-05, 0.0001698658, -0.0003053136
CN  0.0, 0.0, 0.0
H  1.0621e-05, 0.0001202545, 0.0001471357
H  -0.0002833415, 3.08581e-05, 8.5663e-06
CN  0.0001237351, 9.74257e-05, 2.3628e-06
H  0.0004897944, 5.98227e-05, -0.0002479021
H  -0.0003243593, -0.0002422891, -0.0005445944
CN  0.0, 0.0, 0.0
H  0.0010998562, -0.000831069, -0.0001727918
H  -0.0009440904, -0.0001952745, -0.0008471455
CN  -3.18392e-05, 8.15148e-05, 0.0002551427
H  0.0010892629, 6.49386e-05, -0.0002090416
H  0.0002269373, 0.0002894468, 0.0001483658
CN  0.0, 0.0, 0.0
H  0.0010804547, -0.0003506966, -8.9913e-05
H  -0.0003173025, 0.0006938718, -0.0002924773
CN  -0.0002894262, -7.87651e-05, 0.0001304035
H  -0.0005303231, 0.0003699502, -0.000644487
H  -8.08515e-05, -0.0001976682, 0.0005303979
