CN  0.0, 0.0, 0.0
H  -0.0004445806, 0.0007300018, 0.0006752883
H  -0.0002036423, -0.0003986177, -0.0003189298
CN  5.80709e-05, 0.0001691152, -0.0002175494
H  -0.0003011654, 4.75855e-05, -0.0001748157
H  -5.65443e-05, 0.0005122425, 0.0005409949
CP  0.0, 0.0, 0.0
H  0.000754064, 0.0008216391, 0.0003608898
H  0.0006363283, -0.0004617398, -0.0002668226
CP  0.0001582818, -0.0001447643, -3.18763e-05
H  -7.45145e-05, -1.25759e-05, 0.0004171787
H  -0.00023084, 0.0012230402, 0.0012620329
CN  0.0, 0.0, 0.0
H  -0.0004012648, -0.0007862039, -0.0003757328
H  4.70079e-05, -0.0002664649, 0.0003369478
CN  -0.0001620805, 5.76878e-05, 0.0002230346
H  0.00041382, -0.0002776584, 0.0004256235
H  0.0003440738, 0.0006389329, -0.0004211213
CN  0.0, 0.0, 0.0
H  9.57899e-05, -0.001034626, 0.0006125583
H  0.0001453219, 0.0002777468, 0.0005676122
CN  -6.52995e-05, 8.35027e-05, 3.785e-07
H  0.0006008713, 0.0001794082, -0.0008566156
H  -0.0008041777, 0.0010262622, -0.0003290967
CN  0.0, 0.0, 0.0
H  0.0003756544, 0.0006268831, -0.0001386067
H  0.0007089133, -0.0002424641, 0.0013132507
CN  0.000491774, -0.0001589787, 0.0003683747
H  -0.0004044808, 5.30876e-05, 0.0001992627
H  -0.0005542148, -0.0002537993, -8.26518e-05
CN  0.0, 0.0, 0.0
H  0.0004791555, -0.0005204667, -0.0013505213
H  0.0007774082, 0.0003225264, -0.0013925808
CN  6.72922e-05, -8.23179e-05, 9.94546e-05
H  -0.0006024067, -0.0006299578, -0.0002536028
H  -0.0006412511, -0.0005084545, 0.0006667952
CN  0.0, 0.0, 0.0
H  0.0004623013, -0.000719149, -0.0010972197
H  -0.0004380442, -0.000129047, 0.0001651982
CN  0.000195459, 0.0002120339, 8.84253e-05
H  0.0010915645, 4.99762e-05, 0.000215015
H  -0.0005939381, -2.98105e-05, 0.0002488119
CN  0.0, 0.0, 0.0
H  0.0010854894, 2.05668e-05, -0.0003902408
H  0.0002200466, -0.0004933479, -0.0004272991
CN  -9.26135e-05, -2.1398e-06, -3.94396e-05
H  0.0002919504, 0.0001695975, -0.0002543597
H  -9.49815e-05, -0.0001466567, -0.0005980436
CN  0.0, 0.0, 0.0
H  0.0011171403, 0.000726188, -0.000224248
H  -0.0003959335, 0.0003227898, -0.0002764879
CN  0.0001625115, 6.75772e-05, -7.0637e-05
H  0.0005875129, 0.00074105, -0.0001686272
H  0.0004482921, -9.26718e-05, 1.33262e-05
CN  0.0, 0.0, 0.0
H  0.0005303161, -0.0008336294, 0.0002456299
H  0.0017425506, -0.000441568, 0.001180297
CN  -7.13058e-05, -0.0001468288, 0.0001357441
H  -0.0002792409, -0.0007607866, 0.000454154
H  -0.0003466827, -0.0002355302, -0.000446739
