CN  0.0, 0.0, 0.0
H  -6.132e-06, -0.0005741384, 0.0005305786
H  0.0005147318, -0.0006143131, -0.000665481
CN  -5.28474e-05, 0.0001500587, 4.31091e-05
H  0.0001009305, 5.54724e-05, 0.0001925539
H  -0.0004081192, 0.0012416227, -0.0006088349
CP  0.0, 0.0, 0.0
H  -0.0002640054, 0.0002464719, -0.0002712049
H  -0.0004063152, 7.62555e-05, -0.0003616787
CP  0.000357516, -2.17002e-05, 0.000241576
H  0.0006036487, 0.0004471185, -0.0004701315
H  0.0001087596, -0.0005224771, 0.0006052371
CN  0.0, 0.0, 0.0
H  0.0001442292, -2.99969e-05, -0.0008543364
H  -0.0005253465, 0.0002970733, 0.0005674515
CN  -3.71307e-05, -0.0001404863, -0.0001205725
H  0.0003978781, 0.0006884985, -0.0011778012
H  0.001010482, 0.0013977236, -0.0015104314
CN  0.0, 0.0, 0.0
H  0.0007381166, 0.0007519345, 0.0004495847
H  0.0004256344, 0.000253718, 8.07164e-05
CN  0.0001197721, 7.55008e-05, -0.000104545
H  -6.26856e-05, -0.0007518588, 0.0009897417
H  0.0005952652, 0.0004611979, 0.0002716746
CN  0.0, 0.0, 0.0
H  0.00023019, -0.000450085, -0.0002519422
H  -0.0002959464, -0.0002955425, 0.0008117231
CN  9.87651e-05, 0.0002014928, -0.0003844809
H  0.000585524, -0.0009010268, -0.0004615288
H  -0.0006558561, 0.0009829907, 0.0011253337
CN  0.0, 0.0, 0.0
H  -4.3342e-06, 0.0004057063, -0.0009458689
H  0.0002234203, 0.0019582213, 7.85391e-05
CN  -0.0001508607, -0.0001376254, -0.0001531091
H  -0.000216989, -0.0001126927, 0.0008439156
H  -0.000608366, -0.0001123464, 0.0001392653
CN  0.0, 0.0, 0.0
H  0.0001946348, 5.13357e-05, -0.0008868907
H  -9.10521e-05, 7.52343e-05, -1.37384e-05
CN  -6.03581e-05, 0.0001497478, -4.25413e-05
H  -0.0002342421, -0.0002691897, -0.0004065952
H  -0.0004272586, -0.0003565718, -7.93199e-05
CN  0.0, 0.0, 0.0
H  0.0011223235, -0.0010750809, 1.64593e-05
H  -0.000277282, -0.0008665275, -0.0001590089
CN  -8.11235e-05, 8.88473e-05, 0.0001606218
H  -1.65618e-05, -6.40985e-05, -0.000341334
H  0.0004971054, 0.0001643002, 0.0010465537
CN  0.0, 0.0, 0.0
H  -0.000738673, 0.0005323855, -0.0003766316
H  -9.00901e-05, -0.0006825094, 0.0004004496
CN  0.0001223629, 7.78525e-05, 9.40408e-05
H  -0.0007268218, 0.0007526569, 0.0009436658
H  -0.0005261442, -0.0002412023, 0.0003474645
CN  0.0, 0.0, 0.0
H  0.0007286873, 0.0003641874, -0.000349624
H  9.51401e-05, -0.0002458441, 0.0004528912
CN  0.0001088353, 0.0001159727, 1.82372e-05
H  0.0001945222, 0.0003691072, 0.0002893353
H  0.0010621949, 9.31698e-05, -0.0002675791
