CN  0.0, 0.0, 0.0
H  0.0001577039, 0.0007197626, 0.0003043882
H  -0.0003000085, -0.0001311364, -0.0001511893
CN  0.0001363315, 5.97645e-05, -0.0001834503
H  -0.0004138509, 0.0002531127, 0.0005293643
H  0.000561792, -0.0005441949, 0.0003548166
CP  0.0, 0.0, 0.0
H  4.73438e-05, 0.0001818584, -0.000630744
H  -0.0004698715, -7.29807e-05, 0.0004408979
CP  4.62091e-05, -0.0001467152, -2.86961e-05
H  -0.0014553204, 7.1492e-06, -0.0003423088
H  0.0006867965, -0.0007156707, 0.000563153
CN  0.0, 0.0, 0.0
H  0.0003196889, 3.55708e-05, -5.96753e-05
H  0.0001609353, 0.0004371822, 0.0002078838
CN  2.90428e-05, -0.0001721332, 0.0003207956
H  0.0003527085, 0.0006955382, -0.0004870715
H  -3.56841e-05, 0.0012909843, 0.0002896671
CN  0.0, 0.0, 0.0
H  0.0003922175, 0.0004619669, -0.0001340767
H  9.43411e-05, -0.0006601701, -0.0002279202
CN  2.44106e-05, 0.0001129778, -0.00015189
H  -0.000139046, 0.0003880788, 0.0003632842
H  0.0008707474, 0.0002839121, -0.0010882613
CN  0.0, 0.0, 0.0
H  0.0005246677, -0.000388266, -0.0013386943
H  -0.0006850978, 0.0002634055, -0.0010496773
CN  -0.0001665959, -4.54778e-05, -9.05614e-05
H  -0.0003219447, 0.0009521579, -0.0002313788
H  -5.0812e-05, 0.0004044626, -0.0006620037
CN  0.0, 0.0, 0.0
H  0.0003869441, -0.0001130128, -0.0006585226
H  0.0001611399, 0.0003202401, 0.0004162615
CN  -6.61431e-05, -0.0001302624, -0.0003205693
H  -0.0003780258, 0.00011984, 0.0002708405
H  0.0005540891, 0.0003530178, -0.000323507
CN  0.0, 0.0, 0.0
H  0.0002082513, 0.0001909748, 0.0005349752
H  -0.0008693257, 0.0004884446, 0.0007592505
CN  2.61111e-05, -2.24296e-05, -0.0002632091
H  -0.0003370068, -0.0005171109, 0.0001256915
H  -0.0004249037, 0.0005895066, 0.0003567717
CN  0.0, 0.0, 0.0
H  9.25766e-05, -0.0001762643, 0.0005431423
H  -0.0003423691, -0.0011758071, 0.0001904779
CN  0.0003433241, -8.92033e-05, -0.0002861861
H  -0.0015227087, -0.0011613432, -0.0007919859
H  1.08523e-05, 0.0001118081, -0.0003345398
CN  0.0, 0.0, 0.0
H  -2.705e-06, 0.0003066417, 0.0003286676
H  0.0010862577, 0.0010325804, 0.0002374791
CN  0.0001917588, 0.000307036, -9.37074e-05
H  -0.0007209659, 0.0003905468, 0.0004929067
H  0.0002567245, 0.0008473751, 0.000167162
CN  0.0, 0.0, 0.0
H  -0.0003136532, 0.0004191333, -0.0006003504
H  -0.0001942162, 0.0005441412, 0.0003016616
CN  7.2015e-05, -0.0001631122, -0.000246163
H  0.0006771975, -0.0007738131, -3.02695e-05
H  0.0003866717, -3.95789e-05, 0.0003054306
