CN  0.0, 0.0, 0.0
H  3.54139e-05, -0.0009329129, 0.0002590091
H  0.0003417117, -0.0003398109, 0.0001646311
CN  -1.4483e-05, -6.12413e-05, -0.0001569414
H  2.08042e-05, 0.0006735385, -0.0009763183
H  0.0006218715, 0.0003376447, -0.0002408778
CP  0.0, 0.0, 0.0
H  -0.0009246502, 8.05371e-05, 0.000827165
H  -1.60249e-05, -0.0004957265, 0.0005570499
CP  9.68789e-05, -7.12271e-05, 0.0001756058
H  -8.09603e-05, 0.0004807165, 0.0006317003
H  -0.000195506, 0.0006402173, 0.0002876375
CN  0.0, 0.0, 0.0
H  -0.0008693931, -0.0001393117, 0.0001207045
H  0.0007567868, 0.0003170075, 0.0001087653
CN  -1.20192e-05, -0.00011755, -0.0001432904
H  0.0002712889, 0.0005323242, 0.0004903115
H  -0.000309199, -0.0005362262, 9.81125e-05
CN  0.0, 0.0, 0.0
H  0.0011530388, 0.0014153102, -0.0008540302
H  -0.0005566097, 0.00067201, 9.39014e-05
CN  7.26e-06, -0.0002097184, -0.000130713
H  4.38041e-05, 0.0003135813, 0.0007882928
H  -0.0014125097, -0.0002216938, -0.0006948555
CN  0.0, 0.0, 0.0
H  -4.6663e-05, -0.0011316888, 0.0002190008
H  -4.95899e-05, -0.0004756241, -9.91149e-05
CN  -0.0002289428, 0.0001091371, 0.0002140562
H  0.0003055408, -0.0001203116, 0.0010851113
H  0.0005034834, -0.0007110464, 0.000474392
CN  0.0, 0.0, 0.0
H  -0.000581267, 0.0009216811, -0.0002718257
H  0.0008083037, 4.3447e-05, 0.0005748358
CN  6.0835e-05, -0.00032687, -5.22326e-05
H  0.0003271336, 0.0001365018, -0.0002992504
H  8.83248e-05, 0.0003188781, -0.0003581471
CN  0.0, 0.0, 0.0
H  -4.45108e-05, -0.0005733404, 0.0002053174
H  -4.28351e-05, 0.0003308536, 0.0007578105
CN  3.2576e-05, 3.89621e-05, -0.0002708292
H  0.0003330246, -0.0009236716, 0.0008069171
H  0.0001458506, -0.0007230209, 0.0001394776
CN  0.0, 0.0, 0.0
H  0.0004529977, 2.00021e-05, -0.0009765063
H  0.0002408786, -0.0002579683, -0.0010099671
CN  -0.0001476511, -0.0001816182, 0.0001944638
H  -0.0001068249, -0.0002686922, 0.0006067521
H  2.59387e-05, -5.46888e-05, -0.0002222423
CN  0.0, 0.0, 0.0
H  0.0004269353, -0.000301445, 0.000869408
H  0.000494325, 0.0006573033, 0.0001324863
CN  0.0003101358, 0.0003630881, 0.0001113469
H  -0.0007204686, 0.0004801414, 0.000114172
H  -0.0002209686, 0.0005000958, -0.00050551
CN  0.0, 0.0, 0.0
H  -0.0001613599, -0.0001604133, 0.0001939997
H  0.0003748309, 0.0005314014, 9.42245e-05
CN  -8.66901e-05, -1.3215e-05, 7.47414e-05
H  -0.0002861228, 0.0004788669, 0.0010520613
H  -0.0005140651, 0.0002383683, -0.0009215453
