CN  0.0, 0.0, 0.0
H  -0.0002768341, 0.0008164549, -5.64101e-05
H  -0.0007995564, 0.0001677434, 0.0003080602
CN  -2.56601e-05, 7.85533e-05, -1.64506e-05
H  0.0003755656, -0.0002540006, 5.72446e-05
H  0.0006159937, -0.0005681534, 0.000498383
CP  0.0, 0.0, 0.0
H  0.0002516662, -0.0002583396, 0.000160511
H  9.56476e-05, -0.000548213, 0.000917746
CP  9.3222e-05, 0.000268891, -2.35162e-05
H  0.0009752184, -0.0003421553, 0.0004836173
H  0.0001783152, -0.0002939943, 0.0009543247
CN  0.0, 0.0, 0.0
H  -0.000513405, 0.0004193646, 0.0008982068
H  0.0007934461, -0.0005524371, -0.0003954492
CN  -0.0001453008, 3.98962e-05, 3.73212e-05
H  0.0003221087, -0.000423142, -0.001118948
H  -0.0010792249, 0.0001934715, 0.0004259578
CN  0.0, 0.0, 0.0
H  -6.5628e-06, -6.49289e-05, 0.0001185683
H  -0.0003367386, 0.0003032624, -0.0003330899
CN  6.36576e-05, 0.0001543804, 5.80512e-05
H  -0.0009693465, -3.5153e-05, 0.0014208436
H  -0.000766399, -0.0013889556, 0.0001586597
CN  0.0, 0.0, 0.0
H  5.08406e-05, -0.0010459733, 0.0011712896
H  0.0002029314, 0.0005532977, 0.0004637702
CN  0.0001805441, 5.26593e-05, -2.312e-07
H  -0.0006662067, 0.0001733465, 0.0006697923
H  0.0011765204, 1.30982e-05, 0.0005982788
CN  0.0, 0.0, 0.0
H  -0.0008164709, -0.0011212623, -0.0003931008
H  0.0009216503, 0.0003582164, -0.0007290512
CN  0.0001354091, 3.70557e-05, -7.34793e-05
H  6.87725e-05, 0.0002033521, -0.0005562061
H  0.0006862075, -7.39163e-05, 7.11749e-05
CN  0.0, 0.0, 0.0
H  0.0001093782, -0.0003146017, -0.0003180988
H  -0.0007046533, 0.000447842, -0.0014101701
CN  0.0001362824, 0.0002942972, -0.0003860162
H  -0.0003058018, -0.0005161198, 0.0007185373
H  6.3569e-05, 0.0001383299, 0.00045421
CN  0.0, 0.0, 0.0
H  -0.0001714838, -0.0008740594, -0.0008355091
H  -0.0006866711, 0.0009376826, 0.0002460701
CN  -0.0001335443, -7.44096e-05, -0.0003447269
H  0.0002652402, -4.00862e-05, -0.000185456
H  -0.0010888041, 0.0001784971, 1.5345e-05
CN  0.0, 0.0, 0.0
H  0.0001374633, 7.75696e-05, -3.34248e-05
H  -0.0002625213, -2.38589e-05, -0.0003221948
CN  1.30587e-05, -3.47459e-05, -0.0002195734
H  -0.0009320381, 0.0002329081, 0.0004141873
H  -0.0002432904, 0.0005321756, 0.0002953023
CN  0.0, 0.0, 0.0
H  -0.0003000942, -0.0001554772, 0.0007579195
H  -9.77126e-05, -0.0001815543, 0.0006480301
CN  -0.000225077, 9.69967e-05, -9.58259e-05
H  -0.000584099, 2.03738e-05, -0.0003620225
H  -0.0004299282, -0.0001324638, -0.0007822209
