CN  0.0, 0.0, 0.0
H  -0.0011469415, -0.0002356229, 0.0001420536
H  -0.0006896511, 0.0002579104, 0.0007269898
CN  0.0001063116, 0.000215943, -1.1351e-05
H  0.0006830653, -0.0003356831, -2.7921e-06
H  -0.0004245295, 0.001003666, 0.0008975034
CP  0.0, 0.0, 0.0
H  -0.0002029921, -0.0003708143, -0.0003015825
H  -0.0004510025, 0.0004039078, -0.0004965933
CP  -0.0001473034, 0.0002127652, -0.0001712278
H  -0.0001214145, -0.001133862, 4.29451e-05
H  0.0001898184, -0.0002646326, 0.0011446857
CN  0.0, 0.0, 0.0
H  -0.0001455784, 0.0004715337, -0.0005374968
H  -0.0004902862, -0.0003467476, 0.0006862772
CN  -0.0004209564, 8.79817e-05, -0.0001200887
H  -0.000895881, -0.0001293955, 0.0004555273
H  0.0003129944, 1.50373e-05, 3.12663e-05
CN  0.0, 0.0, 0.0
H  -0.000367964, -0.0009137268, -6.55094e-05
H  -0.0012429312, -7.63141e-05, 9.76626e-05
CN  -0.0001368552, 7.97719e-05, 0.0001247439
H  0.0007473014, 0.0001375379, -0.0006646492
H  -0.0005828571, -0.0008198552, -0.0002745964
CN  0.0, 0.0, 0.0
H  -0.0004845131, -0.0004775848, 0.0002631153
H  0.0005537761, 7.93657e-05, 0.0003931432
CN  -0.000189262, -0.0002803668, -8.21452e-05
H  -0.0002464519, 0.0003060859, -0.000406428
H  0.0001878413, 0.0001149251, 0.0011655642
CN  0.0, 0.0, 0.0
H  -3.0593e-06, -0.0006188617, -0.0008893655
H  -0.0008108216, -0.0008976379, -0.0004035287
CN  -0.0003167451, 0.000172273, -0.00024382
H  0.0006149422, -0.0004694384, -0.0003371525
H  -0.0003074242, -0.0001436846, -0.000501917
CN  0.0, 0.0, 0.0
H  -0.0004614987, 0.0001471438, -0.0006394765
H  0.0008200743, -0.0002538274, 0.0002413498
CN  -0.0001901213, -1.44328e-05, 0.0005093033
H  0.0011765374, 0.0006830113, -0.0001965487
H  0.0002741267, 0.0005732834, -9.12784e-05
CN  0.0, 0.0, 0.0
H  -0.0001488929, 0.0005611917, 0.00025635
H  0.000333261, 0.0007173507, 0.0008932904
CN  4.43599e-05, 6.92728e-05, 7.52765e-05
H  -0.0003967048, -0.0008769749, 0.0002164394
H  0.0003713252, 0.0002004859, 0.0009021758
CN  0.0, 0.0, 0.0
H  -0.0005479574, 8.07164e-05, 0.0005265463
H  -0.0005822185, -0.0009101558, -0.0005728308
CN  -0.0001250744, -1.5647e-06, -0.0001216221
H  0.0012616416, -0.0008325683, 0.0001006259
H  3.83962e-05, -0.0006604666, 0.000229101
CN  0.0, 0.0, 0.0
H  0.00028168, 0.0003817955, 0.0002396409
H  -0.0001949897, -0.0002631906, -0.0004154247
CN  1.04925e-05, 0.0001685606, -5.95056e-05
H  -0.0001615668, -0.0002372068, -7.26704e-05
H  -0.0002284987, 0.0006126035, 0.000626468
