CN  0.0, 0.0, 0.0
H  0.0005836714, -0.00026167, -8.19514e-05
H  0.0016429427, 0.0009858267, 0.0005342434
CN  -5.51299e-05, 0.0001528223, -0.0001377901
H  0.0003326531, 0.0006129908, 0.000153935
H  0.0003985245, 0.0001381543, 0.0014498188
CP  0.0, 0.0, 0.0
H  -0.000363043, -0.0006520739, 0.000152907
H  0.0002557119, 0.000272004, 0.0003214014
CP  2.53507e-05, 7.65633e-05, 0.0001904875
H  -0.0004077002, 0.0004583521, -0.0001804593
H  0.0014274415, -0.000499339, -9.87355e-05
CN  0.0, 0.0, 0.0
H  -0.0002157954, -0.0004751815, -0.0003449292
H  -0.0006995987, 0.0012416012, 0.0008594494
CN  6.79507e-05, 6.5801e-05, 1.7359e-05
H  -0.0003236876, -0.0011246266, 0.0003440095
H  -0.0002201523, 0.0009086932, -0.0001090304
CN  0.0, 0.0, 0.0
H  0.0002039031, 0.0002098877, -0.0001662395
H  -0.0003304061, 0.000150412, 3.46826e-05
CN  -0.0001481299, 3.13353e-05, 0.0002499639
H  0.0001851686, 0.0002042244, -0.0007322847
H  -6.3937e-06, 0.0007469135, 0.0005123924
CN  0.0, 0.0, 0.0
H  -0.0005495913, 0.0002745843, 0.0003140901
H  0.0005240877, 0.0004553646, -7.15162e-05
CN  -0.0001804647, 0.0001965335, -0.000231462
H  0.0005004631, -0.0005233831, 0.0004319791
H  -0.0004603044, -0.0005767589, -0.0004832792
CN  0.0, 0.0, 0.0
H  0.0002427145, -3.46643e-05, -2.20265e-05
H  0.0005148653, 0.0005191775, 2.20894e-05
CN  -2.45479e-05, -7.76848e-05, -3.09072e-05
H  -0.0002935611, -0.0008205167, 5.32619e-05
H  0.0003211971, 0.0007709389, -0.000346689
CN  0.0, 0.0, 0.0
H  0.0014578321, 0.0007105777, -0.0004752143
H  -2.54001e-05, -0.0004522208, -0.0009573809
CN  -3.97642e-05, 0.0001859829, -7.36599e-05
H  -0.0005016407, 0.0003318711, 5.19881e-05
H  -0.0002720803, -0.000290781, 1.8299e-05
CN  0.0, 0.0, 0.0
H  2.69656e-05, 0.0007151792, -0.0002018519
H  0.000820794, -0.0009138189, -0.0002598171
CN  -0.0002336518, 0.0001378554, 0.0001307063
H  -0.0006883416, -0.0001414078, -0.0002817191
H  -0.0008415472, 0.0004122222, 0.000521185
CN  0.0, 0.0, 0.0
H  -0.0001672079, 0.0005192898, -0.0009957038
H  -0.0002493438, -0.0005970203, -0.0012865509
CN  -0.0003003051, -0.0001492464, 0.0001227208
H  0.0003708495, 0.0004423619, 0.0005046696
H  0.0001441482, -0.0002016062, -0.0001150593
CN  0.0, 0.0, 0.0
H  -0.0005627986, 0.0005359246, 0.0003564281
H  -0.0001564951, -0.0001361547, -0.0003007672
CN  -0.0001436628, 0.0001609615, -0.0002177232
H  -0.0010413776, -0.0001615654, 0.000817275
H  -0.0005386788, 0.0003080609, 3.74918e-05
