CN  0.0, 0.0, 0.0
H  3.44744e-05, -7.04518e-05, 0.0004540567
H  0.0001561142, -0.0007326681, 0.0001363915
CN  -3.48558e-05, 0.0001944377, 0.0001379378
H  -0.0006770677, 0.0008243656, 0.0008482665
H  0.0002420509, 0.0008471359, -0.0007368934
CP  0.0, 0.0, 0.0
H  0.0011658458, -0.0005787849, -0.0006443381
H  -0.0003818765, -0.0003691017, 0.0005655669
CP  0.000372303, -0.0003732016, 1.95198e-05
H  0.0003174088, 0.0005319033, 0.0002024262
H  -0.0007160224, -0.0007908842, -0.0001443804
CN  0.0, 0.0, 0.0
H  -0.0008213935, -0.0005965348, 0.0004260295
H  0.0011286183, -0.0004219537, -0.0009166374
CN  0.0001578672, -0.0004309766, 0.0001429402
H  0.0001169132, -0.0010186405, -0.0005262035
H  -4.3878e-06, 2.60492e-05, -0.0001848304
CN  0.0, 0.0, 0.0
H  0.0001582233, 0.0007962972, 0.0007699548
H  0.0001215469, -0.0006754541, -0.0001327623
CN  -0.0001178875, 6.1856e-06, 0.0001828026
H  -0.0003818261, -0.0001916369, 0.0001321364
H  -0.0003401742, 0.0008388918, -7.14735e-05
CN  0.0, 0.0, 0.0
H  0.0001468175, -0.000258217, -0.0008233933
H  -0.0006781726, 0.0009339341, 0.000825069
CN  6.00951e-05, -0.0001150904, -0.0002328775
H  0.0006457036, -0.0008153436, 0.0002674812
H  0.0005175659, 0.0005599884, 0.0001036953
CN  0.0, 0.0, 0.0
H  -0.0005102241, 0.0005880672, 0.0004779883
H  0.0004018447, 0.0004643637, 0.0001734007
CN  -0.0001724335, 0.000267903, 3.68053e-05
H  -0.0002713047, 0.0004754155, 0.000221929
H  -8.20125e-05, 0.0015867398, 0.0003667983
CN  0.0, 0.0, 0.0
H  -0.0010595297, 0.0001768152, 0.0004335143
H  -0.0003467315, -0.0002391933, 0.0002064904
CN  -0.0002179091, 7.10715e-05, -8.26492e-05
H  0.0003717797, -3.8534e-05, -0.0001846813
H  -5.74429e-05, 0.0001418818, 0.0001413732
CN  0.0, 0.0, 0.0
H  0.0001240475, -0.0005828013, -0.0003143271
H  0.001594451, 0.0012788093, -0.0003930457
CN  0.0001732991, 0.0001152082, -5.94634e-05
H  0.0004858543, 0.0003563066, 0.000451978
H  -0.0005136508, 0.0004282284, 0.0010966368
CN  0.0, 0.0, 0.0
H  6.34074e-05, -0.0010737253, 0.00048549
H  -0.0009712243, 0.0011320193, 0.0003824307
CN  -0.0001279907, 7.2e-08, -6.72535e-05
H  -0.0007369089, 0.0002871898, 8.60711e-05
H  -0.0001203548, -0.0006889272, -0.0009329406
CN  0.0, 0.0, 0.0
H  0.0005985206, -0.0008259576, -0.0006586281
H  -0.0004813388, 0.0003977444, 0.0009123661
CN  -0.0001037208, 0.0003254343, 0.0001121337
H  6.34039e-05, 0.0001761367, -0.0003218583
H  0.0001422141, -0.0008681621, -0.0005786634
