CN  0.0, 0.0, 0.0
H  -0.0005543827, -0.0005834011, -0.0001447221
H  -0.000634126, -0.0004640434, 0.0007767865
CN  9.76478e-05, -8.33683e-05, 0.0001781003
H  0.0005160009, -0.0006267859, 0.0001265291
H  0.0002588189, 0.0001864333, 0.0003551183
CP  0.0, 0.0, 0.0
H  -0.0005408735, 0.0011090003, -0.0011216704
H  -0.0003198426, -0.0004647019, -0.0004349804
CP  2.92617e-05, 9.05049e-05, 0.0001666171
H  0.000589619, 0.0002029324, -0.0001329042
H  -0.0001224695, -0.0004301785, 0.0009900849
CN  0.0, 0.0, 0.0
H  -0.0002304227, -0.0002543064, -0.0007094604
H  -0.0004051709, -0.0004034336, 0.0007059611
CN  0.0001647629, -2.53193e-05, -0.0001411283
H  -0.0001704888, 0.0004055889, 0.0004182209
H  0.0006021125, 0.0006884953, 0.0002971612
CN  0.0, 0.0, 0.0
H  -0.0004349887, 0.0004034295, 0.0009212311
H  -0.000830322, 0.0009306784, -0.0002717214
CN  3.58537e-05, 4.46518e-05, -2.20744e-05
H  -0.0001025935, 0.0009548481, 7.33226e-05
H  0.0008347836, -4.646e-07, 0.0004325796
CN  0.0, 0.0, 0.0
H  0.0001453886, 0.0005414463, -2.4154e-05
H  -0.0006934798, -0.0006769101, 0.0003440146
CN  -0.0002121549, 0.0002476947, -0.0001790417
H  0.0001894555, 0.0010006834, 0.0013448102
H  -0.000290457, -0.0005082156, 0.0003145698
CN  0.0, 0.0, 0.0
H  -0.0003153673, -0.0003733387, 0.0002844525
H  0.0002959485, 9.10033e-05, 5.88411e-05
CN  -9.58427e-05, -0.0002616979, -5.3372e-05
H  0.0003069065, 0.000940848, -0.0001036292
H  0.000553359, 6.53209e-05, 3.40876e-05
CN  0.0, 0.0, 0.0
H  0.0002741329, 2.15835e-05, 0.0008242257
H  -0.0005619932, -0.0001006312, -0.0004937369
CN  -0.0002403876, -0.0002255877, -8.563e-07
H  -0.0004706962, -0.0004085174, 0.0004924464
H  0.0004882651, 0.0006438325, 0.000979618
CN  0.0, 0.0, 0.0
H  0.0009255793, -0.0007671516, -0.0007678848
H  0.000107713, 0.0021459057, -0.0005724694
CN  -0.0002091476, -9.83951e-05, 5.55068e-05
H  -0.0007947911, 5.3996e-06, -0.0001881432
H  0.0001290608, 0.000846419, -0.0004682339
CN  0.0, 0.0, 0.0
H  -4.48869e-05, 0.0004965619, -0.0001173277
H  0.0007739508, -0.0002245758, 0.000287814
CN  -3.61126e-05, 0.0001271809, -1.47331e-05
H  -0.0002714772, 4.96602e-05, 0.0002730297
H  0.0009289131, -0.0007420191, 0.0004771291
CN  0.0, 0.0, 0.0
H  -0.0009260697, 0.0001115543, 0.0012024341
H  -0.0001693506, -0.0008554986, 0.0003209449
CN  -9.05865e-05, -0.0003505985, 7.10188e-05
H  0.0006528239, 0.0005503449, 0.0003763926
H  -0.0003639869, -0.0005317769, -3.94733e-05
