CN  0.0, 0.0, 0.0
H  0.0009576616, 2.4555e-05, -0.0002674537
H  -0.000197876, 0.0003596039, -0.0002279434
CN  0.0001476683, -0.0003666412, 0.0004131124
H  1.54795e-05, -9.32139e-05, -0.0013920797
H  -0.0002814419, 0.0010560855, 0.000907959
CP  0.0, 0.0, 0.0
H  0.0011393547, 0.0010308457, -0.0003449403
H  0.0001231044, -0.0004305674, -5.57253e-05
CP  -8.91058e-05, 0.0002710122, -0.0001263734
H  -0.0008870436, 0.000684527, -3.26127e-05
H  0.0002232372, -0.0002563572, -0.000344379
CN  0.0, 0.0, 0.0
H  0.0005188262, 0.0008915682, -0.0003433661
H  -0.00065924, -0.0004484904, -4.90839e-05
CN  -0.0003313904, -0.0001744897, -0.0002942146
H  1.91338e-05, -0.0005765717, 0.0006691232
H  -0.0005466432, -0.0007962725, -0.0005034486
CN  0.0, 0.0, 0.0
H  -0.0002979659, 0.000935668, -0.0001713893
H  -6.76979e-05, 0.0001000646, -0.0006438586
CN  0.0002255426, -5.26012e-05, -0.000260838
H  0.000207394, 0.000159526, 0.00021038
H  0.000236103, -0.0011976643, 0.0002865815
CN  0.0, 0.0, 0.0
H  -0.000137313, 0.0009180556, 0.0005799023
H  -6.35831e-05, 0.0005118095, -0.0002694362
CN  0.0001432303, -0.0001013853, -0.0002208014
H  -9.50059e-05, -0.0016219419, 0.0006649968
H  -0.0001830366, -0.0007158303, -0.000127641
CN  0.0, 0.0, 0.0
H  2.40007e-05, -0.0004892802, -3.52498e-05
H  4.49142e-05, -0.000108203, -0.0004229137
CN  -9.3648e-05, 0.0001785132, -0.0001095869
H  0.0009749773, -0.0002841747, 0.0005995892
H  -0.0006780902, 0.000206061, 0.0002734105
CN  0.0, 0.0, 0.0
H  5.7362e-05, 0.0004198931, 0.0004632874
H  -5.59603e-05, 0.0006260287, 0.0006883576
CN  -0.000164333, 3.15375e-05, 0.0001647572
H  0.0005608812, -7.87429e-05, -0.0001910306
H  -0.0002779345, -3.69541e-05, -7.8204e-06
CN  0.0, 0.0, 0.0
H  -0.0006387103, -0.0004268395, -0.0007615252
H  -0.0009378014, 0.0011396196, 0.0004571416
CN  0.0002099604, -8.6045e-05, -0.0001716487
H  -0.0001924017, 0.0003458598, 0.000600224
H  0.0009028171, -0.0006217076, -0.0001236757
CN  0.0, 0.0, 0.0
H  -6.30449e-05, -0.0010822963, 0.0006674365
H  0.0001626661, -8.29065e-05, -3.48991e-05
CN  7.18375e-05, -5.0139e-05, -6.60312e-05
H  -3.399e-07, 0.0010448824, 0.0004966823
H  -0.0003460046, 0.0003009423, 0.0005385036
CN  0.0, 0.0, 0.0
H  0.0005571539, -9.18637e-05, -7.65621e-05
H  -0.0004723726, 0.0002717569, -0.0001127917
CN  -0.0003649186, -3.38476e-05, 0.0001517375
H  0.0001466421, 0.0004335082, -0.0002674644
H  -0.0004221115, 0.0001911719, -0.0003590578
