CN  0.0, 0.0, 0.0
H  0.0001532473, 0.0001976161, -0.0002216363
H  0.0015720366, -9.63242e-05, 0.0002324896
CN  3.93179e-05, 3.83736e-05, -0.0001849803
H  -0.0001106556, 0.0008172912, -0.0009846825
H  -0.0009962736, 0.0005708623, 0.0001282468
CP  0.0, 0.0, 0.0
H  -0.0002144349, 0.0013452509, 0.0001945049
H  -0.0010425353, -0.0002832677, -9.52335e-05
CP  0.0001706044, 4.00921e-05, -9.6061e-06
H  0.0011652057, -3.57235e-05, -0.0004651079
H  -0.0008763146, 0.0002412438, -0.0001578995
CN  0.0, 0.0, 0.0
H  -0.000112015, 0.000164829, -6.11988e-05
H  -0.0002232075, -0.0002609501, 0.0004256193
CN  0.0002881156, 0.0001971312, -0.0001853363
H  -0.000241936, 0.0003927444, -0.000347999
H  0.0009864286, 8.34501e-05, 0.0006269047
CN  0.0, 0.0, 0.0
H  0.0001002631, 0.0002197077, -0.000752893
H  -0.0013169877, 9.87929e-05, -9.56899e-05
CN  1.01286e-05, 0.0001708937, 0.0003547304
H  -0.0002773948, -0.0009159762, -0.0006263557
H  -0.0007937157, -0.0006066383, 0.0002249367
CN  0.0, 0.0, 0.0
H  0.0003359767, -0.0005352008, 0.0007040816
H  -0.0003362235, -0.0010984972, 0.0002708578
CN  0.0001841724, 0.0001473637, -4.82885e-05
H  -0.0005002993, -0.0008298697, 1.42808e-05
H  -0.0013386022, -0.0001887253, -0.0004755785
CN  0.0, 0.0, 0.0
H  -0.0011143215, 0.000238361, -0.0001483041
H  8.96726e-05, -0.0005223948, -0.0001053012
CN  0.0001810789, -0.0001943719, -2.3117e-06
H  0.0007062438, -0.0003325429, 0.0005445882
H  -0.0005724035, -0.0002911433, -0.0007571687
CN  0.0, 0.0, 0.0
H  -0.0013584951, 1.22372e-05, -0.0001667627
H  0.0003640025, 0.0006765375, 0.0008433864
CN  -0.0001053006, -0.0001169389, 0.0001323486
H  0.0007077369, -0.0004544134, 0.0006436451
H  -0.0007796085, -7.61543e-05, -0.0005021488
CN  0.0, 0.0, 0.0
H  -8.03553e-05, -0.0006029494, -0.0007048077
H  -5.41265e-05, -7.27166e-05, 0.0004724335
CN  -0.0001567989, 9.1885e-05, 0.0001846035
H  0.000547526, 7.7056e-06, -0.0006321961
H  0.0008183443, 9.8917e-05, -0.0002978394
CN  0.0, 0.0, 0.0
H  -0.0008133205, -5.26683e-05, -0.0002741627
H  0.0001800699, -0.0001498571, 0.0004251489
CN  0.0002548621, 0.0003521187, 1.66276e-05
H  0.0007573768, -0.0001172561, 7.393e-05
H  -0.0006070891, -0.0009030854, -2.3282e-06
CN  0.0, 0.0, 0.0
H  -0.0003835107, 0.0003195126, 0.0001447923
H  0.0001526202, 0.0005813551, 0.0005233722
CN  0.0001191766, -0.000138462, -4.57521e-05
H  3.35946e-05, -0.0002544463, -0.000593936
H  0.0001617099, 0.0009907486, -5.41418e-05
