CN  0.0, 0.0, 0.0
H  0.0006486649, -0.0006064937, -0.0009360428
H  0.0003407296, 0.0014324804, 0.0009582599
CN  -0.0002763035, 4.1602e-05, 0.0001544254
H  0.0005141514, -0.0002100693, 0.0003080266
H  -0.0008146577, -0.000101345, 3.10435e-05
CP  0.0, 0.0, 0.0
H  -6.87537e-05, 0.0003610685, 0.000216849
H  -0.0008003027, 0.0001118958, 0.0005949745
CP  2.85551e-05, -0.0001233697, -0.0001192325
H  0.0001334708, 0.0001349749, 0.0010620842
H  -0.0001546946, 0.0002133531, -0.0003866661
CN  0.0, 0.0, 0.0
H  -0.0006700074, -0.0010448716, 0.0002247353
H  -0.0001568543, -0.0001855021, -3.22e-08
CN  6.00154e-05, 1.37406e-05, -1.87205e-05
H  -0.0011108462, 7.961e-06, -0.0001773352
H  0.0002804148, 0.0004287791, -0.0005679966
CN  0.0, 0.0, 0.0
H  -0.000483246, 0.0004722208, -0.0002316803
H  -0.0002150773, 6.30028e-05, 0.0002556831
CN  0.0002662364, -0.0002460165, 8.38422e-05
H  -0.0004240264, -0.0006548449, 0.001318114
H  5.75686e-05, -9.10578e-05, -0.0001519971
CN  0.0, 0.0, 0.0
H  0.0007316509, -0.0001239151, -0.000292009
H  0.0004783666, 0.0001379971, -0.0004495349
CN  8.94067e-05, 0.0001890628, 7.33251e-05
H  0.0002130516, 0.0003498273, -0.0006060378
H  -0.0001111221, 0.0003854586, 0.0001167254
CN  0.0, 0.0, 0.0
H  0.0003029081, 0.0003641054, -0.0001176616
H  2.46074e-05, 0.0002309881, 0.0003800108
CN  -2.07619e-05, 2.3085e-05, 0.0001702245
H  0.0006134069, -0.0006503106, 4.24269e-05
H  -3.07611e-05, 0.0013854289, -0.000289248
CN  0.0, 0.0, 0.0
H  0.0002974668, -5.81034e-05, -0.0005692016
H  -7.3805e-06, 0.0005760168, 6.95286e-05
CN  -4.06333e-05, 0.0001807235, 0.0001046817
H  0.0005060812, 0.0006515787, -0.0001857925
H  -6.52319e-05, 0.0002115508, 4.25346e-05
CN  0.0, 0.0, 0.0
H  -0.0004963179, -4.91053e-05, -0.0010454376
H  -0.0002289791, 0.000682488, 0.0003885586
CN  -7.19106e-05, -3.63348e-05, -6.21911e-05
H  -0.0001007503, 0.0004644194, -0.0006146349
H  0.0002351344, -0.0002517009, -0.0002080798
CN  0.0, 0.0, 0.0
H  0.0003283868, -0.0005519257, -0.0004022168
H  -0.0010457161, -8.71715e-05, -0.0006424366
CN  -0.0001099251, 0.00012358, 3.14822e-05
H  0.0008548799, -0.0007293601, 0.0002492428
H  -4.95908e-05, 0.0009150077, -0.000466863
CN  0.0, 0.0, 0.0
H  -6.06199e-05, -0.0001471507, 0.0015105345
H  0.0003379857, -0.0005341388, -0.000430038
CN  0.0001489324, 2.54179e-05, -0.0002434001
H  -8.5871e-05, 0.0005805714, 0.0009667436
H  -0.0003154249, -0.0009760306, 0.0001285656
