CN  0.0, 0.0, 0.0
H  -0.0004017363, -0.0003092019, -0.0011612697
H  0.0004463908, -0.0005215673, 0.0005283768
CN  2.14325e-05, -0.0001372425, 1.28298e-05
H  -0.0001739746, 0.0006771962, 8.8232e-05
H  0.0003469766, 0.0007994131, -0.0015421547
CP  0.0, 0.0, 0.0
H  -4.91588e-05, 0.000527845, 7.01219e-05
H  -0.0010490906, -2.74552e-05, -5.19252e-05
CP  9.56312e-05, -0.0001360937, -0.0003194191
H  -0.000217617, -0.0010415241, -0.0010051986
H  -0.0003529282, -0.0004907741, 0.0010766749
CN  0.0, 0.0, 0.0
H  -0.0002524234, 0.0008149042, -0.0004500323
H  0.0001011893, 0.0006984907, -0.0005951866
CN  3.77485e-05, -1.7408e-05, 0.0002912702
H  -0.0002694012, 5.08786e-05, -0.0002996124
H  4.25668e-05, -0.0006819194, 0.0002746321
CN  0.0, 0.0, 0.0
H  -0.0005801564, 6.8341e-05, -0.0002901267
H  0.0001501265, -9.91627e-05, 0.0001022329
CN  0.0001993005, -0.0002588805, 6.35762e-05
H  0.0003096957, 7.85905e-05, -0.0017244748
H  4.3291e-06, -0.0007851482, 0.0012486994
CN  0.0, 0.0, 0.0
H  -0.0005096273, -0.000422306, 0.0006440085
H  -0.0002820465, -0.0004211577, 3.0164e-05
CN  4.67737e-05, -0.0001055055, -0.0002832462
H  -0.0002818162, 0.0001166692, -0.001090764
H  0.0003358444, -0.0008209273, 0.0003754165
CN  0.0, 0.0, 0.0
H  -0.0006778673, 0.0004891825, -0.0007218106
H  -0.0004729312, 6.58023e-05, 5.01077e-05
CN  -0.0001794798, 7.18139e-05, 0.0002308225
H  0.0003990186, -0.0001979281, -5.6119e-06
H  -0.0011852297, 0.0002763467, 0.0003158003
CN  0.0, 0.0, 0.0
H  0.000231893, -0.0001853653, 0.0008803811
H  0.0005282076, 6.21747e-05, -0.0008668995
CN  5.72405e-05, -5.2624e-05, -8.36442e-05
H  0.0002900148, 0.0001578658, 0.0001577904
H  -7.12178e-05, -0.0003870241, -0.0003226495
CN  0.0, 0.0, 0.0
H  -0.0001326444, -0.0005612149, 0.0001262201
H  -0.0010447723, 0.00034401, 0.0006232394
CN  -0.0001730141, -6.90433e-05, -9.45989e-05
H  1.38733e-05, 1.64697e-05, -0.0006735516
H  0.0007022683, -0.0003269281, -0.0004890135
CN  0.0, 0.0, 0.0
H  0.0005547939, 0.0003738305, -0.0008769072
H  0.0003298801, -0.0005627777, 0.0001989392
CN  2.35968e-05, 0.0001444089, -4.42498e-05
H  -0.0001090195, 0.0006008034, 0.0002689087
H  -0.0011255606, -0.0001926307, 0.0004001597
CN  0.0, 0.0, 0.0
H  -0.000974552, -0.0002914084, -0.0001944677
H  0.0013002585, 0.0004373839, 0.0002391452
CN  -0.0001975949, 2.94579e-05, -2.10263e-05
H  0.000739593, 0.0009138449, -0.0005954772
H  -0.0006047837, 0.0006964628, -0.0002698869
