CN  0.0, 0.0, 0.0
H  0.0004941746, -0.0005104906, 0.0004603878
H  -5.36225e-05, 0.0009015484, 0.0009585608
CN  2.49157e-05, -0.0003330857, 0.0001644488
H  -8.45841e-05, -0.0003964974, 0.0005858942
H  -0.0007825968, -0.0004624703, -0.0010281722
CP  0.0, 0.0, 0.0
H  -0.0001396529, 0.0008905193, -7.96167e-05
H  0.0013464806, -8.24742e-05, -0.0008404332
CP  -0.0001883078, 0.0002160752, 0.0001457122
H  0.0005159374, 0.0006221956, -0.000228051
H  1.62987e-05, 0.0001962479, -0.0004911458
CN  0.0, 0.0, 0.0
H  0.0002615524, 0.0002390809, -0.0001696851
H  -0.0001291463, 0.0002680121, -0.0002164649
CN  0.0001020903, -0.0002619908, 4.23637e-05
H  -0.0001640304, -6.35841e-05, 0.0010439746
H  8.62009e-05, 0.000477634, -0.0002526808
CN  0.0, 0.0, 0.0
H  0.0002854061, 0.0006226041, -0.0002653318
H  0.0002039534, -0.0006516823, -0.0004703283
CN  -3.23136e-05, 0.0001673245, -0.0001786936
H  0.0002712817, 0.0002329381, -0.0005711735
H  0.0002016407, 0.0003177283, -0.0002032054
CN  0.0, 0.0, 0.0
H  0.0002401883, -0.0012816747, 0.0001316383
H  -0.0001790972, 0.0003335577, 0.0003446377
CN  -0.0001807459, -7.5822e-06, -0.0004709728
H  -0.0001493442, 4.93443e-05, -0.0005336667
H  -2.43076e-05, -0.0003960153, 0.0002830787
CN  0.0, 0.0, 0.0
H  0.0002167458, 0.0011122396, 0.0001129487
H  0.0004927619, -0.0002913593, -0.0002976333
CN  -0.0002777829, 5.67694e-05, -9.29658e-05
H  -0.0004404457, 0.0002625895, 0.0004057342
H  0.0002655869, 0.0006708256, -0.000662624
CN  0.0, 0.0, 0.0
H  0.0006160302, 0.0007624139, -0.000314786
H  0.0003294751, -9.08045e-05, -0.0008248544
CN  0.0001009227, 6.96078e-05, 4.7288e-06
H  -0.0008282182, -0.0012426882, -0.0002196008
H  0.0006255997, 0.0001883266, 0.0004885835
CN  0.0, 0.0, 0.0
H  -0.0006007647, 0.0002131786, 0.0010776631
H  -0.0003273553, 0.0010583314, -0.0003671792
CN  -2.95701e-05, 5.39266e-05, -9.22496e-05
H  0.0004902675, 0.0003273856, 0.0003251644
H  -0.0010714496, 0.0006258683, 0.0002193911
CN  0.0, 0.0, 0.0
H  0.0006169133, 1.15822e-05, -0.0001540334
H  -0.0011977288, -0.0006374557, 0.0003734848
CN  0.00011523, 5.7767e-05, 0.0001232754
H  0.0008522454, 6.35616e-05, 0.0001402373
H  -0.0007242523, 0.0005583897, -9.99476e-05
CN  0.0, 0.0, 0.0
H  0.0002764299, -0.0002999531, 0.0001471183
H  -2.87625e-05, 0.0001292289, 0.0010692507
CN  8.24715e-05, -0.0003549878, -4.99682e-05
H  -0.0008475463, 0.0007625394, 0.0002702698
H  -0.0005266119, 0.000489043, -4.0913e-06
