CN  0.0, 0.0, 0.0
H  -0.0001234337, 3.7802e-05, 0.0005877817
H  4.46325e-05, -2.87025e-05, 0.0007356337
CN  8.64999e-05, 5.14121e-05, 4.76872e-05
H  -0.000704792, 0.0003463142, -5.29067e-05
H  -0.0002200679, -2.24173e-05, -0.0003019314
CP  0.0, 0.0, 0.0
H  -0.000509543, -0.0002215686, -0.0003661326
H  -0.0009682661, -0.0002754722, 0.0005952945
CP  -0.0001132307, 0.0002502789, 5.50587e-05
H  0.0005266718, -0.0006133691, 0.000330605
H  -0.0003884893, 0.0001072567, 0.0001332481
CN  0.0, 0.0, 0.0
H  -0.0002378743, 0.0005319482, 0.0004182689
H  -0.0007041484, 0.0001442402, -0.0003366072
CN  -0.0001189473, 4.41264e-05, -0.0003283777
H  -0.0001265333, -0.0001297533, -0.0007327416
H  -0.0002315858, -0.000375804, -0.0003253482
CN  0.0, 0.0, 0.0
H  -0.0018546252, -0.0003554815, -0.0007631464
H  8.70773e-05, -0.0008010608, 8.3982e-06
CN  4.23168e-05, -8.14224e-05, -0.0001360066
H  0.0003076226, 0.0001780539, 0.0008689809
H  -0.0004864687, -1.46278e-05, 0.0007313805
CN  0.0, 0.0, 0.0
H  0.0001205038, -0.001387356, 0.000439263
H  0.0004408882, 0.0002973694, 0.0006504695
CN  -1.68962e-05, -0.0003225988, 5.65079e-05
H  -0.0008137026, -0.0006269912, -0.0002468971
H  -0.0003550286, -0.0003990178, 6.62097e-05
CN  0.0, 0.0, 0.0
H  -0.0006627021, -0.0003505795, 0.0008113081
H  0.0001229146, 0.0008359598, 0.0010697831
CN  -0.0002746889, -0.0001047637, 1.89285e-05
H  0.0010339588, 0.0002382527, 0.0006792508
H  -0.0006373916, 0.0002691296, -0.0005384522
CN  0.0, 0.0, 0.0
H  -0.0005467253, 0.0001553287, -0.0001396891
H  8.14463e-05, -0.0002768778, -0.0001609963
CN  -0.0002774026, 9.97512e-05, 7.81066e-05
H  0.0002422828, -0.0004749976, -0.0003034065
H  -0.0005235637, 0.0006200887, 0.0005734501
CN  0.0, 0.0, 0.0
H  0.0005253706, -0.0004394328, -0.0006944144
H  -0.0007227467, 0.0005164479, 0.0008284468
CN  0.000227495, -0.0002247941, -0.0001325749
H  -0.0009039213, 0.0002871797, 0.00013385
H  -0.0001841856, -0.0004832758, 0.0002359674
CN  0.0, 0.0, 0.0
H  0.0010410662, -0.0007870227, -0.0002403047
H  0.0002558192, -0.0002569236, 0.0001085624
CN  0.0001954732, -7.517e-07, 0.000174106
H  0.00015995, -0.0002871022, 0.0004085867
H  -0.0001989232, -5.95915e-05, -0.0001764461
CN  0.0, 0.0, 0.0
H  0.0008671851, 0.0002146709, 0.000107534
H  -0.0003529894, -9.16711e-05, 0.0009420768
CN  -0.0002036529, -0.0001968178, -0.0002654714
H  0.0011166329, -0.0001328315, -0.0005666839
H  -0.0004004433, 0.0009633083, -0.0001723386
