CN  0.0, 0.0, 0.0
H  -0.000434696, 9.70719e-05, -0.0006643491
H  -0.0002796013, -0.0001091756, -6.63021e-05
CN  0.0003114231, -8.29508e-05, 0.0002369533
H  0.0005901126, -0.0001650966, -1.80814e-05
H  -0.0001092245, -0.0007275968, -0.0006275141
CP  0.0, 0.0, 0.0
H  -8.46352e-05, 0.0005379822, 0.0008820205
H  0.0001305785, -6.27354e-05, -0.0008675801
CP  0.0001290145, -2.40881e-05, -0.0002146976
H  -1.89527e-05, 0.0001377255, 0.0004592968
H  2.52326e-05, -0.0015737083, 0.0011096168
CN  0.0, 0.0, 0.0
H  -0.0004016519, 7.49599e-05, 0.0005071306
H  7.7239e-05, -0.0004546838, 0.000790023
CN  0.0001303046, -4.57151e-05, 4.35603e-05
H  -0.0002386031, 0.0002153099, 0.0001904218
H  0.000394535, -0.0004191009, 0.000102057
CN  0.0, 0.0, 0.0
H  1.00767e-05, -0.0001393787, 0.0004871687
H  -0.0003253942, 0.0010420903, 0.0005077106
CN  0.0003824297, -0.000163638, -3.15847e-05
H  -0.000211244, 0.0002759165, 0.0008351223
H  -4.2599e-06, 0.0002742459, -0.0001722134
CN  0.0, 0.0, 0.0
H  0.0004437238, 0.0012293404, -0.0003503385
H  0.0012739083, -1.9818e-06, -0.0007130207
CN  -0.0001422014, -3.2074e-05, 8.6989e-05
H  -0.0005614011, 0.0002794259, -0.0001473869
H  0.000137529, 0.000265042, 1.9149e-05
CN  0.0, 0.0, 0.0
H  0.0014226824, -0.0007006411, 0.0003563844
H  0.0003837181, 0.0001673985, 7.16199e-05
CN  0.0001505884, -2.69834e-05, 0.0002788585
H  -0.0004317064, -0.0003352051, 0.0008924578
H  -3.99769e-05, 0.0002204344, 0.0009836955
CN  0.0, 0.0, 0.0
H  -0.000879408, -0.0006482058, -0.0006715343
H  0.0005606141, -0.000146724, -8.18755e-05
CN  5.72909e-05, -0.0001397559, -5.75262e-05
H  -0.000366617, -0.0005498986, -0.0002137319
H  -0.0002722948, -0.0009859018, 0.0007154183
CN  0.0, 0.0, 0.0
H  -6.9217e-06, 7.91028e-05, -1.4994e-05
H  0.0012944884, -0.0004185339, -0.0006142393
CN  0.0001019739, -0.0001687032, 7.58275e-05
H  0.0001304548, -4.74862e-05, 7.68992e-05
H  0.0012621892, -0.0003435485, -7.23325e-05
CN  0.0, 0.0, 0.0
H  -0.0002835821, -0.0006409419, 5.91049e-05
H  0.000463925, -0.0001667452, 0.0003599801
CN  5.6799e-05, -7.16192e-05, 1.96344e-05
H  -7.02798e-05, 0.0002441434, 0.0001612074
H  -0.0006488658, -0.0017569985, 0.0007948066
CN  0.0, 0.0, 0.0
H  4.02658e-05, 5.00124e-05, 0.0001502938
H  0.0005571238, -0.0012273775, 0.0002670852
CN  -0.0001376687, 0.0002062672, 1.96726e-05
H  -0.0014129593, 0.0006411626, -0.0003539641
H  -0.0002893802, -0.0002083395, -0.0001228331
