CN  0.0, 0.0, 0.0
H  0.0004227097, 0.0005049037, -0.0008166937
H  -0.0003803219, -0.0005776675, 0.0004374057
CN  -0.0001463163, 0.0001734665, 8.2233e-06
H  -0.0008848304, -8.8995e-06, 0.0002142569
H  -0.0001440223, 0.0005911752, -0.0002192586
CP  0.0, 0.0, 0.0
H  0.0003613296, -0.000612122, -0.0001899404
H  -0.0003459214, -0.0002588729, -0.0001246941
CP  -0.0001857205, 0.0001264784, -5.92938e-05
H  0.0002386218, 0.0001462954, -0.0005269763
H  0.0002723039, 0.001556886, 2.40168e-05
CN  0.0, 0.0, 0.0
H  -0.0004710075, 7.0465e-06, -0.000247129
H  0.0007975343, 0.0005833642, -0.0006486198
CN  -7.8605e-06, -5.66865e-05, 0.000377823
H  -0.0001542467, -0.0005439891, -0.0006833701
H  0.0005641046, -0.0002640782, 0.0004353131
CN  0.0, 0.0, 0.0
H  -0.0003396661, -0.0002668285, -0.00044003
H  4.56365e-05, -0.0008710782, -0.0003245141
CN  -7.19705e-05, 0.0001141981, -0.0001409186
H  -0.001297361, -0.0003307192, -0.0001806988
H  -1.50431e-05, -1.03389e-05, 0.0004785284
CN  0.0, 0.0, 0.0
H  -0.0008136904, -3.32103e-05, 0.0003989959
H  0.0001130102, 1.05394e-05, 0.0009198147
CN  -3.87809e-05, 4.08295e-05, 1.84081e-05
H  0.0005094768, 0.0015157746, 0.0007393528
H  0.0004739203, 0.0005639368, 0.0003701906
CN  0.0, 0.0, 0.0
H  0.000450205, 0.0005973931, -0.000565253
H  -0.0008705986, -0.0001608311, 0.0004895352
CN  -4.53634e-05, 0.000151972, 9.18805e-05
H  0.0001761724, -0.0001863767, 0.0013440631
H  -6.86444e-05, -0.0001885796, -8.53641e-05
CN  0.0, 0.0, 0.0
H  0.0007610969, -0.0002392025, -0.000311884
H  0.00013451, 0.0005779537, 0.0003243081
CN  0.0001272234, -5.47969e-05, -9.06329e-05
H  0.0003206772, 0.0007260237, -0.0004979639
H  0.0008491885, 0.0002874109, 0.000309091
CN  0.0, 0.0, 0.0
H  0.000191139, 0.0003541236, -0.0003938224
H  -0.0001538616, 0.0008340879, -0.0002000323
CN  -6.14282e-05, -0.0001792798, -5.2e-07
H  0.0006069088, -0.0012636347, -0.0001950372
H  -0.000103018, 0.0013500553, 0.000745199
CN  0.0, 0.0, 0.0
H  -0.0005365294, -0.0003510374, 0.0001162206
H  0.0010770697, -0.0004269365, -4.81565e-05
CN  -4.52508e-05, -0.0003251152, 9.93432e-05
H  0.0002781622, -2.79187e-05, -0.0001469881
H  -0.0005350677, 0.0002021403, -0.0001981763
CN  0.0, 0.0, 0.0
H  -0.0014521391, 0.0001905481, 0.0004244172
H  -0.0004949195, -0.0001434546, 0.0005599201
CN  -0.0001070894, -7.55692e-05, -6.82365e-05
H  -0.000116935, -0.0001048681, -0.0001841358
H  0.0004281045, -7.62616e-05, -0.0004269593
