CN  0.0, 0.0, 0.0
H  -1.21505e-05, -6.72393e-05, -0.0004012879
H  -0.0001589003, 0.0006416145, 0.0007712799
CN  0.0001491931, -0.000149509, 0.0001311709
H  0.0006196576, 0.0008832367, -0.0003028402
H  0.0007475956, 0.0016361009, -0.0001364518
CP  0.0, 0.0, 0.0
H  -0.0002624122, 0.0002347857, -0.0003551397
H  -0.0001203834, 0.000900912, 0.0010267912
CP  0.0002049841, 0.0002071596, 0.0001029341
H  0.0005935084, 0.0005036332, -0.0003541941
H  0.0006278101, -0.0002813519, 0.0008368365
CN  0.0, 0.0, 0.0
H  -6.60346e-05, -0.0002881413, 0.0002181738
H  0.0001047435, -0.0002544015, 2.8429e-06
CN  0.0001355714, 0.00012836, 0.0001150852
H  -0.0004385654, -0.0004557221, 0.0007196503
H  0.0003959327, 0.0005848012, -0.0007343228
CN  0.0, 0.0, 0.0
H  0.0007991371, 0.0006704301, -0.0001567425
H  0.0001645715, -4.99458e-05, 3.34689e-05
CN  0.0001057376, -0.0002096466, -0.000136684
H  0.0008929952, -0.0003201273, 0.0001156693
H  0.0003123788, -0.000160086, 0.0001450189
CN  0.0, 0.0, 0.0
H  0.0001958841, -0.000153323, -1.06155e-05
H  -0.0006620068, -0.0008855035, 0.000250977
CN  -0.0002599817, 7.96694e-05, -0.0001535035
H  0.0003377786, 0.0005621654, 0.0003669194
H  -0.00065318, -0.000377044, -0.0008961589
CN  0.0, 0.0, 0.0
H  0.0001241753, -0.0003067166, -0.0003790628
H  -0.0006990806, -0.0002705685, -0.0005222954
CN  -3.54562e-05, 0.0002542547, 9.41351e-05
H  8.80142e-05, 0.0005794508, 0.0001155433
H  -0.0008683582, -0.0003964295, 0.000528528
CN  0.0, 0.0, 0.0
H  0.0002710034, -2.83291e-05, -0.0002953804
H  -0.0001588302, 0.0004485915, -8.34578e-05
CN  0.0001377552, 0.0001067843, -0.0003151491
H  -0.0004976105, 2.19085e-05, -0.0001450263
H  -0.000492906, -5.24516e-05, 0.0007058769
CN  0.0, 0.0, 0.0
H  3.38713e-05, -0.0003749216, 0.00042834
H  -0.0004928384, 0.0002491085, -0.0009260458
CN  -0.0001603651, 0.0002095255, -4.43168e-05
H  -0.0004240233, 0.001292909, 0.0006743376
H  -0.0003039287, 0.0007801913, 0.000437249
CN  0.0, 0.0, 0.0
H  -0.0003965939, -0.0007368489, 0.0001347049
H  -0.0002934939, 0.0008391092, 4.71827e-05
CN  -0.0003224756, -5.91558e-05, 4.5327e-06
H  -0.0001752386, -0.0001569257, 0.0003404971
H  0.0013303305, 0.000834946, -7.98487e-05
CN  0.0, 0.0, 0.0
H  -0.0005122192, 0.0005159144, 0.0015072914
H  -0.0008358327, 0.0001423667, -0.0001640014
CN  0.0002534491, 2.07305e-05, -0.0001520946
H  -0.000397443, -8.83244e-05, -0.0001982035
H  0.0003374868, 0.0002283542, 0.0001420807
