CN  0.0, 0.0, 0.0
H  3.56414e-05, 0.0007159778, -0.0007278701
H  0.0003145452, -0.0001738665, 0.0003878181
CN  0.000113172, 0.0002121386, 7.93743e-05
H  0.0004591072, 0.000468376, -0.0004646753
H  -0.0004056649, 0.0006176649, -0.0001696805
CP  0.0, 0.0, 0.0
H  0.0002231162, 0.0006791757, 0.0001655296
H  -0.000911493, -3.759e-05, -0.0003552529
CP  -0.0001215688, -5.648e-07, 8.92974e-05
H  0.0006252529, -0.0004733679, -0.0008100309
H  0.0013289168, -0.0001667291, 0.0001681079
CN  0.0, 0.0, 0.0
H  0.000377476, 0.0004132281, 0.0005550445
H  5.1538e-05, -0.0007116461, 0.0004005002
CN  -3.43639e-05, -7.32478e-05, 8.73213e-05
H  0.0006326766, -0.0001558241, -0.0001457362
H  -0.0002862718, 0.0001088856, 0.000592679
CN  0.0, 0.0, 0.0
H  -0.0006498264, 0.0009205062, -0.0003230633
H  0.0004764325, 0.0006036213, 0.0008064498
CN  0.0002069628, 9.97968e-05, 0.000117941
H  -0.0002229973, 0.0013110984, -0.0010608549
H  -0.0007229271, -0.0011899427, -0.000172456
CN  0.0, 0.0, 0.0
H  -0.0006343647, -0.0008833462, 0.0001917058
H  -7.91578e-05, 0.0008791754, -0.0005352906
CN  0.000295026, 0.000181676, -8.12892e-05
H  6.40387e-05, 0.0001639009, -0.0009396613
H  -0.0009090606, -0.0004950847, 0.0006018677
CN  0.0, 0.0, 0.0
H  -0.0001722386, 0.000581088, -0.0005071184
H  0.0004199133, 0.000527817, -0.000187155
CN  -0.000353484, 0.0002168461, -0.0001963475
H  0.0001107204, 0.0006358151, -0.0003852804
H  0.0001671227, -0.0005588378, -0.0001962019
CN  0.0, 0.0, 0.0
H  -0.0001859775, 6.32531e-05, -0.0005091865
H  -1.74802e-05, 0.0002111211, 1.1065e-06
CN  -0.0001829407, 0.0002086392, -0.0001420448
H  -0.0001270045, 0.001361092, -0.0001106943
H  0.0005599068, -0.0011023862, -0.0007529821
CN  0.0, 0.0, 0.0
H  0.0003091871, 0.000529944, -0.000352827
H  2.59577e-05, -3.04524e-05, 0.0006583162
CN  4.13885e-05, -0.0001417493, 9.316e-07
H  -0.0001384553, -0.0008788126, -0.0005592659
H  -5.92784e-05, -0.000838764, 0.0008833923
CN  0.0, 0.0, 0.0
H  -0.0001875513, -0.0003951547, 0.0007501457
H  0.0002024199, -0.0001747248, -0.0009472067
CN  -0.0003377771, 1.8979e-05, -3.91518e-05
H  -0.0007797719, -0.0006048499, -0.0004775186
H  -0.0013647804, -0.0005065622, 1.94341e-05
CN  0.0, 0.0, 0.0
H  0.0008168607, 0.0001487442, -0.0001723906
H  -0.0003808289, -0.0011820068, 0.0009622
CN  9.81567e-05, 3.11354e-05, 9.25e-06
H  9.67164e-05, 0.0015332431, -0.0004320651
H  0.0011838014, -0.0004969057, 0.0005110358
