CN  0.0, 0.0, 0.0
H  -0.0003876676, 0.000948997, 0.0009926851
H  -0.0001748087, 0.0007282027, -0.000316269
CN  -3.36571e-05, -0.0001574561, -0.0001110744
H  -0.0009979027, 0.0001990982, -0.0001092147
H  0.000756775, 0.0007785549, -0.000676764
CP  0.0, 0.0, 0.0
H  -9.87682e-05, 0.0005672751, 0.001178085
H  5.14452e-05, -0.0010331894, -0.0002794504
CP  -7.94301e-05, 0.0001259612, 0.0001348942
H  -0.0010731073, -0.0008173861, 0.0001476677
H  -0.0006587382, -0.0003949893, -0.0006418342
CN  0.0, 0.0, 0.0
H  -0.0006059939, 0.000428436, 0.0010251637
H  -0.0002126502, -3.67078e-05, 0.0003468734
CN  -5.8574e-05, -0.0001071896, -0.0001572461
H  -0.0003394497, 0.0007686871, 0.0003769623
H  -2.05891e-05, 0.0003891066, 0.0001194241
CN  0.0, 0.0, 0.0
H  0.0008128758, -0.0001208726, 0.0001103898
H  -9.58633e-05, 1.90447e-05, 0.0002452286
CN  -0.0001700653, 0.0002524796, -0.0002145076
H  -2.86612e-05, -0.000385207, -4.53328e-05
H  0.0007597421, -0.0007131993, 0.0003197984
CN  0.0, 0.0, 0.0
H  0.0008967969, 9.20379e-05, 0.000439282
H  -0.0003607054, 0.0009521355, -0.0002365792
CN  7.40474e-05, -2.8397e-06, -6.9667e-05
H  0.0004624548, -1.65122e-05, -0.0008083515
H  -0.0003354846, 0.0001764479, 0.0002140605
CN  0.0, 0.0, 0.0
H  -0.0011697318, -0.0007386689, 9.2014e-05
H  -1.60255e-05, -6.71247e-05, 0.0004329353
CN  -5.78885e-05, 6.9079e-05, 3.60308e-05
H  0.0004114267, 1.28918e-05, -0.0001353548
H  -0.0004309344, -0.0013669677, -0.0005152173
CN  0.0, 0.0, 0.0
H  -0.0004157908, 0.0004606551, 0.0007825481
H  -0.0004497001, -0.0005839433, 8.29311e-05
CN  0.0001172449, -0.0002315869, 0.000152048
H  7.38602e-05, 0.0001509766, 0.0003178595
H  -0.0016348738, 0.0002451329, 7.71208e-05
CN  0.0, 0.0, 0.0
H  -3.7829e-05, -0.0011087659, -0.0007160921
H  -8.77429e-05, 0.0003456565, 0.0004538355
CN  6.70539e-05, -0.0001042177, -2.97405e-05
H  -0.001204644, -0.0003444645, 0.0002200043
H  0.001223217, 5.9286e-06, -0.0003075125
CN  0.0, 0.0, 0.0
H  -0.0005697274, 0.0002129029, -0.0003160211
H  0.0005228781, -0.0001863138, 0.0003750542
CN  8.97338e-05, -0.0002578473, 0.0003052228
H  -0.0002936683, 0.0003820366, -7.5938e-06
H  -0.0001100686, 0.0008223592, -0.00058735
CN  0.0, 0.0, 0.0
H  0.0011726017, 0.0008050209, 0.0004464987
H  -0.0002151383, -0.0014206534, 0.00092888
CN  -0.000171741, 3.54189e-05, -0.0001662845
H  -0.0006587313, -0.0001239206, 0.0005214706
H  -0.0007224826, 0.0005220587, -0.0001648536
