CN  0.0, 0.0, 0.0
H  0.0002986838, -0.001455865, 7.61647e-05
H  5.75997e-05, 0.0001196406, -0.0005129962
CN  -0.0003122103, 0.0003204861, 2.65771e-05
H  0.0015095305, -6.4253e-06, -0.000531397
H  0.0001709001, 0.0004912091, 0.00037895
CP  0.0, 0.0, 0.0
H  0.0002301271, 0.0003596758, 0.0004830999
H  0.0001483529, 3.04345e-05, 1.60209e-05
CP  3.95547e-05, 1.40969e-05, -7.7127e-05
H  0.0007969891, -5.8626e-05, -0.0004410462
H  0.0002699366, 0.0006349812, 5.62482e-05
CN  0.0, 0.0, 0.0
H  -0.0003510383, -0.0003789315, -5.96594e-05
H  -0.00091684, 0.0003276777, 0.0005504535
CN  1.28671e-05, -0.0001403756, 0.0001071952
H  -0.0001074649, -0.0006437725, -0.0008038651
H  0.0010122641, 5.6721e-06, -0.0002251523
CN  0.0, 0.0, 0.0
H  -0.0001771165, -0.0001445301, -0.0003769158
H  -0.0009850411, -1.0366e-06, 0.0007667115
CN  -5.50555e-05, -4.47757e-05, -1.9224e-05
H  -0.0006046246, 0.0002236728, 0.0005127464
H  0.000305994, -0.0006670818, -0.0005608503
CN  0.0, 0.0, 0.0
H  -0.0014328286, -5.565e-06, 0.000119933
H  -0.0001416925, -9.14469e-05, -0.0004621044
CN  6.91824e-05, 0.0001096315, -9.71e-06
H  0.0012721361, 0.0004803199, -0.0001388242
H  0.0003188525, 0.0015614861, 2.85988e-05
CN  0.0, 0.0, 0.0
H  -0.0008796948, -0.000330736, -0.0005045085
H  -0.0005993807, 0.0008270261, -8.6042e-05
CN  4.42394e-05, -4.89709e-05, -2.45429e-05
H  0.0004551848, -0.0005844099, -0.0004793046
H  2.73304e-05, -0.0005677396, -0.0011575705
CN  0.0, 0.0, 0.0
H  0.0012038017, 0.000647575, 0.0007696517
H  0.0005333719, -0.0007170398, -0.0005783494
CN  8.0273e-06, -1.5413e-06, -0.0001191296
H  -7.2853e-06, 0.0007584061, -0.0003072913
H  -0.0005722171, -0.0002069446, -0.0002857121
CN  0.0, 0.0, 0.0
H  -0.0001030481, -0.000914361, -0.0014299733
H  0.0001724801, -0.0004109548, -0.0008826221
CN  -5.96211e-05, 0.0001537905, -6.54852e-05
H  0.0001149061, -0.0004912226, -0.000532064
H  0.0007433782, 0.0002429754, 0.0003860287
CN  0.0, 0.0, 0.0
H  7.89623e-05, -1.52467e-05, 0.0002120862
H  -0.000376305, 0.0005704085, 0.000568896
CN  0.0003148232, -4.67249e-05, 0.0002364548
H  -0.0002243352, 0.0004580477, 0.0004511171
H  0.0004513811, -0.0002722775, 2.8794e-05
CN  0.0, 0.0, 0.0
H  -0.0006517859, 0.0006731429, -5.03745e-05
H  -0.0011509353, -0.000278364, -0.0001894226
CN  1.72002e-05, -1.44953e-05, 1.99543e-05
H  -0.0007643898, -4.3486e-06, 0.000430779
H  0.0002583194, -0.0009308261, -0.0005754517
