CN  0.0, 0.0, 0.0
H  -3.04664e-05, -0.0001832118, 0.0011999825
H  0.0004502044, 0.0005077874, -0.0003144833
CN  -4.8926e-06, 6.4189e-06, 0.0004423961
H  -0.0004384089, 2.63878e-05, -0.0005973558
H  -0.000850444, -0.0010203961, -0.0005691508
CP  0.0, 0.0, 0.0
H  0.0008691092, -7.37724e-05, -2.71171e-05
H  0.0001032953, 0.0005288274, -0.0005227446
CP  -3.7474e-06, 6.57298e-05, -6.62184e-05
H  0.0001190288, -0.0007572226, 0.0002897506
H  -0.000123497, 0.0003684835, 0.0006268788
CN  0.0, 0.0, 0.0
H  -0.0004739483, -0.0001250575, 0.0003840343
H  -0.00080347, 0.0002635022, -0.0013213237
CN  9.6285e-06, 1.40707e-05, -4.3303e-06
H  0.0006557835, -3.62824e-05, 0.0001926619
H  -0.0001193574, -0.0004657106, 0.0002261346
CN  0.0, 0.0, 0.0
H  -0.0006441154, 0.0004581375, 3.69615e-05
H  -9.32142e-05, 0.0003138987, 0.0004055692
CN  0.0001400236, 0.0001392228, 0.0002314081
H  -0.0001554992, 0.0006128998, -0.0001231099
H  0.0004239878, -0.0006614203, 0.0004299553
CN  0.0, 0.0, 0.0
H  0.0006731069, 7.7993e-05, -0.0002735174
H  -0.0002919113, 0.0008341306, 0.0004284636
CN  0.0001570059, 1.69232e-05, 0.0001641135
H  -0.0001737444, 0.0003125294, 0.000549303
H  0.000452377, 0.0002433807, 0.0004970246
CN  0.0, 0.0, 0.0
H  0.0007988914, -8.75512e-05, 0.0002865993
H  -0.0001394398, -0.0003920249, -0.0005351321
CN  -0.0001596358, 0.000118631, 8.03934e-05
H  0.0004733227, -0.000398698, -0.000619937
H  0.000518457, -0.000717843, 0.0004655416
CN  0.0, 0.0, 0.0
H  0.0001491585, 0.0004727333, 0.0001484585
H  0.0010116207, 0.0003567618, 0.000782465
CN  -0.0001194789, -2.1785e-05, 0.0001985037
H  4.7122e-05, -0.0005387379, -0.0002035513
H  -0.0003953166, -0.0009952624, -0.0003286915
CN  0.0, 0.0, 0.0
H  0.0003460515, -0.0007595694, 5.09553e-05
H  0.0003787748, -0.0004331634, 0.0004132736
CN  -0.000117423, 4.027e-05, -0.0001942735
H  0.0005191997, -0.0009413355, -2.92466e-05
H  -0.0002669853, -0.000266806, 0.0006893016
CN  0.0, 0.0, 0.0
H  3.09733e-05, 0.0008878517, -0.0012420083
H  0.0005668515, -0.0002425046, -0.0002103782
CN  0.000134724, 0.0002779816, 0.0001959479
H  -2.5838e-05, 0.0005507412, -0.0009965232
H  -0.0002848074, 0.000435221, -7.08996e-05
CN  0.0, 0.0, 0.0
H  -0.0006416248, -0.0001486693, -0.0002007391
H  0.0001914779, -0.0004676817, 0.0004518996
CN  3.54212e-05, -1.58254e-05, -0.0001783364
H  -0.0003470955, -9.95789e-05, 0.0011470165
H  -0.000619989, 0.0010361791, -4.7352e-05
