CN  0.0, 0.0, 0.0
H  0.0001183886, -0.0007993263, 0.0006267661
H  -0.0007443105, -0.0001351033, -0.0008323801
CN  0.0005257431, 0.0002027992, 5.96095e-05
H  -0.0001066251, -0.0006640179, 1.71237e-05
H  0.0003558183, 0.0001390949, -0.0007180509
CP  0.0, 0.0, 0.0
H  0.0007044648, -0.0004737436, -0.0005647643
H  0.0002037714, 0.0001498532, -0.0003774725
CP  0.0001057109, 8.30136e-05, 0.0001606633
H  -0.0004819218, 0.0004967054, 0.0001296067
H  -0.0002985344, -0.0003470046, 0.000755071
CN  0.0, 0.0, 0.0
H  -0.000543483, 0.0005772024, -0.0005905449
H  0.0004663398, -0.0006482413, -0.0006539549
CN  -0.0003634974, -4.5136e-06, -0.0002619424
H  -0.000191191, 0.0007631875, 0.000501485
H  -4.18455e-05, -9.26899e-05, -0.0002719407
CN  0.0, 0.0, 0.0
H  0.0006604553, -0.0013504404, 0.0005535946
H  -2.648e-06, 0.000359079, 0.0010602722
CN  -0.0001902089, -4.6472e-05, -0.0001676366
H  -0.0008576826, -0.0005029284, 0.0006132866
H  0.0004337448, -0.0001514876, 0.0002773538
CN  0.0, 0.0, 0.0
H  0.0004709261, 0.0001807266, 8.16199e-05
H  -0.0010204196, -0.0010572581, -0.0008074714
CN  -0.0001661742, -0.0002389596, 0.0003998023
H  0.000475075, -0.0005112219, 0.0001360707
H  0.0005879669, -0.0002449563, 0.0002943243
CN  0.0, 0.0, 0.0
H  -0.0001652366, 0.0006336124, -0.0003354058
H  0.0002830733, -0.0003046439, -0.0002830581
CN  -8.71468e-05, 0.0001790068, -0.0001756149
H  0.0006165203, 1.81621e-05, 7.13679e-05
H  -0.0003598119, -0.0007829612, -0.0004597308
CN  0.0, 0.0, 0.0
H  0.0006821383, 0.0004056186, 0.0004301699
H  0.0010702689, -0.0001387432, -0.0010729503
CN  -1.17299e-05, -0.000130604, 0.0002336809
H  0.000518684, 9.75823e-05, -0.0011857077
H  0.0001529171, 0.0006499358, -0.0001842714
CN  0.0, 0.0, 0.0
H  -0.0006082579, -0.0002314993, -0.0004842134
H  -0.0005177242, -0.0009443706, 0.0007300827
CN  8.95393e-05, 8.0227e-05, 8.13825e-05
H  -0.0006783021, -0.0009330353, -3.16849e-05
H  -0.0007542885, 0.0002042378, -0.000471105
CN  0.0, 0.0, 0.0
H  0.000242027, 9.45461e-05, 0.000684558
H  0.0004771013, -0.0003572084, -0.0007363733
CN  7.4107e-05, 0.0002347144, 0.0001694685
H  0.0006256642, -0.0008136804, 0.0002539966
H  -0.0002690609, 0.0004599591, 0.0004372048
CN  0.0, 0.0, 0.0
H  -0.0003563804, -0.0005292712, 0.0004883523
H  6.48811e-05, -0.0002822713, 0.0001015882
CN  -0.0001453527, 3.313e-05, -0.0003563318
H  0.0002253882, -0.0005374475, -0.0002201923
H  -0.0001896143, -0.0003820903, -5.93195e-05
