CN  0.0, 0.0, 0.0
H  -0.0011686238, -0.0008642774, -0.0014423492
H  -0.0004973595, 0.0008455453, -0.000526688
CN  8.82644e-05, 0.0002824248, -0.0001150219
H  -0.0002934873, -0.0004900611, 0.0004614581
H  -0.000564974, 0.000674251, 0.0011300276
CP  0.0, 0.0, 0.0
H  0.0001599503, 0.0002268941, 0.0002701073
H  0.0010789352, -0.0008015837, -0.0004151788
CP  -8.91338e-05, 6.8122e-06, -0.0001376017
H  -0.001025507, -0.0003457643, -0.0015428156
H  0.0005584805, -0.0001832476, 0.0003218708
CN  0.0, 0.0, 0.0
H  0.0002262083, 0.0005118224, -0.0005399538
H  -0.0011503136, -0.0001833461, 0.0003235642
CN  9.3663e-05, -0.0001529654, -0.000158383
H  -0.0006469107, 0.0006849303, -0.0001624683
H  0.0003440524, 0.0002517798, 0.0002254762
CN  0.0, 0.0, 0.0
H  -0.0002408071, -0.0001477974, 0.000326768
H  0.0006802013, -0.0007007938, 0.0003471946
CN  8.46636e-05, -0.00038488, -0.0001432838
H  0.0002917096, -0.0006149053, 0.0006556603
H  0.0001148953, 0.0004203134, -0.0002279435
CN  0.0, 0.0, 0.0
H  -0.000123619, -0.0001815443, 0.0002628668
H  -0.0003663566, -0.0013938104, -0.0003551844
CN  -1.20962e-05, 8.57282e-05, -0.0001262783
H  -0.000622708, -0.0004748025, 0.0002049946
H  0.0001324537, 0.0003117539, -0.0005212429
CN  0.0, 0.0, 0.0
H  0.0002541757, -0.0002442275, -8.99506e-05
H  -3.40272e-05, -0.0003984723, -0.0003834533
CN  5.32309e-05, -4.64639e-05, 1.63891e-05
H  -8.0699e-06, 0.000468339, -0.0003605542
H  0.0006020988, 0.000900388, -0.0006890815
CN  0.0, 0.0, 0.0
H  -0.0004297881, -0.0004016841, 8.14818e-05
H  0.0001007649, -0.0001382572, -0.0008254965
CN  0.0002411884, -3.71485e-05, 0.0002550127
H  -0.0008065721, -0.0007796967, -0.000132684
H  -0.0003885422, -0.0010382799, -0.0001203077
CN  0.0, 0.0, 0.0
H  0.0001508925, 0.0001812266, 0.0002367223
H  0.0012902427, -0.0008392805, 3.51118e-05
CN  7.84578e-05, -0.0001053491, 3.33516e-05
H  0.0003942977, -7.89004e-05, -0.0009409087
H  0.0001600761, -2.75641e-05, -0.0001226262
CN  0.0, 0.0, 0.0
H  2.61655e-05, 0.0003511937, -5.55211e-05
H  0.0003739687, -0.0002312552, 0.0006095702
CN  -0.0001356635, 5.51338e-05, -4.01018e-05
H  -0.0009201681, 0.0003125276, -0.000975853
H  -2.89765e-05, -0.0001316262, -0.0010508278
CN  0.0, 0.0, 0.0
H  -0.0003763486, 0.0013997867, 0.0006249234
H  -0.0005086167, 0.0001645753, 0.0003226924
CN  -0.0001050934, 0.0001899185, -0.0001374816
H  2.73016e-05, -0.0003052106, -0.0001571369
H  0.0004239308, -0.0004405438, 0.0013656083
