CN  0.0, 0.0, 0.0
H  -0.0001475101, -9.86441e-05, -2.14577e-05
H  -0.0004717769, -0.0002053762, -2.5282e-05
CN  -2.1132e-06, -0.0003353298, 2.09187e-05
H  0.0007086237, -0.0003013912, -0.0005150635
H  0.0009296173, -0.0007731287, 0.0010225945
CP  0.0, 0.0, 0.0
H  0.0001969765, -0.00044483, 0.0004783614
H  -0.0002453265, 0.0010167534, -0.0002813542
CP  0.0002015472, 1.56552e-05, 0.0002993432
H  -0.0001292203, -0.0005959428, 0.0003227892
H  0.0017353805, -0.0007718238, -0.0003291248
CN  0.0, 0.0, 0.0
H  -0.0002334105, -0.0002170951, -0.0006258266
H  -7.37344e-05, 3.88225e-05, 6.3765e-06
CN  0.0002446248, -0.0001086622, -0.0002298873
H  0.0004669583, -8.8923e-06, -0.0001953482
H  0.0001654078, 0.0001349494, 0.0001257973
CN  0.0, 0.0, 0.0
H  0.0005547529, -0.0004071802, 0.0009781973
H  -0.0011138827, 8.82665e-05, 0.0001660795
CN  0.0001003566, 0.0002491461, 0.0003117108
H  -0.0008322033, -0.000827399, 0.000467654
H  -0.0004389118, 0.0004663077, 5.0914e-06
CN  0.0, 0.0, 0.0
H  -0.0002049914, -0.0002541276, 0.0011668543
H  -4.62354e-05, -0.0006477532, -8.3603e-06
CN  -0.0001116941, 0.0002834922, -0.0002298644
H  -0.0002195047, 0.0008452268, -4.66149e-05
H  0.0008489884, 1.43519e-05, -1.52118e-05
CN  0.0, 0.0, 0.0
H  0.0011466671, -0.0001642328, 4.7073e-06
H  9.66187e-05, -0.0007286648, 0.0004993029
CN  2.84336e-05, -0.0001747782, -8.64829e-05
H  -0.0004837872, -0.0005657011, 2.46537e-05
H  0.0001920674, -0.0005289876, -0.0003447977
CN  0.0, 0.0, 0.0
H  0.0006703315, -7.8302e-05, 0.0007100785
H  -0.0001202052, -0.0004472265, -0.0007157845
CN  -0.0001227005, 0.000105197, 4.24996e-05
H  0.0014666772, 0.0007002144, -5.2617e-06
H  -0.0005303573, 0.0001056967, -0.0002782516
CN  0.0, 0.0, 0.0
H  -0.000139998, -0.0001912185, -0.0003274237
H  -0.0006498413, -0.0005700429, -9.7172e-06
CN  0.0001319605, -9.5924e-06, -0.0002026618
H  0.0004048314, 0.0001349513, -0.0003469944
H  -0.0006565023, 5.16937e-05, 0.0004483715
CN  0.0, 0.0, 0.0
H  0.0005796954, -0.0003485363, -0.0004819512
H  -0.0008698899, 0.001414245, -0.0015208715
CN  2.19075e-05, -9.76512e-05, -0.0002876386
H  3.25813e-05, 0.0007873136, 0.0006656688
H  -0.0002427231, 0.0001353649, 0.0001313799
CN  0.0, 0.0, 0.0
H  0.0006160748, 0.000171922, 0.0004638125
H  0.0003665499, 7.29654e-05, 0.0005570927
CN  9.08773e-05, 0.0002668615, -2.83984e-05
H  0.0009018588, 0.0002194972, 0.0004046334
H  -0.0001061184, -0.0005339957, -0.0002818029
