CN  0.0, 0.0, 0.0
H  -1.52744e-05, 0.0001919377, -0.0005957924
H  0.0002637741, -0.0006886796, -0.0001849638
CN  0.0001870591, 0.0002752987, -0.0003519786
H  -0.0004475793, 0.0002451373, 0.0001281045
H  -0.000605034, -0.0004777329, 0.00068406
CP  0.0, 0.0, 0.0
H  7.21466e-05, -0.0001824178, -2.88692e-05
H  -0.0003186462, 0.0010085767, -0.0003667498
CP  8.3269e-05, 0.0001225915, 9.99773e-05
H  3.1136e-06, -0.0003303483, 0.0006351272
H  -0.0004330716, -0.0012573277, -0.0002105656
CN  0.0, 0.0, 0.0
H  9.11574e-05, -0.0008747084, -5.20581e-05
H  -0.0002427626, 0.0004410716, 0.0002884432
CN  2.84486e-05, 3.35586e-05, 5.33314e-05
H  0.0004897953, -0.0002123909, -0.0013740209
H  -0.0002160018, 0.0005056531, 0.0004839511
CN  0.0, 0.0, 0.0
H  -0.0007397592, -0.0002363431, -0.0002283399
H  -0.000412367, -0.000728258, 0.0002628105
CN  1.46442e-05, 3.27115e-05, -0.0001431876
H  -0.0002919003, 0.0003487986, -0.0003986957
H  0.0003305459, -0.000453331, -0.0002181523
CN  0.0, 0.0, 0.0
H  0.000548826, 0.0002587308, 0.0007768931
H  -0.0002657939, 0.0004650161, 0.0001441756
CN  5.67234e-05, -7.57692e-05, 0.0004094064
H  5.43971e-05, -0.0009878008, -0.000839865
H  0.0005092657, -0.0004420222, -0.0002642533
CN  0.0, 0.0, 0.0
H  0.0006655987, -0.0006238304, -0.0006407582
H  0.0004718861, -0.0001720528, 0.000361864
CN  0.0003971233, 7.38994e-05, -0.0002234645
H  7.36656e-05, -0.0001459142, 0.0002458241
H  0.000557978, 7.55226e-05, -0.001057495
CN  0.0, 0.0, 0.0
H  -0.0001867195, 0.0001904447, 0.0004542403
H  0.0015889773, 0.0003566278, -0.0001060016
CN  -0.0001579895, 0.000251281, 7.72815e-05
H  0.0005793934, 0.0007863928, -0.0001999891
H  0.0002777879, 0.0002823962, 7.94972e-05
CN  0.0, 0.0, 0.0
H  0.0005088417, 0.0008520017, -4.99679e-05
H  -0.000446107, 0.0002429099, -4.5651e-05
CN  -9.14282e-05, -1.45086e-05, -0.0001237133
H  0.0004730563, -0.0003679075, -0.0006864547
H  -0.0006544691, 0.0016658912, -0.0009529333
CN  0.0, 0.0, 0.0
H  -0.0001037637, -0.0002045403, -0.0013108241
H  0.0001110452, -0.0008965539, -0.000213011
CN  0.0001041668, 5.74455e-05, -9.72213e-05
H  -0.0003257106, -0.0001233872, 8.52404e-05
H  0.0007773709, 3.43275e-05, -0.0011390257
CN  0.0, 0.0, 0.0
H  -1.8548e-05, 0.0008651188, -7.17264e-05
H  -0.0009088338, -0.0002897099, -0.0001123342
CN  -3.92255e-05, -0.0001803173, -0.0001728943
H  -0.0003246936, -0.0002863735, 0.0004804841
H  -0.0007484936, -0.0003799271, 0.0005022042
