CN  0.0, 0.0, 0.0
H  -3.09648e-05, 5.02844e-05, 0.0011533725
H  -0.0001337422, -0.0003529657, -3.09392e-05
CN  0.0001068544, 5.31001e-05, -7.87047e-05
H  -0.0002335678, 0.0006903893, 0.0003822016
H  0.0007682332, 0.0001388793, -0.0007031814
CP  0.0, 0.0, 0.0
H  0.0006777824, -0.0002412968, 0.0006872425
H  0.0014261626, -0.0003929449, 5.0349e-06
CP  4.0638e-06, 6.14501e-05, -0.0001061839
H  -0.0015619194, -0.0005066225, -0.0004523032
H  -0.0001820848, 0.000179173, 2.46873e-05
CN  0.0, 0.0, 0.0
H  0.000938597, 0.0003916739, 0.0002411018
H  0.0001750983, 0.0005043656, 0.0008522997
CN  0.0001690038, 8.41743e-05, 0.0001596393
H  -0.0001163431, 0.0003813912, -0.0007185849
H  0.0006486224, -0.0005484295, 0.0001636362
CN  0.0, 0.0, 0.0
H  0.0004070728, 0.001215422, 4.76678e-05
H  -0.0009547011, -0.0002342512, -0.0008048993
CN  -6.82683e-05, -0.0002957635, -0.00012254
H  -0.0009262117, -0.000386918, 0.0003875555
H  -0.0004464703, 2.93014e-05, 0.0003614898
CN  0.0, 0.0, 0.0
H  0.0002971581, -0.0002818415, 0.0012401268
H  -2.16886e-05, 0.0008736649, -0.0007475938
CN  -8.2719e-06, 6.79001e-05, 0.0003606678
H  0.0002823385, 0.0001296523, 0.0002291768
H  -0.0014986593, 0.0001662343, 3.50639e-05
CN  0.0, 0.0, 0.0
H  -0.0002128756, -0.0006939417, 0.000250386
H  -0.0001811266, 3.61728e-05, 0.0001066538
CN  0.0001384371, 4.0656e-06, 9.73854e-05
H  0.001030446, 0.0004793723, -0.0002407155
H  0.0005315012, -0.0007160605, 1.22022e-05
CN  0.0, 0.0, 0.0
H  0.0001305042, -0.0008541699, -0.0001725652
H  -0.0008020809, 0.0008427642, -0.0001153274
CN  -0.0002156727, -0.0001051033, 0.0002232922
H  -6.35535e-05, -0.0001998182, 0.0003317123
H  5.4062e-05, 0.0004386873, -0.0001944084
CN  0.0, 0.0, 0.0
H  1.91115e-05, -0.0005629625, 0.0001223039
H  2.41024e-05, -0.0003791928, 0.0007917261
CN  -6.43873e-05, 0.0002814404, 8.36378e-05
H  7.5293e-05, -0.0005481843, -0.0004541599
H  0.0009314086, 0.0007225432, 0.0002193729
CN  0.0, 0.0, 0.0
H  -0.0003272274, -0.0003538449, 0.0002051244
H  -0.0011173093, 0.0003049808, -0.0001877847
CN  0.0001673763, -0.0001885498, 4.94761e-05
H  0.0005248461, 0.0004737712, -0.0005795887
H  -0.0003109068, -0.0004756751, -0.0001977483
CN  0.0, 0.0, 0.0
H  -0.000550291, 0.0007797717, -1.12177e-05
H  0.0003505377, 0.0002341973, -0.00039367
CN  -0.0002498701, 3.87101e-05, -0.0002926709
H  0.0002458482, -0.0004354218, -0.0003474449
H  -0.0006211993, -0.0007597273, -0.0001390646
