CN  0.0, 0.0, 0.0
H  -0.0002175772, -9.15286e-05, -3.59383e-05
H  0.0004044525, 0.0011735631, -0.0004258457
CN  4.38946e-05, 0.0001813067, 6.1946e-06
H  -0.0008341295, 0.0001568729, -0.0002153143
H  0.0004655141, 0.0001959014, -0.0006622212
CP  0.0, 0.0, 0.0
H  0.0012398351, 1.0013e-06, 0.0005863801
H  -0.001100987, 3.98092e-05, -0.0002806976
CP  -0.0001792313, 0.0001176071, 8.05753e-05
H  -0.0004177925, 0.0002760152, -0.0004810519
H  0.0001132803, 0.0002165134, 0.0009120218
CN  0.0, 0.0, 0.0
H  -0.0004815202, -0.0003724111, 6.72751e-05
H  0.0006196583, 0.0002554626, 0.000154529
CN  0.0002608799, -0.0002599253, -0.000133716
H  0.0010607298, 0.0007482189, 0.0006646444
H  0.0001912379, -0.0003942499, 2.87567e-05
CN  0.0, 0.0, 0.0
H  -0.000843538, 1.94631e-05, -0.0002085714
H  0.0012017934, 0.0004047963, -0.0005637698
CN  -4.32584e-05, -0.0002963436, 0.000119865
H  0.000265562, -0.0006702765, -0.0006121175
H  -0.0007875682, -9.11386e-05, 0.0004733271
CN  0.0, 0.0, 0.0
H  -0.0003751505, 0.0002276727, -0.000456437
H  0.0008635105, -0.0006060325, -0.0003095878
CN  0.0001971967, 0.0001689806, 4.44042e-05
H  0.0004359103, 0.0004627942, -0.0003148611
H  -0.0007038961, 0.0001894868, 0.0019125337
CN  0.0, 0.0, 0.0
H  0.0011695466, 0.0008918277, 0.0002222573
H  0.0001840573, -0.0007072958, -0.0002943522
CN  -0.0001565182, 7.82214e-05, 0.0002921735
H  -0.0002556041, 0.0004012193, 0.000695814
H  -0.0016289838, -8.65207e-05, -0.0005282883
CN  0.0, 0.0, 0.0
H  -0.0001331349, -0.0005559301, 0.0001798896
H  0.0001663851, -6.36558e-05, 0.0006686483
CN  0.0001929584, -8.69036e-05, 4.80479e-05
H  0.0005318209, 0.0001255667, -0.0001736143
H  -0.0003460848, -0.0002150918, -7.98545e-05
CN  0.0, 0.0, 0.0
H  0.0003860794, -0.00023302, 0.0007187026
H  -0.0001410783, -0.0007072535, 0.0005640467
CN  -0.0002198296, 0.0001719419, 2.54011e-05
H  0.0003717867, 0.0004096828, -4.9954e-05
H  -0.0002554231, 0.0004180113, 0.0007188255
CN  0.0, 0.0, 0.0
H  -0.0006831856, 0.0004668105, -0.0007572026
H  -0.0002676115, -0.0010481709, 0.000407537
CN  -2.19279e-05, 0.000116255, 6.82565e-05
H  -0.000159215, -0.0003114928, -0.0002547264
H  -5.04486e-05, 0.0001802837, -0.0002980249
CN  0.0, 0.0, 0.0
H  0.0002439231, 0.0001994042, 0.0002445838
H  0.0006667808, 0.0012129142, -0.0013348355
CN  0.0001677994, 0.0001552813, -1.44281e-05
H  -0.0007720718, -0.0006634329, 0.0002268484
H  -0.0002006674, 0.0007936506, 0.0008826888
