CN  0.0, 0.0, 0.0
H  0.0002626876, -0.0003395711, 0.0006897166
H  -0.0009459404, -0.0004733478, 0.0003345797
CN  4.87137e-05, -0.0001734165, -0.0002617341
H  -0.0004216611, 0.0007392077, 0.0004121593
H  -0.0001089333, -0.0004595717, -0.0003571996
CP  0.0, 0.0, 0.0
H  -0.0006107669, 0.0006760724, -8.91434e-05
H  -0.0005713681, -0.0011299689, 0.0003431398
CP  0.000290888, -0.0001691597, -3.74704e-05
H  0.0010014774, 0.0004877934, -0.0013752232
H  0.001059464, -0.0006473384, -0.0001046797
CN  0.0, 0.0, 0.0
H  -0.0001681311, -2.7575e-05, 0.0009700785
H  0.0001332592, -0.0004689067, 0.0003202237
CN  0.0001809041, 6.70432e-05, -7.37745e-05
H  -0.0001611822, 0.0004596535, -0.0005452063
H  0.000141172, 0.0006060287, -0.0002819667
CN  0.0, 0.0, 0.0
H  0.000330633, 0.0006529008, -0.00024502
H  0.0005482416, -0.0005255905, -0.0002805056
CN  -0.000157806, -0.0002558317, -0.0001088392
H  0.0002603388, 0.0007729822, -0.0003399764
H  -0.0005160433, -0.0003154099, 0.0003425577
CN  0.0, 0.0, 0.0
H  -0.0001302935, -0.000302765, 0.0005304963
H  -0.0006307339, 0.0002465809, 0.0004431553
CN  -4.15008e-05, -0.0002676103, 0.0001367995
H  -0.0002202727, 0.0005312629, 0.0007185543
H  0.0003374194, -0.0002948788, 0.0002031905
CN  0.0, 0.0, 0.0
H  -0.0007047835, -0.0005340171, 5.98564e-05
H  -0.000215402, 0.0001543463, 0.0001579886
CN  4.15854e-05, 0.0001125343, -3.1742e-06
H  -0.0001620674, 0.000125541, 0.0001956207
H  0.0003610998, -0.0004289946, 0.0006211715
CN  0.0, 0.0, 0.0
H  -0.000293004, 0.0008428034, 0.0008915554
H  0.0003328273, 0.0005278447, -0.0001780669
CN  -4.22604e-05, 6.41817e-05, -0.0001830983
H  -0.0002069485, -0.0009247529, -0.0004853046
H  1.7839e-05, -0.0001623537, -0.0011216715
CN  0.0, 0.0, 0.0
H  0.0001098968, 0.000624446, 0.000793257
H  -0.0005985673, 0.0003232458, -0.0001900406
CN  2.32322e-05, 0.0001007758, -1.12032e-05
H  -0.0002591603, 0.0003602301, -0.0009475484
H  -0.0003067287, 0.0004347371, -6.3389e-06
CN  0.0, 0.0, 0.0
H  6.95439e-05, -0.0001537933, 0.000813792
H  0.0002624925, -0.0003217326, -0.0012066201
CN  0.0001367515, 2.95179e-05, 0.0002292956
H  0.0003613635, 0.000455247, 0.0008450063
H  -3.9115e-06, 0.0004557169, -0.0002166025
CN  0.0, 0.0, 0.0
H  0.0003254443, 0.0003246952, 0.0003052963
H  -0.0002316149, 0.0005699412, 0.0005664014
CN  0.000288369, 0.0003634956, 1.15152e-05
H  -0.0002847356, -0.0004964658, -0.0002440515
H  -5.99519e-05, 0.0004914085, 0.0015636684
