CN  0.0, 0.0, 0.0
H  -0.0006872061, 0.00058451, 0.0003309434
H  -0.0003421572, 0.0004500735, 6.23884e-05
CN  6.509e-05, -8.94087e-05, -0.0001127272
H  0.0002871128, 0.0002044118, -0.0002493587
H  -0.0012855408, -0.000367685, 0.0005419192
CP  0.0, 0.0, 0.0
H  -0.0010293061, -0.0003256854, -9.36342e-05
H  0.0002645995, -0.0004459598, 0.0002414409
CP  -8.44331e-05, 9.50562e-05, 0.0001664974
H  0.0001664194, -0.0008847425, -0.0003295449
H  0.0002603297, -0.0002667905, 0.0011041681
CN  0.0, 0.0, 0.0
H  -0.0007299973, -9.16852e-05, -0.0006432354
H  -0.0003792619, 0.0001986237, 0.0006254603
CN  3.57131e-05, 3.18746e-05, -6.33629e-05
H  -0.0005507444, 0.000174958, -0.0002526403
H  -0.0013282397, -0.0005233512, -0.0005264511
CN  0.0, 0.0, 0.0
H  -0.0005534207, -0.0004830083, 0.0001512204
H  0.0016910794, -0.0009084029, 2.8535e-06
CN  9.09117e-05, 4.11243e-05, -0.0002987866
H  0.0003151046, 0.0001150112, 0.0005757222
H  0.0001197615, 0.0006281986, -0.0001122074
CN  0.0, 0.0, 0.0
H  -0.0004135042, 0.000490678, 0.0007219464
H  0.0003794448, 0.0002853295, -0.0001889159
CN  0.0001497649, -0.0002121666, 4.08846e-05
H  0.0008685451, 0.0004447096, -0.0002076202
H  9.57875e-05, 4.62223e-05, 0.0010514365
CN  0.0, 0.0, 0.0
H  0.0005368912, 7.13719e-05, 0.0002626694
H  -0.0001142745, -0.0002522302, 0.000404099
CN  0.0002737174, 0.0001329943, 0.0002404184
H  0.0009223461, 0.000229858, -0.0001405891
H  -0.000831764, -0.0001102848, -0.0001474129
CN  0.0, 0.0, 0.0
H  -0.0001739949, 0.0003875097, -0.0004517857
H  0.0002604794, 0.0009548039, 0.0012939132
CN  -2.88439e-05, -0.0001455042, 4.41101e-05
H  -0.0007355321, -0.0006292887, -0.0005864397
H  -0.000331523, 0.0003730777, -0.0002776888
CN  0.0, 0.0, 0.0
H  -0.0005450711, 8.16222e-05, 0.0004921714
H  0.0003870162, -0.0005873579, -0.0009636714
CN  -2.97958e-05, -0.000324271, 0.0002054103
H  0.0005329542, -0.000399997, 0.00010688
H  -0.0004301583, -0.0006608956, -0.0001300136
CN  0.0, 0.0, 0.0
H  0.000949583, -0.0005594715, 0.0002019035
H  4.81534e-05, -0.0004601369, -0.0010938867
CN  -5.48991e-05, 0.000121532, -0.0001696332
H  -6.74721e-05, 0.0002168333, -0.0001449193
H  -0.0015212548, -0.0004033849, 0.0009849341
CN  0.0, 0.0, 0.0
H  0.0003224784, -2.74995e-05, 0.0008807789
H  0.0003285096, -0.0005789311, -0.0004153664
CN  9.566e-05, -8.73046e-05, -0.0001183186
H  -9.92259e-05, -0.000490092, -3.61503e-05
H  -7.60292e-05, -0.0004819622, -0.0007184479
