CN  0.0, 0.0, 0.0
H  0.0001084272, -0.0005242247, 0.0002324456
H  -0.0003465714, -0.0001001434, 0.0004186678
CN  0.0003619127, 8.6997e-05, -0.0002344003
H  0.0002506696, 0.0014308484, 0.0008582935
H  -0.0006706434, -0.0016148566, -0.0003279741
CP  0.0, 0.0, 0.0
H  -0.0001833259, -0.000223733, 0.0001310836
H  -0.0012773202, 0.0001070682, 0.0007994502
CP  0.0004698642, 0.0001870945, 2.75088e-05
H  0.0006590353, -0.0003802868, -0.000155943
H  -0.0001649675, -0.0007957231, -0.0003248792
CN  0.0, 0.0, 0.0
H  -6.01997e-05, -0.0004242346, -0.0007458797
H  -0.000504619, -0.0006100969, 0.0003397074
CN  4.72932e-05, 7.98861e-05, -0.0002340575
H  -0.000773415, -0.0008019058, 0.0006865795
H  0.0004376666, -0.0010567387, 0.000374019
CN  0.0, 0.0, 0.0
H  -0.0006391062, -0.0003818253, -0.000268269
H  -0.0004655217, 0.0001870831, 0.0008189641
CN  0.0001178097, 8.40436e-05, 4.9284e-05
H  0.0018069019, -0.0003912986, -8.87195e-05
H  0.0007616953, -0.0001386729, 0.000436975
CN  0.0, 0.0, 0.0
H  0.0009710352, -0.0001207782, 0.0005221419
H  -0.0001117638, -0.0008266326, -0.0007951471
CN  -4.23411e-05, 9.73925e-05, 0.0001503567
H  -0.0005950238, -0.0006615367, 0.0005969109
H  0.0003491649, -0.0011619823, 0.0001972617
CN  0.0, 0.0, 0.0
H  -0.0003584219, -0.0003439172, 0.0001418299
H  -0.0006841183, 1.47615e-05, -0.000616303
CN  -0.0002872214, -0.0001449473, 0.0001899135
H  -0.0002857982, 0.0001272232, 0.0003675224
H  -0.000628818, -0.000149267, -0.0007728805
CN  0.0, 0.0, 0.0
H  0.0002047178, 0.000115985, -0.0007940018
H  0.0002065673, 1.90956e-05, 0.0013588287
CN  2.7722e-06, 2.47549e-05, -3.83846e-05
H  -0.0002665372, 0.0003429592, -0.0005256203
H  0.0009717823, 0.0004730353, -0.0004446043
CN  0.0, 0.0, 0.0
H  -0.0003005825, 0.0001931314, -0.0002846708
H  -0.0002314325, 0.0003102436, 7.98218e-05
CN  -2.46517e-05, 0.0002067172, 3.65001e-05
H  -0.0002703007, 6.94793e-05, 6.11365e-05
H  0.0002858347, -8.64386e-05, -0.0005467103
CN  0.0, 0.0, 0.0
H  0.0012380197, -0.0003567551, 0.0010033401
H  -2.71904e-05, -0.0006524795, 0.0005429198
CN  0.0001260091, -0.0001022682, 2.97267e-05
H  -0.0002411539, 0.0003586041, -0.0002314551
H  -0.0002587455, -0.0007564316, -5.80478e-05
CN  0.0, 0.0, 0.0
H  0.0011254628, -0.0001342872, -0.0005406608
H  0.0002742803, 0.0001066516, 0.000236479
CN  8.48452e-05, 2.46596e-05, -0.0001700294
H  0.0001482832, 0.0008015235, 0.0006817116
H  -0.0004744472, 0.0010437109, 0.0005061316
