CN  0.0, 0.0, 0.0
H  -0.0005532545, -0.0008820496, -0.0002899223
H  -0.000420546, -0.0013933306, 0.000710628
CN  -0.0001146984, -0.0001651647, -2.34204e-05
H  -0.0010384301, -0.0006304269, 0.000526991
H  -0.0007311814, 0.0005682813, 1.82661e-05
CP  0.0, 0.0, 0.0
H  0.0001690986, 0.0002450074, -0.0006607165
H  0.0001480472, 0.0004572875, 0.0011623467
CP  0.0001094773, 0.0001563188, 5.68129e-05
H  0.0011395718, 7.24571e-05, -0.0004301243
H  -0.0003314044, 0.0001023556, 0.0001879025
CN  0.0, 0.0, 0.0
H  -0.0001559916, -0.0005759449, 0.000378211
H  -0.0002800307, -0.0002807641, 0.0003389956
CN  8.34186e-05, 8.09129e-05, -0.0001382506
H  0.0005147812, 0.0014393493, -0.0006741764
H  -0.0007639472, 0.0006754199, -9.39449e-05
CN  0.0, 0.0, 0.0
H  0.0005695476, 0.0005359936, -0.00051849
H  3.01197e-05, -0.0004783767, 0.0009595507
CN  -0.0002226308, 0.0001101151, -0.0001414453
H  -0.0006029618, -0.0005542814, 0.0004771618
H  -0.0007614259, -0.0008557509, -0.0004746371
CN  0.0, 0.0, 0.0
H  -0.000109062, 0.0003361585, -0.0003307413
H  -0.0004960093, 0.0010287412, -0.0002975914
CN  0.0001698051, 0.0001378932, 2.15431e-05
H  0.0006447831, 0.0004274283, 0.0003836772
H  0.000322974, -0.0001950808, -0.0002229051
CN  0.0, 0.0, 0.0
H  0.0002310499, -3.08518e-05, -0.0003392631
H  0.0003872711, 0.0007604184, 0.0001423643
CN  -0.0001496671, 8.56202e-05, -6.68788e-05
H  -0.0002260027, -0.0006305658, 0.0010000998
H  0.0001440577, 0.0006307812, 0.0006958118
CN  0.0, 0.0, 0.0
H  0.0006586304, -0.0003720254, -0.0009850281
H  0.0005401988, -0.0004617871, -0.0007603959
CN  -6.94988e-05, 0.0004166715, 2.00458e-05
H  0.000349099, 0.0006193656, 5.29758e-05
H  -0.000369496, 0.0002106078, 0.0012098342
CN  0.0, 0.0, 0.0
H  0.0003196566, -0.0004047226, 5.2663e-06
H  0.0002678911, -0.0007617607, -0.0009747455
CN  -0.0002345873, -0.0002268077, 0.0001979921
H  0.0001311974, -0.0001964084, 0.0001234864
H  -0.0003228235, -0.0003322858, 2.6592e-05
CN  0.0, 0.0, 0.0
H  -0.0002055547, 0.0005947876, -0.000133197
H  0.0004418474, -0.0014963846, 0.0004153161
CN  0.0003437096, -0.0002872938, -0.0003449214
H  -0.0003922029, -0.0003899864, -0.0002561084
H  -0.0003474231, -0.0007793552, 4.90241e-05
CN  0.0, 0.0, 0.0
H  -0.0004167782, -0.0005089849, -0.0013085346
H  -0.0001570439, -0.0001149146, -0.0008655576
CN  8.99847e-05, 2.40396e-05, -3.19584e-05
H  0.0005348262, -0.0015133903, -0.0009355045
H  -0.0002109602, -7.94192e-05, 0.0002457984
