CN  0.0, 0.0, 0.0
H  -0.0004590648, -0.0006337475, -0.0006236779
H  -0.0001378669, -0.0002704061, -0.0010448016
CN  -0.0003106404, 0.0001416922, -0.0002030031
H  0.0011877303, 0.0013352191, 6.07039e-05
H  0.000659999, -0.0006844763, -0.0006230711
CP  0.0, 0.0, 0.0
H  -0.0005275367, -2.31738e-05, -0.0001539431
H  -0.0004523278, 0.0003624072, -0.000215003
CP  -0.0002452162, 7.92693e-05, -0.0002372131
H  -0.0004539943, 0.0001458197, -0.000610853
H  0.0009174662, 0.0003267166, 0.0009277013
CN  0.0, 0.0, 0.0
H  -0.0006472794, -0.0002757143, -9.9961e-05
H  -0.0002177326, 0.0008005552, -0.0004138071
CN  -0.0002141882, 0.0001404529, 0.0001080863
H  -4.3145e-06, -0.0003199873, 0.0006816871
H  -0.0005707087, -0.0007574527, 0.0009575501
CN  0.0, 0.0, 0.0
H  -8.32724e-05, 0.0013343347, -0.0005654665
H  -0.0002059641, 0.0003702946, -0.0009226161
CN  -0.0001284882, -3.04146e-05, -6.8567e-06
H  -0.0004459931, 0.0001447679, -0.0010588582
H  0.0012879589, -0.0004196299, 0.0002110696
CN  0.0, 0.0, 0.0
H  -0.0004590206, -0.000190615, 0.0004624553
H  0.0001202326, -0.0008436846, 0.0003091731
CN  -0.0002409158, 1.31319e-05, -4.75908e-05
H  0.0003021818, -0.0001306838, -0.000465728
H  -0.0009485151, -0.000919205, -0.0003689329
CN  0.0, 0.0, 0.0
H  0.0005826846, -0.0004837389, -0.000288939
H  0.0007275659, 0.0001009339, -0.0005708065
CN  -0.0004477198, -3.68725e-05, -1.10565e-05
H  -6.41203e-05, 0.000837352, -0.0005687952
H  0.0003660566, -0.0002693969, 0.0003502226
CN  0.0, 0.0, 0.0
H  0.000147232, -5.28797e-05, -2.59674e-05
H  0.0001982164, -0.0003902497, 0.0016289809
CN  -0.000191943, 2.32269e-05, -8.83586e-05
H  -0.0007808067, 0.0003180854, -0.0003276341
H  0.00061103, 0.0002612311, 0.0004341586
CN  0.0, 0.0, 0.0
H  0.000108908, -0.00040039, 3.42932e-05
H  0.0003892787, 8.15193e-05, 8.7586e-05
CN  -1.23427e-05, -1.03964e-05, -6.13535e-05
H  0.000876896, -0.0004406804, 0.0004584688
H  0.0012329679, -0.0001096255, 0.0003881953
CN  0.0, 0.0, 0.0
H  -0.0001426795, 0.0002918379, 0.0002166404
H  -0.0003471165, -0.0003311722, -0.0010319366
CN  0.000184092, 0.0002513177, 5.66283e-05
H  -0.0001764137, 0.000175472, -0.0003890281
H  -0.0001501783, -0.000264586, -0.0006553766
CN  0.0, 0.0, 0.0
H  0.0007905705, 0.0003189292, 0.0005621818
H  -0.0003440113, -0.0005138788, -3.00103e-05
CN  5.3245e-05, -0.0001348266, 0.0001220876
H  0.000953734, -1.56012e-05, -5.9317e-06
H  0.0003044386, 0.0009839023, -0.0001424437
