CN  0.0, 0.0, 0.0
H  -0.0006835835, -0.0011448635, -0.0004823356
H  -0.0004264125, -0.001031341, -0.0004311523
CN  0.0002146237, -3.39803e-05, -0.0001222414
H  0.001198576, 0.0002554717, -2.58912e-05
H  -0.0003192543, 0.0007312648, 0.0007834912
CP  0.0, 0.0, 0.0
H  5.97493e-05, 8.73132e-05, 0.001052438
H  0.0003520835, 0.0002789812, 0.0003340085
CP  -0.0001208144, 8.7467e-06, 0.0001088991
H  0.0002630846, 2.25414e-05, -0.000152707
H  -0.0001908925, -0.0001459502, 4.14796e-05
CN  0.0, 0.0, 0.0
H  0.0012721052, 0.0003853241, 0.000171167
H  -0.0003292059, 0.0001474692, 0.0001636203
CN  0.0002140446, -0.000113262, -5.1387e-06
H  0.0002550015, -0.0002627162, 0.0001251995
H  -0.0002581594, 2.50099e-05, -0.000633674
CN  0.0, 0.0, 0.0
H  0.0002521514, 0.000102408, 0.0002854631
H  0.000898157, 0.0003690438, -0.0008336745
CN  -3.15702e-05, -9.4143e-06, 0.0002298443
H  -0.0002250811, -0.0009454873, 0.0004531347
H  -0.0005736574, 0.0002658736, 5.7663e-06
CN  0.0, 0.0, 0.0
H  0.0002683988, 0.0004379395, -0.000311629
H  0.0001194522, -0.000457026, 0.0004562114
CN  -0.0002506056, 1.64893e-05, 0.0002666914
H  0.0002335468, 0.000234257, -0.0002198342
H  -0.0001748075, -0.0008299106, -0.0002651159
CN  0.0, 0.0, 0.0
H  -0.000562252, 0.0001224586, -0.0005054408
H  0.000989609, -0.0003135058, 0.0010967594
CN  -0.0001875122, 5.50613e-05, -6.13216e-05
H  0.0006469272, 0.0003800139, 0.000915461
H  -0.0001605958, 0.0006635598, -0.0005270024
CN  0.0, 0.0, 0.0
H  -0.0003687916, -0.0006981426, 0.0002028941
H  0.0002705806, -4.5525e-06, -0.0001010668
CN  8.8871e-05, 0.0001378236, 0.0002082783
H  -0.0007286937, 0.0005454325, -0.0003811633
H  2.40188e-05, 0.000609355, 9.2526e-06
CN  0.0, 0.0, 0.0
H  -0.0003977649, -0.0006020581, 0.0005982589
H  -0.0001346657, -0.0007618328, -0.0004421215
CN  -7.27091e-05, 5.29114e-05, -0.0002444743
H  -0.0004246776, -0.0004496902, -0.0001608737
H  0.0014258792, -0.0001831379, -3.30605e-05
CN  0.0, 0.0, 0.0
H  0.0005600504, -8.82113e-05, 0.0002953384
H  -0.0001593753, -0.0007996206, -0.0001187062
CN  -0.000156082, 3.70016e-05, 0.0001344619
H  0.0001535804, 0.0004194707, -0.0011504058
H  0.0001249365, 0.0005603164, 0.001175312
CN  0.0, 0.0, 0.0
H  0.0003506935, 0.0005538518, -0.000300755
H  0.0005240688, -0.0007866076, 0.0003270495
CN  7.13299e-05, 7.25393e-05, -7.56627e-05
H  -0.0006663493, -0.0008282813, 0.0005586004
H  0.0005591037, 0.0003844684, -0.0004434683
