CN  0.0, 0.0, 0.0
H  -3.1059e-06, 0.000631252, -0.0008536715
H  7.6971e-05, 0.0006544565, -0.0002439941
CN  -1.79706e-05, -0.0003224134, 8.51737e-05
H  0.0003264686, 0.00010049, -0.0007421043
H  -0.0001464826, 9.60938e-05, -0.0003623635
CP  0.0, 0.0, 0.0
H  -0.0002861911, 0.0002673983, 0.0009152868
H  -0.0006722272, 7.71259e-05, 0.0001920822
CP  -0.0002039221, 0.0001865322, 8.5214e-05
H  0.0008395384, -8.25933e-05, 0.000287702
H  -0.0002127896, -0.0005023906, -0.000454492
CN  0.0, 0.0, 0.0
H  0.0005448813, -0.000490611, 6.71453e-05
H  -0.0013811312, -0.0002617048, -0.0002768393
CN  -1.39795e-05, -6.0228e-06, 6.85106e-05
H  -0.0003199743, -0.0008312706, -0.0003961782
H  0.0003404562, 0.0002779798, -0.0008496475
CN  0.0, 0.0, 0.0
H  2.71406e-05, -0.0001763491, -0.000893456
H  -0.0004395693, -0.0005896713, -0.000440627
CN  7.45401e-05, -0.0001442274, -0.0002085681
H  0.0002547999, 0.0008497443, -0.0007001612
H  -3.85615e-05, 3.48619e-05, 0.0003282181
CN  0.0, 0.0, 0.0
H  -7.21254e-05, -0.0007175224, -0.0004592437
H  -0.0001646019, 0.0002179674, 0.0013469735
CN  9.05714e-05, 0.000417712, -0.0002361313
H  -0.0006746474, 7.82908e-05, -0.0001332622
H  0.0002424515, 0.0010926169, 0.0007903043
CN  0.0, 0.0, 0.0
H  0.0005135821, 3.9364e-06, -0.0002814897
H  5.282e-07, -0.0003854358, 0.0005899283
CN  5.54582e-05, 0.0001113971, -0.0004115676
H  -0.0011347049, -0.0011400689, 0.0001827484
H  0.0002699816, -4.86819e-05, -8.29344e-05
CN  0.0, 0.0, 0.0
H  0.0012958136, -0.0006720008, 0.0003222564
H  -0.000867234, 0.0006776435, 0.0003600379
CN  -0.0002013267, -0.0002025107, 0.0001810536
H  -0.0013948609, 0.0002907857, -0.0005706497
H  -0.0001825534, -0.0003282436, -0.0004826596
CN  0.0, 0.0, 0.0
H  0.0006278743, -0.0005186595, -0.0004653709
H  -0.0004756718, 0.0003450268, 0.0005343505
CN  -0.0002724633, -0.000179426, 5.32858e-05
H  6.58723e-05, 0.0002531756, -1.94074e-05
H  0.0002790526, 0.0001098396, 0.0002340356
CN  0.0, 0.0, 0.0
H  -0.0007233253, 0.000194008, -2.63777e-05
H  -0.0006278555, 0.0007909896, 0.0015293525
CN  -2.8569e-05, -6.16309e-05, 5.49586e-05
H  0.0003123303, -0.0003873258, 0.0001784602
H  -0.000411572, 0.0005264698, -5.8662e-05
CN  0.0, 0.0, 0.0
H  0.0002836298, -9.84399e-05, -0.0013911079
H  -0.0001054226, -0.0006170604, -0.0001871352
CN  -0.000171936, -0.0003013915, 0.0002475894
H  -0.000367751, -0.0001594516, 0.0003813931
H  -0.0006140266, 0.0003562743, 0.0003534774
