CN  0.0, 0.0, 0.0
H  -3.423e-06, -0.000490263, 0.0006438005
H  -0.0003886741, 0.0001292793, 0.0001211911
CN  0.0001089662, -0.0001114428, -0.0002109754
H  -0.0005521668, 2.4865e-05, -0.0003276973
H  -2.52838e-05, 0.0010136914, -0.0001856292
CP  0.0, 0.0, 0.0
H  6.3387e-06, 4.42827e-05, 0.0001073971
H  -0.0004229274, -0.0001258934, -0.000263353
CP  0.0001229283, 7.382e-05, 4.53697e-05
H  -0.0005651203, -0.0008982311, 0.0004362365
H  -0.0004142693, -0.0002032546, -0.0002826862
CN  0.0, 0.0, 0.0
H  0.0006349336, 0.0002744844, 0.0004319984
H  0.0002088514, 0.0006760504, 0.0001780891
CN  0.0001763455, 2.77141e-05, -0.0001134308
H  0.0008323, 0.0006999352, -0.0007346792
H  -5.31018e-05, 0.0001783525, 5.51406e-05
CN  0.0, 0.0, 0.0
H  0.0011159946, -6.8659e-05, 0.0004162579
H  -0.0001644696, -0.0003846791, -7.25408e-05
CN  -9.42082e-05, -3.82076e-05, 0.0001145463
H  -3.83478e-05, 0.0005606848, -0.0010684426
H  0.000162004, -0.0001302575, -0.0003752746
CN  0.0, 0.0, 0.0
H  0.0001567681, 0.0008377242, 2.16367e-05
H  0.0013207836, 0.0002550497, -0.0007485089
CN  0.0001684197, -6.64787e-05, -8.83896e-05
H  -0.0005102345, -0.0002029439, 0.0003705154
H  0.0008267513, -0.0001496974, -0.0007800205
CN  0.0, 0.0, 0.0
H  -0.0008404561, -0.0006146843, 0.0007072529
H  -0.0001299076, 7.15471e-05, 0.0009943726
CN  -8.89142e-05, 3.44171e-05, 0.0003349576
H  -0.0002361145, 0.0003644657, 7.10384e-05
H  0.0004509746, 1.54224e-05, 0.0008458106
CN  0.0, 0.0, 0.0
H  0.0003570854, 0.0005680069, 0.0003584478
H  -0.0005152717, -0.0003577548, -0.0003732394
CN  0.0001771875, 2.95501e-05, -0.0002630292
H  0.0005048343, 0.0008046489, 7.5582e-05
H  1.9527e-05, -0.0009814135, 0.0002744967
CN  0.0, 0.0, 0.0
H  -0.0012589566, -0.0001742624, 0.0003838241
H  -0.0007603801, 0.0002927997, -0.0003245538
CN  0.0001545976, -0.0002450145, 0.0001380966
H  -3.79818e-05, 0.0009415284, -0.0002047551
H  7.32164e-05, -0.0004980395, -0.0010096843
CN  0.0, 0.0, 0.0
H  0.0005272882, -0.0004770546, -0.0003808097
H  -0.0011252375, 0.0008114977, -6.82946e-05
CN  0.0002224487, 2.84431e-05, -0.0001084378
H  -0.0002295001, 0.0004848328, 0.0010693649
H  0.0010212012, -0.0001324464, -0.0009538573
CN  0.0, 0.0, 0.0
H  -0.0001719563, -0.0001630048, 0.0011927999
H  -0.000467308, -0.0008184154, -0.0001738486
CN  7.35342e-05, 5.62574e-05, 9.17375e-05
H  -0.0003781509, -0.0003764768, 0.000626809
H  -0.0002377074, 0.0011668349, -3.8755e-05
