CN  0.0, 0.0, 0.0
H  5.12093e-05, -0.0009389441, 6.60207e-05
H  -0.0004045484, 0.0004274193, -0.0002721421
CN  -0.0002623279, -0.0001398319, 0.0001375499
H  0.0006195699, 0.0001174459, 0.001159219
H  -0.000422802, 0.0007107278, -0.0007593691
CP  0.0, 0.0, 0.0
H  -0.0010685458, -0.000895345, -0.0003868352
H  0.0003176705, 0.000177584, -0.0009568585
CP  -0.0001868165, -6.13693e-05, -6.40992e-05
H  -0.0003755055, -8.15944e-05, -0.0003037786
H  -0.0010300542, 0.0004176821, -0.0002275347
CN  0.0, 0.0, 0.0
H  0.0007201404, 0.0007157483, 2.86106e-05
H  0.000796273, -0.0004401355, 0.0002495098
CN  -8.8573e-06, -7.74233e-05, -4.59445e-05
H  0.0005541761, 0.0013039621, -0.0004416027
H  0.0004791037, 0.0004355827, 9.54302e-05
CN  0.0, 0.0, 0.0
H  -0.0005171219, -0.0011325202, -0.000684837
H  0.0006077232, 0.0006293693, -0.0003251073
CN  0.0001794526, -4.45839e-05, -2.7768e-06
H  8.38691e-05, -0.0004310086, -5.7169e-06
H  0.000315531, -0.0004880638, -0.0003531966
CN  0.0, 0.0, 0.0
H  0.0015439626, -0.0007365057, -0.0003942717
H  -0.0006320585, 0.0010977508, -0.000612849
CN  -0.0002869118, -0.0004216112, -0.000239213
H  -0.0006698497, 0.0005140898, 5.40621e-05
H  7.36785e-05, 0.0012513236, -0.0005289733
CN  0.0, 0.0, 0.0
H  -2.97277e-05, 0.0003771234, -0.001059961
H  -0.0001804204, 0.001171821, 9.77115e-05
CN  -1.77326e-05, 4.53924e-05, -9.407e-07
H  -0.0001336589, 0.0011221268, -0.0007953028
H  0.0005532648, -0.0001935449, 0.0007658083
CN  0.0, 0.0, 0.0
H  7.82863e-05, 0.0007458377, 0.000767586
H  -0.0004090161, 3.24432e-05, -0.0001632863
CN  -1.16698e-05, 0.0001149943, -0.0001434368
H  -0.0004087625, 0.0003929158, 0.0009313806
H  0.0003059543, 0.0003649776, -0.0001629926
CN  0.0, 0.0, 0.0
H  2.60371e-05, -2.20306e-05, 6.30843e-05
H  -0.0003237147, -0.0001113767, -0.000207051
CN  0.0001902533, -0.0001378614, 8.3269e-06
H  -0.0004427013, -2.81113e-05, 0.0002806167
H  0.0008849941, 0.000135515, 0.0002222538
CN  0.0, 0.0, 0.0
H  8.72158e-05, 0.0005494034, -0.0007667251
H  -0.0003528115, 0.0006134405, -0.0001086355
CN  -0.0001258433, 3.84127e-05, 0.0001587879
H  0.0002113345, 0.000544399, -0.0003205857
H  -7.0577e-06, -0.0003347056, -0.0010530296
CN  0.0, 0.0, 0.0
H  0.0001552879, -6.07125e-05, -0.0006086675
H  0.0007033582, -0.0008458205, 0.001231898
CN  -8.94524e-05, 2.52931e-05, -0.0001718453
H  -0.0007126194, -0.0001694576, 0.0003075324
H  -0.0006095353, -0.0007292055, -0.0002034723
