CN  0.0, 0.0, 0.0
H  -0.0001782955, 0.0014683287, 0.0004754233
H  -0.0001262967, -0.0008955562, 0.0005587226
CN  0.0003924787, 7.0003e-06, -8.12067e-05
H  -0.0002207144, 0.0005929397, -0.0004538979
H  -0.0010705929, 0.0006519606, 0.0001746776
CP  0.0, 0.0, 0.0
H  -0.0001443277, -0.0004629297, 0.0005010095
H  0.0001058172, 0.0005080512, -0.0007311259
CP  -0.0004139975, 0.000239332, 0.0002414897
H  -0.0004042713, -0.0001858392, 0.0005900628
H  0.000124656, 0.0004381586, 0.000286274
CN  0.0, 0.0, 0.0
H  -0.000140222, 0.000196025, -0.0005193507
H  -0.0004765746, -0.0003580341, -0.0006641517
CN  9.79433e-05, -4.66281e-05, -4.54243e-05
H  -0.000270738, -0.0007335635, -0.0005396563
H  0.0008650841, 0.0001672599, -0.000177302
CN  0.0, 0.0, 0.0
H  0.0006025025, -0.0012536232, -0.0008512579
H  0.0001955757, 7.35796e-05, 8.06592e-05
CN  0.0002231892, 5.70093e-05, 8.34341e-05
H  0.0006594599, -0.0002493346, -0.0004287774
H  -0.0008493313, 0.001218928, -0.0007333885
CN  0.0, 0.0, 0.0
H  0.0001299934, 0.0004476085, -0.000897209
H  0.0004531987, -0.0007077491, -0.0001833816
CN  -0.0001460108, -0.0001549228, -6.65716e-05
H  0.0012046113, -0.000184609, 0.0001916406
H  5.92864e-05, 0.000696674, 0.0001107132
CN  0.0, 0.0, 0.0
H  -9.94087e-05, 0.0001993616, 0.0002726323
H  0.0008064337, -0.000274709, -0.0009896564
CN  3.23616e-05, -0.0001641035, 8.70341e-05
H  -3.10922e-05, 0.0003900503, -0.0005301733
H  -0.0001368649, -0.0005315249, -0.0004995058
CN  0.0, 0.0, 0.0
H  -0.0005368308, 0.0011761334, 0.0001426546
H  0.0006651414, -0.000143148, -0.0004157418
CN  0.00016939, 0.0001696397, -7.20827e-05
H  7.6536e-06, 1.27127e-05, -0.0007431286
H  -0.0001722093, -0.0001650666, 0.0003500246
CN  0.0, 0.0, 0.0
H  -0.0002626708, -0.0002595619, 9.4328e-06
H  0.000201727, 0.0002728378, 0.0010444416
CN  0.0002015443, 0.0001663832, -0.0001532021
H  -0.001736519, -0.0003503079, -0.0005499004
H  0.0004140717, 0.0004110322, 1.78711e-05
CN  0.0, 0.0, 0.0
H  1.54577e-05, -0.0007232607, -0.0001832586
H  0.0005738024, 0.0001292486, -8.82915e-05
CN  -7.4779e-06, 0.0001121404, 0.0001417638
H  -0.0010287524, -0.0004636764, 0.0005859955
H  0.0011905508, -0.0006415309, -0.0001944532
CN  0.0, 0.0, 0.0
H  0.0001386876, 0.0001086766, -7.67155e-05
H  -0.0012172505, -0.0003446176, -0.0007621889
CN  0.0001539236, -0.000172215, 5.68346e-05
H  0.0010332259, -0.000739025, -0.0003003142
H  -0.0006021877, 0.000120539, 0.000421554
