CN  0.0, 0.0, 0.0
H  0.0005935261, 0.0005752712, 0.000331613
H  -0.0001568345, 0.0005108328, -0.0003254268
CN  0.0001211782, -0.0001927237, -0.0002915078
H  -0.0003295846, -0.0002296262, -0.0003951087
H  0.0003920115, 0.0003871887, -5.66158e-05
CP  0.0, 0.0, 0.0
H  0.0002942099, 0.0009981642, -0.0002931654
H  0.0001374676, 7.314e-05, -0.000232586
CP  -1.20978e-05, -6.00976e-05, -0.0003733606
H  -0.0007822203, 8.88652e-05, 0.0004043696
H  0.0009552929, 0.0009561131, 0.0007709701
CN  0.0, 0.0, 0.0
H  -0.0002844451, -6.59133e-05, 0.0001492171
H  9.62974e-05, 0.0004569093, -0.0004805156
CN  -0.0001941687, 0.0002953628, 5.01172e-05
H  -0.0009363974, -9.29488e-05, -0.0001235765
H  -0.0003517343, -0.0007306746, -3.25739e-05
CN  0.0, 0.0, 0.0
H  -0.0007651901, 4.66211e-05, -0.000533328
H  -0.0003099045, 0.0001991802, -0.0007079222
CN  -2.21447e-05, 6.68557e-05, 0.0002787886
H  -4.37871e-05, -0.0005642636, -0.0011168084
H  -0.0004624354, -4.20248e-05, 5.88609e-05
CN  0.0, 0.0, 0.0
H  -0.0006135487, -0.0001863762, 0.0003316982
H  -0.0003014545, -0.0010838929, 0.0012854937
CN  -0.0002498376, 0.000291877, -1.4266e-06
H  -0.0006399613, 0.0005814199, -0.0006887707
H  -0.0003414184, -4.00945e-05, 7.78156e-05
CN  0.0, 0.0, 0.0
H  7.83858e-05, -0.0001054809, -0.0005641662
H  0.000607136, -0.0004047207, 0.000352469
CN  -4.08602e-05, 0.0002341361, -0.0002055387
H  0.0004828365, -0.0001474307, 0.0001631502
H  -0.0001774353, -3.95527e-05, -0.0004136204
CN  0.0, 0.0, 0.0
H  0.0011043945, 0.0004377542, 0.0006585902
H  0.0003477728, 2.09594e-05, -0.0003259905
CN  -0.0001457003, 1.10019e-05, -0.0001062093
H  -0.0002677561, 0.0002890265, 0.0001735691
H  0.0005508653, -0.0006298336, -0.000742716
CN  0.0, 0.0, 0.0
H  -0.0004890261, 0.0009087846, -4.188e-07
H  0.0004975935, -0.0007954176, 0.0003158376
CN  7.49057e-05, 3.80705e-05, 0.0002202752
H  -0.000913208, 0.0002946037, 0.0001590251
H  0.0008157853, -0.0004084448, -0.0004769332
CN  0.0, 0.0, 0.0
H  -0.0002225188, 0.0013184584, -0.000146751
H  0.0011181175, -7.61661e-05, 6.25384e-05
CN  -0.0002043303, 1.95901e-05, -0.0003167777
H  -0.0004771855, -2.91072e-05, -7.98081e-05
H  -0.000629051, -0.0004565391, -0.00060646
CN  0.0, 0.0, 0.0
H  -0.0001552303, 0.0002618835, -1.1796e-06
H  0.0003642055, 0.0009739, 0.0005683206
CN  -0.0001830984, 0.0003494991, 0.0002182396
H  -0.0008814074, 0.0007147647, 0.0016574242
H  -3.8278e-05, 0.0004907529, -0.0002354447
