CN  0.0, 0.0, 0.0
H  -0.0002250681, 0.000440848, -0.0007847122
H  -0.0004744499, 0.0011421609, -0.0001068524
CN  -0.0001289716, 0.0003078285, -0.0002791164
H  -0.00048143, -0.0003598195, 0.0004506543
H  -0.0007529235, 0.0007898699, -0.0007761386
CP  0.0, 0.0, 0.0
H  0.0008270287, -0.0008902817, 2.5391e-05
H  -0.0002139935, -4.76285e-05, 0.0004588552
CP  -2.17847e-05, 0.0001329343, -0.000129371
H  -0.0014618893, -0.0001782192, -3.1252e-05
H  0.0009933806, 0.0002342739, 0.0003317564
CN  0.0, 0.0, 0.0
H  -0.0002393452, 8.72206e-05, 0.0003878552
H  -0.0001411539, 0.0003791153, -0.0003890199
CN  -0.0002181977, 9.58697e-05, -3.16339e-05
H  -0.0011186928, -0.0001344898, 0.0002606317
H  -0.0003928624, 9.309e-07, 7.82675e-05
CN  0.0, 0.0, 0.0
H  -0.0008496953, 0.0001748674, -0.0004846822
H  0.0003102299, 0.0002600615, 0.0001347007
CN  6.39494e-05, -1.70581e-05, -9.84075e-05
H  -0.0006703937, -0.0010078907, -1.99988e-05
H  5.1802e-05, 1.96407e-05, 6.92742e-05
CN  0.0, 0.0, 0.0
H  -0.0001121677, -0.0009241659, 0.0003871906
H  -5.28954e-05, 0.0001340956, -0.0002078524
CN  -8.5333e-06, -6.34321e-05, 0.0001823573
H  -0.000877566, 0.0004351842, -0.0002700363
H  0.0002656518, 0.0002740656, 0.0002500528
CN  0.0, 0.0, 0.0
H  0.0005421591, -0.0001415135, -0.0002696855
H  0.0001664576, -0.0004335423, 0.0006498424
CN  -0.0001686929, -0.0001464051, 0.0002496241
H  -1.84936e-05, 0.0001633646, -0.0005815861
H  0.0005313611, 1.94029e-05, 0.0009867792
CN  0.0, 0.0, 0.0
H  0.0002933435, 0.0012217032, -0.0009701439
H  -0.0010162945, -0.0003099266, -0.0001780255
CN  -0.0001408202, -0.0002750297, 3.34018e-05
H  -0.0001664089, -0.0004886134, 0.0003485314
H  0.0001501873, 0.0002785469, -0.0001068237
CN  0.0, 0.0, 0.0
H  0.0004696679, -5.80826e-05, 0.0005211037
H  4.3983e-05, 0.0004130797, 0.0007835062
CN  -9.10735e-05, -0.000126175, 4.72336e-05
H  0.0004570193, 0.0002690049, -0.0011928473
H  -0.0002580933, 0.0004324512, 0.0004476376
CN  0.0, 0.0, 0.0
H  -0.0006654766, -0.0016831865, -0.0010031195
H  0.0006107504, -0.0005747618, -0.0001569204
CN  -0.000112249, -4.54645e-05, -4.96973e-05
H  -0.0001755916, 0.0011663125, 0.0005286946
H  -4.55353e-05, 9.8679e-05, 8.64235e-05
CN  0.0, 0.0, 0.0
H  -0.0001536617, -0.0001486941, 0.0002390366
H  -0.0002727891, 0.0001543461, 0.0003245684
CN  0.000216618, 0.0001681881, 0.0002750716
H  -0.0007352932, 0.0004073361, 0.0008921887
H  -0.0007262639, -0.0011580966, -0.0004972704
