CN  0.0, 0.0, 0.0
H  9.74213e-05, -0.000178646, 0.0005999651
H  0.0002307632, 0.0006230098, 0.0006870361
CN  0.0002579274, 2.51304e-05, -6.31438e-05
H  0.0002513435, -0.0002858227, 0.0004264476
H  0.0009304825, -0.0001372492, -0.0001584954
CP  0.0, 0.0, 0.0
H  -0.0002061848, -0.000282697, -0.0005461858
H  -0.001344839, 0.0004772562, 0.0005302336
CP  0.0005454516, -0.0002374353, 0.0001690676
H  0.0003965018, 0.0002107399, -5.45171e-05
H  0.0006595903, 0.0001953519, -0.0003713392
CN  0.0, 0.0, 0.0
H  -0.0007546008, -0.0003729058, -0.0006129877
H  0.000138043, 0.0005607429, 0.0002967282
CN  -0.0001455987, -0.0002414691, -2.7267e-06
H  -0.0005798869, -0.0007607554, 5.85543e-05
H  -0.0001678083, 0.0002459893, 0.0001132415
CN  0.0, 0.0, 0.0
H  3.60384e-05, 2.76615e-05, -0.0009739021
H  0.0009595451, -0.0005394496, 0.0004772253
CN  -0.0001938887, -2.23373e-05, 5.4701e-06
H  -0.0002002973, 0.0002559994, 0.0003014905
H  0.0004844381, 0.0004891625, 8.1041e-05
CN  0.0, 0.0, 0.0
H  -0.0002667726, -0.0002327226, -0.0003885155
H  0.0006867153, -8.57405e-05, -7.32559e-05
CN  -0.0001461976, -6.78143e-05, 0.0002452094
H  0.0001372695, 0.0005711434, 0.0003974125
H  -9.42703e-05, -3.31417e-05, 6.57098e-05
CN  0.0, 0.0, 0.0
H  0.001063222, -0.0001749543, 0.0002666475
H  -0.0004514824, -0.000247089, -0.0008542852
CN  0.0002004316, -4.99314e-05, -0.0001637896
H  -0.0005348121, -0.0001936276, -0.0005433679
H  0.0002651071, -0.0002101506, -0.0008876889
CN  0.0, 0.0, 0.0
H  0.0005502087, -0.0004058439, -0.0003304745
H  8.84529e-05, -0.0001422281, 0.0006303013
CN  -0.0001430468, 0.0001878235, 0.0001365312
H  0.0006914771, -0.0004596508, 0.0003049089
H  -3.06263e-05, 0.0004380157, 0.000650689
CN  0.0, 0.0, 0.0
H  0.0004517139, 0.0011182906, 1.53234e-05
H  5.9415e-05, 0.0004502604, -8.19632e-05
CN  0.0001831712, 0.0001523785, -9.14682e-05
H  8.18319e-05, -0.0002326951, -2.30467e-05
H  0.0006377378, 0.0011027644, -0.0001381487
CN  0.0, 0.0, 0.0
H  0.0011089489, -0.000696517, 0.0002568135
H  -0.0006505215, 0.0005525069, 0.0002945963
CN  5.3769e-05, -6.40841e-05, 0.0001239521
H  0.0002148556, -0.0004256728, -0.0006806798
H  9.1558e-06, 0.0005988124, 0.0008345419
CN  0.0, 0.0, 0.0
H  -0.00078957, -0.0003174816, 0.0006745515
H  0.0007488164, -0.0004274474, -0.000651576
CN  -3.96985e-05, 6.49221e-05, 2.0837e-06
H  -0.000150647, 0.0007697596, 0.0001729236
H  -9.24763e-05, 0.0001233479, -0.000237426
