CN  0.0, 0.0, 0.0
H  -0.0011824142, -0.0002667249, -0.0007645132
H  -0.0004468917, 3.62468e-05, 0.0005864382
CN  6.66407e-05, -6.51788e-05, 6.64401e-05
H  -7.56574e-05, 0.0007808505, 0.0004247857
H  0.0005021386, 0.0002015609, -0.0003788528
CP  0.0, 0.0, 0.0
H  -0.0004470289, -0.0001569462, 0.000522701
H  0.0018515204, 0.0003062001, 0.0004942393
CP  3.35118e-05, 0.0001379147, -9.42888e-05
H  0.0003981043, -0.0004476951, -0.0003004594
H  -0.0003182636, -4.20565e-05, 0.0007506498
CN  0.0, 0.0, 0.0
H  -0.0004005522, 0.0001910807, -2.39331e-05
H  -0.0002092471, -0.0006773713, -0.0004577311
CN  -1.1562e-06, -0.0002518797, -0.0001389858
H  0.000727425, 0.0004707231, 0.000820066
H  0.0003434762, -9.44652e-05, -6.617e-06
CN  0.0, 0.0, 0.0
H  0.0011574108, -0.0003872833, 0.0002465823
H  0.0002424881, -0.0003106645, 0.0003712711
CN  -0.0001384799, -3.06314e-05, -3.07871e-05
H  -0.0006147047, 0.0003202545, -0.000546929
H  -0.0004889967, -0.0003142017, 1.81194e-05
CN  0.0, 0.0, 0.0
H  -0.0005219181, 0.0006565216, -0.0008559333
H  0.0005265684, 7.97619e-05, -0.0003505166
CN  6.90064e-05, 0.0002278875, 8.7824e-06
H  -0.0010037387, -0.0009534059, -0.0005386356
H  0.0001582558, -0.0004528869, 5.59484e-05
CN  0.0, 0.0, 0.0
H  -5.26606e-05, -0.0001060195, 0.0002131609
H  0.0001653272, -0.0001913936, 0.0002296572
CN  -0.0002559619, -8.72367e-05, -6.50237e-05
H  0.0006787378, -0.0009288347, -0.0003875551
H  -0.0001441523, -0.0001092013, -0.0005337865
CN  0.0, 0.0, 0.0
H  -0.0001530471, 0.0005688676, 0.0002675156
H  -0.0007503423, -0.0012624659, -1.54637e-05
CN  5.34561e-05, -0.0002617259, 0.0001506605
H  -0.0009440014, -0.0001795744, 0.000175027
H  -3.4967e-05, -0.0001784802, 0.0003477761
CN  0.0, 0.0, 0.0
H  -0.0009806249, 0.0001970813, -0.000662665
H  0.0005003081, -8.74761e-05, 0.0003133481
CN  -0.0001232102, -0.000442951, 0.000207756
H  0.0006166684, 0.0001763203, -0.0008778015
H  -0.0007026201, 1.17839e-05, 0.0005236865
CN  0.0, 0.0, 0.0
H  -0.0006785514, 0.0014668168, -0.0007928568
H  -0.0010510874, -0.0003466819, -0.0002407588
CN  8.70765e-05, -9.03345e-05, 9.38303e-05
H  -0.0002411661, 0.000879125, -0.000841579
H  0.000475098, 0.0011621898, 0.0001914796
CN  0.0, 0.0, 0.0
H  -0.0001298399, -0.000108407, -0.0004898705
H  0.0001456413, 7.9e-09, -0.0002354187
CN  0.0001507663, -0.0001424003, -9.7139e-05
H  0.0001086084, 0.000198275, -0.0003357875
H  -0.0001233729, 0.0006884822, -0.0015609236
