CN  0.0, 0.0, 0.0
H  0.0005125292, -0.0001270021, 0.0003421856
H  0.0004970998, -0.0003715715, -0.0001878912
CN  -5.84215e-05, -7.53704e-05, 0.0003067917
H  -0.0001348666, -0.0011052788, -0.0009740956
H  -0.0005434247, -0.0008556871, 0.0002583467
CP  0.0, 0.0, 0.0
H  -0.0002715429, 0.0014977625, -1.79654e-05
H  -8.51895e-05, 0.0004990323, -0.0007900412
CP  -3.93267e-05, 0.0003259309, -0.000209596
H  0.0002195526, -0.0015174273, 0.0009556904
H  -0.00074427, 0.0006768082, 0.0003197345
CN  0.0, 0.0, 0.0
H  0.0002324254, 0.0005158208, -0.0008113295
H  -0.0005362716, 0.0006601112, 0.0008975649
CN  0.0004566987, 0.0001344445, 0.0001432367
H  0.0003293979, 0.0002785624, -9.3688e-06
H  3.00111e-05, 0.0003800668, 0.0005946555
CN  0.0, 0.0, 0.0
H  -0.0002140232, -0.0006346746, 0.0001456327
H  0.0007951661, 4.57901e-05, 0.0002579856
CN  -0.0001766031, -0.0001870785, -5.08822e-05
H  -0.0003583253, -0.0001922759, 0.0004189653
H  0.0002414048, 0.0004984668, 0.0006143058
CN  0.0, 0.0, 0.0
H  0.0005770006, 0.0007856681, 0.0003165357
H  0.0006164952, 0.0002129004, 0.0005381806
CN  7.03118e-05, -0.000375709, 3.24705e-05
H  0.0005139508, -0.0007783003, -0.0002557136
H  -0.000475758, -0.0006634442, -0.0006233234
CN  0.0, 0.0, 0.0
H  6.47241e-05, -0.0002834304, -0.0002965228
H  -0.0002897915, -7.0405e-06, 0.0010205756
CN  -0.0002761836, -2.01195e-05, -0.0001539622
H  -2.78009e-05, 0.0001468435, -0.0003199613
H  -0.0003875568, 0.0003150817, -0.0012094484
CN  0.0, 0.0, 0.0
H  0.0001139669, 0.0005448887, -9.35466e-05
H  0.0006738849, 0.000512448, 0.0002817583
CN  -2.01428e-05, -0.0001811134, -3.10045e-05
H  -6.50796e-05, 0.0007658859, -0.0007581534
H  0.0009511104, 0.0001118893, -0.000256116
CN  0.0, 0.0, 0.0
H  0.0009637351, -0.0001167892, 0.0011838106
H  -0.0009967421, -0.0006457346, 0.0003579614
CN  0.0001262578, 0.0002352273, 2.45495e-05
H  0.0002655148, -0.0001537724, -0.0001179046
H  -8.05319e-05, 0.0004628632, -2.53166e-05
CN  0.0, 0.0, 0.0
H  0.0005409568, -0.0007925015, -0.0007353147
H  0.000130069, -0.0008249828, 0.0007065749
CN  -0.0001270486, -2.68934e-05, 0.0001108345
H  -0.0001665926, 0.0009388091, -0.0007278123
H  -0.0007950644, 3.60101e-05, -0.0006136335
CN  0.0, 0.0, 0.0
H  0.0004234531, 9.04712e-05, -0.0005632015
H  -0.0008810717, 0.0010301439, -0.0003657459
CN  1.97028e-05, 0.0001660276, 0.0001367827
H  -8.91047e-05, 0.0002277909, 0.000125602
H  -0.0004511983, -0.0001420527, 0.0003113577
