CN  0.0, 0.0, 0.0
H  0.0004216736, 0.0002301363, 0.0004359571
H  -0.0015425091, 0.0001996597, 0.0012986737
CN  5.00999e-05, 1.4143e-05, -0.0004560237
H  0.0006606146, 0.0014543351, 0.0004212232
H  0.0006536554, 0.0001997868, -0.0003029723
CP  0.0, 0.0, 0.0
H  -0.000384274, -5.18291e-05, -0.0004268547
H  0.0001967598, -0.0008777978, -0.0001709421
CP  -0.000208505, -3.1793e-05, 1.68256e-05
H  -0.0007342005, 0.0002837536, -0.0014107372
H  0.0008260249, -0.0006368942, 0.0006093881
CN  0.0, 0.0, 0.0
H  -0.0005846202, 0.0008774744, -0.0004511729
H  0.0001661643, 0.000421379, 5.42945e-05
CN  0.0001298637, 3.72262e-05, 6.49648e-05
H  0.0012094997, 0.0004560175, 0.0001923607
H  -0.0001229906, -0.0004864383, 4.0698e-05
CN  0.0, 0.0, 0.0
H  0.0006359974, -0.0004160389, -2.91275e-05
H  0.0002978355, -0.0007988208, 0.0001220159
CN  -0.0001733622, 1.0181e-05, -5.39453e-05
H  -2.72106e-05, -0.0002609707, -0.0002787262
H  0.0001979239, 0.0005636391, 0.0014038839
CN  0.0, 0.0, 0.0
H  -0.0001990579, 0.0011540105, -9.82137e-05
H  -0.0002496785, 0.000140689, 0.0006849781
CN  -0.0001465062, 3.44099e-05, 0.0003994563
H  0.0005875053, 0.0003501227, 0.0002684848
H  0.0001616467, 0.0003342043, -0.0004915501
CN  0.0, 0.0, 0.0
H  0.0008582798, 2.12841e-05, -0.0001671031
H  0.000355157, -0.0004998112, 0.0008567727
CN  3.9439e-05, 7.66908e-05, -3.30198e-05
H  9.32578e-05, -0.0001463644, -0.0004495805
H  0.000402231, -0.0002912491, -0.0001818637
CN  0.0, 0.0, 0.0
H  -0.0007446758, 0.0005188422, 0.0005604137
H  -0.0005238533, 0.0003542554, -0.0003386005
CN  0.0001219812, -4.32248e-05, 0.0002508812
H  0.0004276707, -0.0005200958, 0.0005413458
H  0.0002214348, -0.0003495353, 0.0001312298
CN  0.0, 0.0, 0.0
H  -0.000609261, -0.0003599863, 0.0006118197
H  -0.0003021017, -0.00023851, 0.0002429942
CN  8.27167e-05, 0.0001156646, 0.0001277522
H  0.0008111053, -8.0215e-05, 0.0002014213
H  -0.0004431601, 0.0006300789, 0.0001703828
CN  0.0, 0.0, 0.0
H  -0.0002382889, -0.0006715973, -0.0004720237
H  -0.0001734248, -0.0002553363, 0.001098942
CN  9.32496e-05, -0.0002466076, -9.03274e-05
H  0.0008102964, 0.0002382068, -0.0007429929
H  0.000630961, 0.0003001252, -7.51587e-05
CN  0.0, 0.0, 0.0
H  0.0001742609, -0.000681595, 0.000216733
H  -0.0003807538, 6.82812e-05, 0.00073847
CN  -3.70004e-05, -0.0002242805, -0.0001765409
H  0.0005761176, 0.0002666736, 0.0005098389
H  -0.0004104438, -0.0002230223, -0.0010926306
