CN  0.0, 0.0, 0.0
H  -0.0002532311, -0.0007150185, 0.000394236
H  -0.0002313919, 0.0006285285, 0.0001573506
CN  -0.0001419516, 6.2226e-05, 0.0001152304
H  0.0012376745, 0.0006400414, -2.37956e-05
H  -0.0004317333, 0.0003605753, -0.0009987007
CP  0.0, 0.0, 0.0
H  0.0002991689, -0.0004760125, 0.0002119156
H  0.0011248804, -0.0008829644, -0.0003796881
CP  -3.41087e-05, -0.0003273174, -0.0001698798
H  0.0002316917, -0.0012142425, 0.0004433873
H  -0.0002245827, -5.76355e-05, -5.57424e-05
CN  0.0, 0.0, 0.0
H  0.0001508761, -0.0001604532, -0.0002558951
H  5.94676e-05, 0.0005460918, -0.0006372937
CN  -7.42378e-05, -8.2e-07, -0.000216795
H  -0.000839359, -0.0014818924, 0.0005652045
H  -0.0001138071, -8.08615e-05, -0.0002250247
CN  0.0, 0.0, 0.0
H  -0.000730039, 0.0005431497, -0.0004312095
H  -0.0004631752, -0.0001514795, 0.0006492995
CN  8.90207e-05, -1.88203e-05, 0.0002626267
H  -0.000267458, 0.0001364276, -8.31928e-05
H  0.0006259598, -0.0002053173, 0.000150313
CN  0.0, 0.0, 0.0
H  0.0009058765, 0.0002774997, -1.89067e-05
H  0.0007001459, 0.0001522275, -0.0005745656
CN  5.1559e-06, 8.36615e-05, -0.0001424613
H  -0.000487468, 0.0011501623, -0.0003840893
H  -0.0001680192, 0.0004784079, 0.0006772072
CN  0.0, 0.0, 0.0
H  -0.0001369295, 0.0001628148, 0.0002392085
H  0.0004342242, 0.0005526501, -0.0007701436
CN  -3.75879e-05, -9.36165e-05, -0.000168217
H  -0.0004466277, -0.0009324377, -0.000252538
H  0.0004117014, -0.0004847922, -0.0003564914
CN  0.0, 0.0, 0.0
H  0.0002767952, 0.0001348325, 0.0006951245
H  -0.0001458889, -0.001071092, 4.10741e-05
CN  -0.0001355849, -0.0001223766, -1.02139e-05
H  -0.0004207041, -0.0003429845, -0.000171732
H  0.0002957408, -0.0006374592, -0.0001051267
CN  0.0, 0.0, 0.0
H  -0.0001852826, -9.97458e-05, -1.57784e-05
H  -0.0003831558, 6.04984e-05, -0.0005405654
CN  0.0002810095, -0.0001269386, -6.77084e-05
H  -0.000315362, -0.000444742, -0.0001977046
H  0.00085681, 6.10355e-05, -0.0002681026
CN  0.0, 0.0, 0.0
H  -0.0001262406, -0.0003393736, -6.88816e-05
H  0.0007129585, -0.0007362689, -0.0005401795
CN  -4.24605e-05, 8.64313e-05, 0.0001160269
H  -0.0009797015, -0.0007759773, -0.000280514
H  -0.0007616965, 0.0011559585, -0.0009615235
CN  0.0, 0.0, 0.0
H  0.0013121281, 0.0002091521, -1.08607e-05
H  -0.0004523933, -0.0005191014, -0.0004934536
CN  0.0002152272, -6.265e-07, -4.32687e-05
H  0.0004341732, 0.0006077552, 0.0003200314
H  -0.0005921251, -0.0003151568, -0.0002729797
