CN  0.0, 0.0, 0.0
H  -0.0005227679, -0.0005085102, 0.0004133441
H  0.0001994608, -0.0006737786, 0.000312674
CN  0.0003299367, 0.0001561139, -0.00026175
H  -0.0003314147, 0.0005276483, -0.0002415164
H  -0.0009159443, -0.0009689591, -0.0009672185
CP  0.0, 0.0, 0.0
H  0.0001285151, 0.000558711, -0.0002458281
H  0.0007384889, 0.00065241, -0.0001879056
CP  1.40873e-05, 0.0001334443, -0.0001191494
H  -0.0005032742, 0.0004957064, 3.4001e-06
H  -0.0009899278, -0.0006538295, -0.0003991269
CN  0.0, 0.0, 0.0
H  0.0002120554, 0.00070896, 0.0001461597
H  -0.0010081773, -0.0001338783, 0.000632325
CN  5.38097e-05, 8.91644e-05, 0.0001082639
H  -9.11317e-05, -0.0002252206, -0.0005977478
H  0.0003705621, 0.0004673012, -0.0004750342
CN  0.0, 0.0, 0.0
H  0.000334958, 0.0007393905, 0.0001209347
H  0.0002651722, 0.0009050755, -0.0008986759
CN  -8.77163e-05, 3.0403e-05, -6.84515e-05
H  -0.0008893759, 0.0008918958, -1.974e-07
H  -5.8086e-06, -0.0006280465, 0.0005667658
CN  0.0, 0.0, 0.0
H  -0.0010760452, 0.0008477727, -0.0003226932
H  0.000873677, 0.0010870386, -0.0005501055
CN  0.0002190718, 0.0001692494, -0.0001247116
H  -0.0005345866, 0.0005843826, 0.0004171947
H  -6.29587e-05, -0.000403002, 7.11873e-05
CN  0.0, 0.0, 0.0
H  0.0014111844, 0.0002413185, 0.0006775163
H  0.001024821, -0.0002923038, -3.83807e-05
CN  0.0001987132, 0.000170819, 0.000220783
H  -0.0003995132, -0.0006624252, 0.0002226182
H  0.0010492981, 0.0005663022, -0.0010649447
CN  0.0, 0.0, 0.0
H  0.0002030061, 0.0002754347, -0.0009218393
H  0.0009365362, -2.52965e-05, 0.0006183084
CN  -0.0001085284, -0.0001772687, 0.0001339107
H  0.0002701155, -0.0001297591, -0.0003715866
H  -0.0008454315, -0.0002311867, 0.0005173386
CN  0.0, 0.0, 0.0
H  -0.0002902175, 0.000936925, -0.0005811835
H  0.0002914451, 0.0005276131, 0.000534319
CN  0.000157889, -0.0001615655, 7.60587e-05
H  0.0015109123, 0.0011197869, 0.0007095214
H  0.0003895653, -0.0001438929, -4.94181e-05
CN  0.0, 0.0, 0.0
H  0.0011622177, 0.0006999887, 0.0007435626
H  4.06572e-05, 3.27215e-05, 0.00043834
CN  6.20802e-05, -0.0002294787, -0.0001271303
H  0.0006887126, -0.0006485552, 0.0004024034
H  -0.0004584415, 0.0002395853, 0.0003281057
CN  0.0, 0.0, 0.0
H  -0.0007770374, 4.32372e-05, -0.0001648787
H  -0.0004875539, 0.0002097792, 0.000236959
CN  -0.0001110243, -0.0001158141, -0.000174819
H  5.85614e-05, 8.5339e-06, 0.0002075652
H  -0.0006697324, -0.00027523, -0.0011355885
