CN  0.0, 0.0, 0.0
H  -0.0003777785, -7.9136e-06, 0.0004744661
H  -0.0002756167, -9.30913e-05, 0.0001170499
CN  -0.000107578, 1.14307e-05, -4.27431e-05
H  -0.0002968131, 0.0009435368, -3.32841e-05
H  0.0007803692, -0.0003051089, 0.0006663565
CP  0.0, 0.0, 0.0
H  -0.0001189763, 0.000324928, 0.0005870932
H  -0.000601149, 0.00058275, -0.0008511524
CP  -0.0001426515, 0.0002603178, -5.65909e-05
H  0.0001088186, -0.0001794555, 2.76434e-05
H  0.0006556435, 3.19984e-05, -4.647e-07
CN  0.0, 0.0, 0.0
H  0.0001445458, -1.38509e-05, -2.0234e-05
H  0.0014960023, -0.0004164878, -0.0002166367
CN  -0.0001580611, -0.0001622561, -0.000149678
H  -0.0005494055, 0.0006361825, -0.0001838399
H  0.0007474506, -0.000299756, -0.0002871342
CN  0.0, 0.0, 0.0
H  -0.0009940899, 0.000232003, -3.86e-06
H  0.0008917966, 0.0004231227, -0.0005795886
CN  0.0003626139, 0.0001793238, -0.000264177
H  0.000386435, 0.0003441993, -0.0001106092
H  0.0009911902, 0.0006918243, -6.32448e-05
CN  0.0, 0.0, 0.0
H  -0.000528497, -0.0003954317, 0.0004365957
H  -0.0003516551, 0.0001288785, -0.000476124
CN  -3.07624e-05, -0.000143845, -8.08139e-05
H  -0.0001190351, -0.0001524987, -0.0003072792
H  0.0003276687, -0.0008845862, 0.0002662078
CN  0.0, 0.0, 0.0
H  0.0002383798, -0.0013616352, 0.0009393648
H  -0.0001138627, 6.0472e-05, 0.0002374764
CN  -0.0002407103, -0.0003169095, 2.81219e-05
H  -0.0005359351, -0.0004692687, -0.0006610396
H  -0.0007297813, -0.0002896241, -0.0003330586
CN  0.0, 0.0, 0.0
H  0.0004322571, -0.0012797774, -5.56847e-05
H  -0.0013291936, -0.0006828283, 0.0002452846
CN  0.0002271059, 8.16893e-05, -0.0001119647
H  0.0006376998, -0.0005826194, -7.85481e-05
H  5.38472e-05, 0.0015492603, -0.0005513381
CN  0.0, 0.0, 0.0
H  0.0008364365, -0.0006790242, 6.64224e-05
H  -0.0010491715, 0.000299569, 0.0001597615
CN  -3.1005e-06, -0.0001801613, -9.36539e-05
H  0.000284503, -0.0009194356, -0.0008556336
H  -0.0001875201, 0.0005828669, -3.89605e-05
CN  0.0, 0.0, 0.0
H  0.0002640989, 0.000498021, -0.0006255933
H  -0.0011705274, -0.0009938015, -0.000534687
CN  -0.0002559191, -0.0001048087, -0.0001527413
H  -0.0002782121, -0.0005669249, 0.0007516778
H  0.0015917017, -6.36748e-05, -8.65108e-05
CN  0.0, 0.0, 0.0
H  9.76819e-05, -0.0006374319, 0.0004393598
H  -0.0002534011, -0.0004417229, -0.0007003911
CN  7.84202e-05, 9.76327e-05, -2.74645e-05
H  0.0001353875, -0.0004474689, -0.0005346117
H  -0.0002926334, -0.0001980293, -6.712e-07
