CN  0.0, 0.0, 0.0
H  0.0004010186, -0.0007112716, 0.0007950129
H  0.0003086256, -0.0002679542, -0.0003913191
CN  -7.58601e-05, 5.40484e-05, -0.000154388
H  -0.0001496965, -5.18269e-05, 0.0004665867
H  -0.0011039858, 0.0003207498, 0.0001971238
CP  0.0, 0.0, 0.0
H  -0.000903622, -0.0002610731, -0.0004046127
H  6.24981e-05, 0.000735197, 0.0001850704
CP  0.0002037052, 3.36988e-05, -5.48064e-05
H  0.0002438174, 0.0001101106, -0.0006926996
H  0.0007526616, -1.76616e-05, 0.0002179612
CN  0.0, 0.0, 0.0
H  0.0004738148, 0.0004294081, 0.0002980252
H  -1.30645e-05, 0.0005684498, 0.0001038758
CN  -0.0001741307, -0.00014078, -2.22358e-05
H  0.0003192783, -0.0008589103, 3.43815e-05
H  -0.0002053898, 0.0004268501, 0.0003841593
CN  0.0, 0.0, 0.0
H  -0.0006382492, 0.0006851587, -0.0003395674
H  -0.0002316983, 0.0012138167, -0.0008594911
CN  -0.000115994, -7.82924e-05, -9.24433e-05
H  -0.0006056336, 4.22109e-05, 0.0004847468
H  0.0008770638, -0.0002487881, 0.000233876
CN  0.0, 0.0, 0.0
H  -0.0003798363, 0.0005704009, -0.0008051646
H  -0.0004798869, 0.0003512631, 0.0001679256
CN  -0.0001388425, 0.0001904678, -6.64846e-05
H  0.0003397977, -0.0005249176, 3.6373e-06
H  -0.0003020274, -0.0012344212, 0.0003706417
CN  0.0, 0.0, 0.0
H  -0.0005813237, 0.0003207363, 0.0003392115
H  0.0015902996, -0.0003564578, 0.0007217428
CN  -0.0002213828, -0.0001293586, -0.0005734253
H  -0.0006939015, -0.0001330396, -0.0001868309
H  -0.0004370751, -0.0005667176, -0.0004637776
CN  0.0, 0.0, 0.0
H  0.000312346, 0.0002701605, 7.50964e-05
H  3.85434e-05, 0.0007936598, 0.0005110922
CN  -0.0003016238, -9.79411e-05, 0.0002099973
H  0.0007424501, 0.0002402061, 0.0004107848
H  -0.0007637414, -0.0002448074, 0.0005194755
CN  0.0, 0.0, 0.0
H  0.0008577462, -0.000784716, -6.59758e-05
H  -0.0006546078, -0.0003397126, -0.0004120854
CN  -0.000222727, 0.0001588445, 0.0001123351
H  -0.0006115935, 0.0009183381, -0.00010916
H  -0.0004015215, -0.0004995144, -0.0007917889
CN  0.0, 0.0, 0.0
H  0.0005188555, -0.0004086473, 0.0003240718
H  -0.0006421303, 0.0008596606, 3.83012e-05
CN  -2.4488e-05, 1.47095e-05, 0.000186142
H  -0.0002964426, -5.86821e-05, 6.91459e-05
H  0.0007913147, 0.000580669, -0.0005033164
CN  0.0, 0.0, 0.0
H  -0.0001358404, -0.0006827723, 0.0005900535
H  0.0004415855, -0.0001160576, -9.96937e-05
CN  -0.000104641, 0.0001569741, -0.0002121299
H  -0.000406803, 0.0004785012, -0.0009171244
H  0.0004590393, 0.0010547044, 0.0003188191
