CN  0.0, 0.0, 0.0
H  0.0006075686, 0.0005299487, -0.0004136811
H  0.0003150551, -0.0002135786, -0.0004155894
CN  0.0002363384, -0.0001824944, -0.0001821042
H  0.0001506571, 0.0004835943, 0.0002137173
H  -8.21447e-05, 9.20286e-05, 7.88475e-05
CP  0.0, 0.0, 0.0
H  -0.0002840095, 9.34078e-05, -0.0012502132
H  -8.21329e-05, -8.95027e-05, -0.0004504707
CP  -2.36516e-05, -1.4491e-06, 1.87684e-05
H  0.0018201712, -7.21977e-05, -0.0003145639
H  -0.0005440475, -0.0001753054, 0.0003678297
CN  0.0, 0.0, 0.0
H  -0.0002846793, 0.0004602727, -0.0002082408
H  -0.0002171284, -0.000316921, 0.0012276729
CN  -0.0002527932, 0.0001797524, -8.4921e-06
H  -0.0003668322, 0.0004660619, -0.0003593264
H  0.0002995325, -0.0002178105, -0.0005756246
CN  0.0, 0.0, 0.0
H  0.0001581601, 2.99203e-05, -0.0003490235
H  -0.0008350348, -0.0002934997, 0.0005321316
CN  8.76302e-05, 6.45397e-05, 0.0001866105
H  -0.0004358013, 0.0007173514, 0.0001810645
H  0.0009504164, -0.0010387446, 0.0006633561
CN  0.0, 0.0, 0.0
H  0.0016561761, 0.0008792512, 0.0004699939
H  -0.0004900083, -0.0007710062, 0.0005656861
CN  0.0001222537, 2.90316e-05, -8.99489e-05
H  0.0001193056, -0.0006385267, -0.0006056103
H  0.0007142189, 7.37676e-05, 0.0001178106
CN  0.0, 0.0, 0.0
H  0.0003519729, -0.0004157723, -0.0002333996
H  -0.0001631398, -0.0003072844, 0.0018207578
CN  -2.56417e-05, -0.0001667613, -0.0004106802
H  -0.0005344374, -0.0001085608, 0.0011959162
H  2.60235e-05, 0.0007111335, 0.0001213173
CN  0.0, 0.0, 0.0
H  0.0002778467, -5.71227e-05, -7.82455e-05
H  -0.0004491501, 0.0007877463, -0.0004263935
CN  -8.24844e-05, -8.0578e-06, -0.0002132137
H  2.0891e-06, -0.0006205603, -0.0009492345
H  -0.0004799783, 0.0008242144, -0.0001805513
CN  0.0, 0.0, 0.0
H  -0.0002048422, 2.84611e-05, -0.0004821961
H  -0.000318058, -0.0001132243, -0.0002139751
CN  8.75861e-05, -0.0002928821, -2.03144e-05
H  -0.0002871996, -9.58096e-05, -0.0005760223
H  0.0009146967, -0.0008512923, 8.56222e-05
CN  0.0, 0.0, 0.0
H  0.0002213449, 0.0011269893, -2.50075e-05
H  0.0006610104, 0.0005905879, -0.000110266
CN  -0.0001081788, -2.75296e-05, -0.0001280538
H  -8.01689e-05, -3.6292e-05, 0.0006077234
H  3.59249e-05, 7.64615e-05, 0.0002312747
CN  0.0, 0.0, 0.0
H  -0.0004245826, -0.0009026334, -9.54077e-05
H  0.0001857418, -0.0002772048, -0.000177171
CN  0.0002469512, -6.10454e-05, 4.19268e-05
H  0.0006720751, 0.0003407212, -0.0001025098
H  -0.0002417295, 0.0005874227, -0.0007346884
