CN  0.0, 0.0, 0.0
H  -4.13571e-05, -0.0003027607, -0.0007072345
H  -0.0002219875, -0.0001078422, 0.000444525
CN  -0.000300898, 2.95603e-05, -0.0002699875
H  0.0003147969, 0.0003012134, -0.000633458
H  0.0007432192, 0.0002920494, 0.0004004589
CP  0.0, 0.0, 0.0
H  0.000528262, -0.0002298101, -0.000224443
H  0.0002116404, -5.87452e-05, -0.0002782772
CP  -7.39028e-05, 9.46176e-05, -0.0003246296
H  0.0008672094, 0.0004633398, -0.0003438568
H  -0.0005964714, -0.0015697604, -0.0003393711
CN  0.0, 0.0, 0.0
H  -0.0003120144, -0.0004042167, 2.61307e-05
H  -0.0007312134, 0.0001729, -0.000544771
CN  1.87307e-05, 0.0001813684, -3.15455e-05
H  0.0006916921, 0.000519039, -0.000188446
H  -0.0006324562, 0.0001937039, -0.0004789359
CN  0.0, 0.0, 0.0
H  -0.0006082052, -0.0004492896, 3.52041e-05
H  -0.0001509322, -0.0007155987, 0.000638021
CN  -3.32327e-05, -3.90792e-05, 7.37636e-05
H  -0.0002377331, 0.0004336733, -0.00069597
H  0.0003064054, -0.0001476386, 0.0001207153
CN  0.0, 0.0, 0.0
H  0.0004047633, 0.0005501403, -0.0004426778
H  -0.0004203403, -0.0007762849, -0.000162565
CN  -9.34936e-05, -0.0001130883, 8.90676e-05
H  0.0001407867, -0.000449273, 0.0002103725
H  -0.0008046164, -0.0001486574, -0.0010819257
CN  0.0, 0.0, 0.0
H  0.0004058826, -0.0004744725, 6.37157e-05
H  9.61841e-05, 4.06743e-05, -0.0003699331
CN  8.42884e-05, 1.49372e-05, 3.08944e-05
H  -2.58169e-05, -0.0003285152, 0.0007527196
H  0.0001275818, -8.6176e-06, 0.0013396293
CN  0.0, 0.0, 0.0
H  0.0005171142, 0.0009584267, 0.0006855546
H  0.0001938796, 0.0001736774, -0.0001432861
CN  -4.93143e-05, 0.0002196656, 3.1395e-06
H  0.0004633511, 0.0001193441, 6.54283e-05
H  -1.54954e-05, -0.0001041402, 0.0005969342
CN  0.0, 0.0, 0.0
H  -5.94921e-05, 0.0006577205, 0.0002818418
H  -0.0013554985, -0.000526076, 0.0002756644
CN  8.05839e-05, -8.46963e-05, 0.0001167211
H  -0.0004768077, 0.0006200922, -0.0008096697
H  0.0007733982, -0.0001593084, 6.95266e-05
CN  0.0, 0.0, 0.0
H  -0.0011174552, 0.0004993977, -6.73464e-05
H  1.33637e-05, 0.0001120872, -0.0008937611
CN  3.62493e-05, 0.0002625683, -0.0003052042
H  0.0012189469, -0.0008278178, 0.0006345659
H  -0.0005340999, -0.0003773367, 0.0005178423
CN  0.0, 0.0, 0.0
H  0.0008464448, -0.0008319757, -0.0004027801
H  0.0010195336, 0.0004351914, -0.0003456753
CN  3.64214e-05, -1.67352e-05, 0.0003078323
H  -0.0007589912, 0.0001677973, -0.0009605423
H  -0.0012580221, -0.0004886334, 0.0005724833
