CN  0.0, 0.0, 0.0
H  0.0002443208, 0.0004955037, -0.0007376512
H  -0.000581987, 0.0004683853, -0.0005330033
CN  0.000153521, -7.48347e-05, 0.0001852428
H  0.0005723644, 0.0006918583, 0.0008464049
H  0.0003440991, -0.0009245537, -0.0002155117
CP  0.0, 0.0, 0.0
H  -0.0010184543, -0.0008627481, 0.0009236464
H  -0.0002701937, 0.000700484, 0.0003093397
CP  0.0001131751, -6.85842e-05, -0.0001560576
H  0.0002845493, 8.01221e-05, -9.21541e-05
H  -0.0014551412, -0.0003748865, -0.0001547846
CN  0.0, 0.0, 0.0
H  -0.0001267807, -0.0004742517, -0.0002134797
H  0.0002198623, -0.0004199505, -0.0004698359
CN  -0.0001982839, -0.0001568582, -0.0002131625
H  -0.0003067213, 4.066e-07, 0.0011668803
H  0.0006591946, 0.0003276528, -0.0009937395
CN  0.0, 0.0, 0.0
H  0.0010570145, -0.000402126, 0.0010063595
H  -0.0005253275, -9.0924e-06, 0.0004518611
CN  1.66827e-05, 3.8238e-06, -1.87848e-05
H  -0.0004142738, 9.9404e-06, -0.0004353132
H  0.0007513771, -0.0002823428, -0.0004093156
CN  0.0, 0.0, 0.0
H  0.0002159606, 0.0015369359, 0.0008663085
H  -0.0009819614, -0.0006431956, 0.0007917719
CN  0.0002250337, 0.0001800018, -0.000282831
H  0.0006664573, 5.42023e-05, -0.0002191151
H  0.0004431581, 8.98629e-05, -0.0005285807
CN  0.0, 0.0, 0.0
H  -3.30681e-05, -0.00017422, -3.7175e-05
H  -0.0002375738, -0.000320691, 0.0006360852
CN  0.0004902564, 0.0001185245, 2.45594e-05
H  0.0002009416, 0.0003854052, -0.0006690929
H  -0.000491909, 1.8004e-06, -0.0006374087
CN  0.0, 0.0, 0.0
H  0.0004282238, -0.0001718346, 0.0005135254
H  0.0003393217, -0.0004387638, -0.0002921007
CN  -0.0001181237, -0.0001461144, -0.0001645807
H  -0.0006246215, 5.95553e-05, 0.0002498357
H  -0.0006119015, 0.0009034423, 0.0005438145
CN  0.0, 0.0, 0.0
H  -2.26196e-05, 0.0002201468, -1.296e-06
H  -8.7124e-05, 0.0006112844, 0.0004768388
CN  -2.15924e-05, 8.16164e-05, 0.0002988369
H  0.0003686203, 0.0001814216, -0.0002913532
H  -0.0005399208, -5.07931e-05, 6.30568e-05
CN  0.0, 0.0, 0.0
H  0.0006199801, 0.0011710458, -0.0003292391
H  3.22086e-05, -0.0001297793, 0.0011845135
CN  -0.0002932105, -6.42973e-05, 0.0001445719
H  -0.0002718651, -0.0008503045, -0.000731942
H  -0.0001784022, 0.0004280117, 0.0004001363
CN  0.0, 0.0, 0.0
H  -6.8114e-06, -1.62079e-05, 0.0006783596
H  0.0003021534, -0.0003542116, -0.0007773312
CN  -0.0001431698, 0.0002907469, 1.47943e-05
H  2.76624e-05, 0.0005159779, 3.09513e-05
H  0.0003730693, -0.0006050687, 0.000757688
