CN  0.0, 0.0, 0.0
H  -0.0001408342, -2.53329e-05, 0.0003033544
H  0.00067909, -0.0010620216, 0.0001772201
CN  0.0001409743, -2.57463e-05, -4.019e-05
H  0.0001454745, -0.0004453779, -0.0002213086
H  0.0002543011, -0.0003321556, 0.0002532678
CP  0.0, 0.0, 0.0
H  0.000560772, -0.0005391119, 0.0002189924
H  9.09041e-05, 0.0003140543, -2.44357e-05
CP  -7.01678e-05, -0.0001318989, -0.0003372786
H  -0.0004770062, -0.0004795303, 0.0004971555
H  -0.0008031704, -0.0004443504, -0.0009602898
CN  0.0, 0.0, 0.0
H  -0.0002889922, -0.0008122662, 0.001014858
H  -0.0004661342, -0.0001064005, -0.0006212705
CN  0.0001244207, -0.0001492123, -4.68996e-05
H  0.0005276632, -0.0008552338, -0.0006537802
H  0.0002612899, 0.0006765242, 0.0004136641
CN  0.0, 0.0, 0.0
H  0.0004444199, 0.0004050753, -0.0007101354
H  0.0002519467, 0.0005645399, -0.0004577072
CN  0.0001352366, -0.0001524907, -0.0001778002
H  3.41496e-05, 0.0004601444, -0.0002302397
H  0.0009257635, -0.0002071207, 0.0008255285
CN  0.0, 0.0, 0.0
H  -8.2108e-05, 0.0003020992, -0.0005165526
H  0.0017218024, 0.0008679376, 0.0010530341
CN  -6.85359e-05, -5.03697e-05, -0.0001175876
H  0.0003987195, 0.0001433771, 0.0009051986
H  0.0003940023, -0.0002542135, 0.0006046276
CN  0.0, 0.0, 0.0
H  -0.0002963152, 0.0003453711, -4.62137e-05
H  0.0010278435, -0.0005160188, -0.001008888
CN  -6.19259e-05, -5.07491e-05, -0.0001744261
H  -0.000278508, -3.54123e-05, -0.0005768128
H  0.0011723302, 0.0002272043, -0.0007198418
CN  0.0, 0.0, 0.0
H  0.0005298915, 0.0003385853, 0.0004095409
H  -0.000280696, -0.0002650949, 0.0002375283
CN  -0.0001227237, -0.0002721406, -0.0002421847
H  4.50201e-05, 0.0001003685, -0.0006784211
H  0.0007767414, 6.05493e-05, 0.000152451
CN  0.0, 0.0, 0.0
H  -2.21826e-05, 0.0001718423, -0.0003097855
H  -0.0005108929, -0.0009848468, -2.16364e-05
CN  0.0003874424, -2.91721e-05, 0.0001294769
H  1.76291e-05, 0.0001406759, 0.0001208479
H  -8.52553e-05, -0.0004418436, -2.27112e-05
CN  0.0, 0.0, 0.0
H  -0.0007489515, 0.0012713007, 0.0002007834
H  6.4127e-05, 0.0005075576, -0.0002489143
CN  7.57077e-05, 6.16362e-05, 2.93854e-05
H  0.0002800007, -0.0003673447, -0.0007687633
H  0.0003663984, 0.0005740012, 0.0001286655
CN  0.0, 0.0, 0.0
H  4.24768e-05, 0.0002413282, 0.0005321996
H  0.0003161519, -0.0006235047, -0.0001692429
CN  0.0002031991, 0.0002255741, 4.45057e-05
H  0.0009964073, 0.0002909706, 0.0006977179
H  -0.0005585259, -0.000129381, -0.0003969478
