CN  0.0, 0.0, 0.0
H  -0.0002084174, -6.67403e-05, -0.0010949215
H  -0.00044132, 0.0003803552, -0.0005193265
CN  1.13169e-05, 5.19583e-05, -0.0001833801
H  0.0007392531, -0.000289168, -0.0006443445
H  0.0003405111, -0.0004301065, 0.0013714345
CP  0.0, 0.0, 0.0
H  0.0001490319, -0.0001847335, 0.0010384276
H  -0.0003196848, -0.0007582843, 0.0009761875
CP  0.0001895496, 0.000104344, 7.7347e-06
H  -0.0008441598, 0.000344432, -0.0009821954
H  -0.0002090783, -9.31522e-05, -0.0006459239
CN  0.0, 0.0, 0.0
H  0.000469871, -0.0001144632, 0.0010852428
H  6.83477e-05, -0.0009929163, -0.0012681879
CN  -4.18115e-05, 0.0003278206, 0.0002698779
H  -0.0003196971, -3.45196e-05, 0.0001983954
H  -0.000206391, 0.0006359073, 0.0003759264
CN  0.0, 0.0, 0.0
H  4.37023e-05, 0.0005913552, 0.000681945
H  0.0003506382, -0.0001661723, -8.9816e-06
CN  -0.0001710248, -0.0002465661, -3.54987e-05
H  -0.0002512409, 0.0007788274, 0.0003587799
H  -0.0010898492, -0.0009522651, 0.0001379861
CN  0.0, 0.0, 0.0
H  0.0006831976, 3.17882e-05, 0.0001945717
H  -0.0008062737, 0.0002370599, 0.0005215796
CN  -9.59883e-05, 0.0002602166, 9.72378e-05
H  -0.0012049246, -0.000295004, 0.0004014621
H  -3.08917e-05, -0.0002155737, -0.0005295009
CN  0.0, 0.0, 0.0
H  -0.0003586243, -0.0005770963, -6.20578e-05
H  -0.0001337852, 4.11041e-05, 0.0001089172
CN  0.0001595911, 0.000165435, -6.5591e-06
H  0.000661736, -0.000225421, -0.0006800685
H  -0.000360635, 0.0001991977, -0.0004388327
CN  0.0, 0.0, 0.0
H  0.0002030058, -0.0006378618, 0.000156832
H  0.0007798055, -0.0004085084, 0.0004472254
CN  8.38339e-05, -0.0002236845, 0.0001220567
H  0.0006635875, -0.0003033409, 0.0004162973
H  6.88769e-05, -0.0003899479, -8.26311e-05
CN  0.0, 0.0, 0.0
H  -0.0002117888, 6.21049e-05, -0.000486723
H  0.0002894634, 4.15281e-05, -0.0003231785
CN  -8.29828e-05, -2.399e-05, 1.6884e-06
H  -0.0004946714, -7.80092e-05, 3.0055e-05
H  8.45604e-05, -0.0011503301, -0.000139672
CN  0.0, 0.0, 0.0
H  -0.0003661071, -0.0012231941, -0.0005718836
H  -0.0006443699, 0.0004515374, 0.0002360034
CN  -7.8826e-06, -4.70184e-05, -0.0002611934
H  9.14354e-05, 0.0002112415, -0.000124128
H  -0.0002075745, 0.0004607864, 0.0006019571
CN  0.0, 0.0, 0.0
H  7.85907e-05, 0.0005509261, -0.0007025112
H  0.0006662359, -0.0004686365, -2.4232e-06
CN  7.7877e-05, 0.0002204187, 0.0002037516
H  -0.0009358386, 7.70519e-05, 0.0004331302
H  -0.0008880609, 1.71337e-05, -0.0006412681
