CN  0.0, 0.0, 0.0
H  0.0004138806, 0.0004268332, 0.0002996902
H  0.0006220744, -0.0002148956, 0.0002318495
CN  0.0002118753, -0.0003241908, -0.0001606737
H  -0.000373739, -0.0003798917, -0.0002493931
H  -0.0011788666, -0.000615832, -4.48342e-05
CP  0.0, 0.0, 0.0
H  -0.0003551712, 0.0001361403, 0.0001843552
H  -0.0001992154, 0.0006842716, -0.0001419106
CP  -4.29304e-05, 0.0003211752, -0.0004069513
H  0.0003765551, -0.0002562675, 0.0003120015
H  -1.258e-05, -0.0002372097, -0.0004948549
CN  0.0, 0.0, 0.0
H  -0.0009724232, -0.0012294962, -0.0001165547
H  0.0002876436, 0.0009569634, 0.000433969
CN  0.0001584072, -9.70121e-05, 0.0001257725
H  0.0004426462, 0.0008520862, 0.0001312309
H  -0.0011755781, 0.000316241, 0.0001789158
CN  0.0, 0.0, 0.0
H  2.69842e-05, -0.0003519461, 0.0007324597
H  -0.0004560988, 0.0004681156, -0.0001580344
CN  0.0001170175, -0.0001974492, -6.61033e-05
H  -0.0001545687, 0.0008581733, -0.0001209936
H  -0.0003698004, -0.0009170347, 0.0008393827
CN  0.0, 0.0, 0.0
H  -0.00084504, 0.0004193307, 0.0001302262
H  0.0006260555, 0.0003276138, 0.0004913111
CN  0.0001578834, 4.4024e-06, -0.000152514
H  0.0003538165, 0.0006273442, -0.0012088976
H  0.0006785222, 0.0001661695, 1.3293e-06
CN  0.0, 0.0, 0.0
H  0.0004731038, -0.0004625027, 0.0006729684
H  0.0006796556, -0.0002572699, 7.34011e-05
CN  -0.0002652205, 5.15368e-05, -7.73191e-05
H  0.0003062276, 0.0003087415, 0.0005659049
H  0.0003179259, -0.0004379361, -0.001074971
CN  0.0, 0.0, 0.0
H  1.37268e-05, -4.9563e-06, 0.0004437249
H  -0.0010563359, 0.0001965278, 0.000317277
CN  0.0001541003, 0.0001411001, 0.0002883605
H  -0.0001245601, -0.0005625445, 0.0002711113
H  -0.0001336965, 4.78645e-05, 0.0002302305
CN  0.0, 0.0, 0.0
H  -0.0002151604, 0.0006624309, -0.0002343738
H  0.0006000354, -0.0001743233, 7.34985e-05
CN  -0.0001872969, -6.98859e-05, -0.0001171735
H  0.0004258081, 0.0003170686, 0.000780852
H  -0.0002566662, -4.16695e-05, -9.7505e-06
CN  0.0, 0.0, 0.0
H  -0.0003532719, 0.0006020783, -0.0004145903
H  0.0003001667, -0.0004691672, -0.0003051033
CN  8.03287e-05, -0.0001096593, -2.0462e-06
H  0.0002997234, 2.56273e-05, 0.0002472076
H  -0.0003998441, 0.0008138314, -0.0006407543
CN  0.0, 0.0, 0.0
H  0.0003887054, -6.06255e-05, 0.0003241695
H  0.0009309793, 0.0003657947, -2.5392e-06
CN  -0.0002152587, -0.0001812302, -0.0001091422
H  -2.9693e-05, -0.0004028713, -0.0008188158
H  -0.0007049409, 0.0003707423, -0.0002253007
