CN  0.0, 0.0, 0.0
H  0.0007568856, -0.0004982823, -0.0002835736
H  0.0002965125, 0.0002309019, 9.49971e-05
CN  -0.0001329342, 0.0004107388, -3.42633e-05
H  -0.0005005942, -0.0002656523, -0.0005097737
H  0.0003239179, -0.001096194, 0.0008825229
CP  0.0, 0.0, 0.0
H  0.0007230506, -5.09014e-05, -0.0005840174
H  -0.0006640891, -0.0004820722, 3.39351e-05
CP  -0.000118779, -0.0003492024, -8.20683e-05
H  -0.0008914364, -0.0008316183, -0.0002897744
H  0.0005114663, -0.0001756415, -0.0005396093
CN  0.0, 0.0, 0.0
H  0.0005608012, -0.0001109256, 0.000311674
H  0.0005886025, -0.000239787, -0.0008792001
CN  -0.0001104551, 8.83404e-05, 0.0003831084
H  0.0006921378, 0.0002369949, -0.0003375944
H  0.0002537398, 0.0001947411, -0.0005011773
CN  0.0, 0.0, 0.0
H  -0.0002653058, -2.3015e-06, 0.0008526341
H  -0.0009676544, -0.0007453356, -0.0004623097
CN  -4.97437e-05, 0.0001642763, -0.0001768606
H  0.0003008692, 0.0010284474, -0.0001723704
H  0.000498917, -0.0009285113, 0.0005570671
CN  0.0, 0.0, 0.0
H  -0.0006883111, 0.0004219685, 0.00034294
H  0.000211516, 4.86711e-05, 0.0001690786
CN  2.43054e-05, -5.74819e-05, 4.13149e-05
H  -9.5289e-06, 0.0004904278, -0.0001921365
H  0.0001642663, 0.0005475, -0.0004312128
CN  0.0, 0.0, 0.0
H  0.0005746211, 0.0006356044, 0.0008078108
H  -3.09482e-05, -0.0006283979, -0.0002885457
CN  2.00675e-05, -1.04409e-05, 5.21441e-05
H  -0.0007684831, 0.0006877051, 0.000678304
H  0.000138389, 0.0013448882, -0.0003771698
CN  0.0, 0.0, 0.0
H  0.000869793, 0.0002262712, -0.0006602241
H  -0.0003289657, 0.0001954793, 0.0011240853
CN  6.3238e-05, 0.0002646747, 2.16895e-05
H  -0.0002563397, -0.0003913127, 0.0008922055
H  0.0007730225, 0.0006127986, -0.0001090838
CN  0.0, 0.0, 0.0
H  -0.0005189803, -0.0002139748, -0.0010182494
H  -0.0006530906, -0.0002426944, -0.0003698766
CN  0.000129704, -3.66167e-05, -2.40515e-05
H  -0.0001887926, 0.0003564865, -0.0009241787
H  -0.0009957832, -0.0009035466, -0.0001948206
CN  0.0, 0.0, 0.0
H  0.0007758539, -6.87261e-05, -0.0004048569
H  -0.0004602865, 0.0004166456, 0.0004453205
CN  -0.0001723659, -6.18125e-05, 0.0001130019
H  -0.0004345212, 0.0004427463, -0.00090566
H  -0.001059377, 0.000847304, -0.0004803297
CN  0.0, 0.0, 0.0
H  -0.0004339645, -0.0001384267, -0.0008881887
H  -0.0006110686, -0.000159615, 0.0006124342
CN  -0.0002661056, -7.23263e-05, 0.0001583924
H  -0.0001055095, 0.0009664653, 0.0007652278
H  0.0006352082, 0.0003106253, 0.0001914662
