-2.17692326907958752E-006
1.80790348481833083E-006
1.12954454013600357E-006
-1.40663516584090571E-006
2.93410933830979848E-007
4.09533289252787250E-007
-4.25794373428757781E-006
-3.89225814050487163E-006
-5.37938878972243757E-007
2.79279690550513600E-006
1.37705227513820802E-005
-2.58575965868619110E-007
2.67805008143930210E-006
-1.21002742142649136E-006
-5.58536439906214686E-006
2.34527607396659042E-007
1.64036677371436648E-006
7.85486743627866282E-006
-8.21768258985616010E-006
1.63388531796299190E-006
-1.45208383876758694E-007
-1.28141216338540496E-006
-1.13076322538849012E-006
-4.37187384767360710E-007
-6.42793802211262486E-006
8.28512942068164159E-007
-1.28461513634127191E-006
6.11731582250606563E-007
7.34475028693869953E-006
5.30837093241706958E-006
2.84053456675880386E-006
3.77701285394894111E-006
2.01145770068121906E-006
4.02951254521513621E-007
2.77524896737015211E-006
7.16232637476612561E-007
4.98115255607598405E-006
2.58122268383080567E-006
3.47146108902258604E-006
-2.75254821006658069E-006
1.27474941943060197E-006
1.45923345514208793E-006
-1.60402896879717856E-006
-4.61965572306566348E-007
4.20117886356078387E-006
-1.19133023382400074E-005
-5.29440934625594995E-006
5.65780363666977385E-006
2.47984350759098073E-006
-1.57437817467437580E-006
-8.08347372995626830E-007
2.46208244887445349E-006
-5.99974419265484724E-007
1.09470244247900522E-006
-3.59615789505685139E-006
2.74313921686638977E-006
-1.44176294116498173E-007
-6.53617888632307790E-006
-5.34669887511310985E-007
-6.50357764756065576E-007
2.94462203953364023E-006
4.26531473451069282E-007
-1.21692001765376865E-006
-2.36328742721595710E-006
5.96957906970875712E-006
1.08565553798386681E-005
-2.30529360771029004E-006
-1.32979030647739216E-006
-2.56521217424560433E-006
6.32587732409623526E-008
-1.45078328977787328E-007
-5.79355302405128314E-007
6.16315279262426793E-006
-5.15587365364109053E-006
2.06843525069712351E-006
2.84019236962610483E-006
4.79977971391297677E-006
2.80983759523505151E-006
3.69650326019292071E-006
-8.88692372323516109E-007
-8.61282682472691271E-007
-2.02259522403587815E-006
-4.16634957014916362E-006
1.67660435711044102E-006
-9.14969156632940158E-009
-5.49933989844263963E-007
7.76609713075348433E-007
1.87121441483937191E-006
-2.42472299144198171E-006
-5.37035242247530075E-007
-1.89740616750752506E-006
-1.20370245801142736E-006
-2.92307358622383875E-006
-4.28344539361329353E-006
2.53232503807766855E-006
-3.32190972000280962E-006
5.19256066974016407E-006
-3.62083141054916570E-006
-9.64418530776210740E-007
3.99115315680849540E-006
