 Atom=           1 Dimension=           1
 -6.01945344640813566E-006   0.0000000000000000     
 -1.53129324317951478E-002 -9.01064330709282236E-006
 Atom=           1 Dimension=           2
 -6.62772187487285689E-006   0.0000000000000000     
  8.37697321076136042E-004 -3.35461184956055934E-006
 Atom=           1 Dimension=           3
 -4.68177960888236729E-006   0.0000000000000000     
 -2.20037664307467075E-003 -4.66292820295648770E-006
 Atom=           2 Dimension=           1
  4.77711865588732248E-012   0.0000000000000000     
  3.29661351217215787E-003  7.58964726454098307E-010
 Atom=           2 Dimension=           2
  5.97139831985915330E-012   0.0000000000000000     
  9.89616972049697698E-004  6.80739408463943414E-011
 Atom=           2 Dimension=           3
  2.98569915992957665E-012   0.0000000000000000     
 -1.65189942657479423E-003  1.89890466571521084E-010
 Atom=           3 Dimension=           1
  1.30176483372929547E-010   0.0000000000000000     
 -2.84444664622260888E-003  2.00400127614473163E-009
 Atom=           3 Dimension=           2
  1.61227754636197124E-010   0.0000000000000000     
 -8.53811728222150226E-004  1.80336229259746405E-010
 Atom=           3 Dimension=           3
  7.52396188302253377E-011   0.0000000000000000     
  1.42498145373679236E-003  5.02791738532140679E-010
 Atom=           4 Dimension=           1
 -6.19619877528823469E-006   0.0000000000000000     
 -1.19119016384562192E-002 -8.71899215176316979E-006
 Atom=           4 Dimension=           2
 -6.65523091265278345E-006   0.0000000000000000     
 -1.26200255161061647E-003 -3.11095759964627002E-006
 Atom=           4 Dimension=           3
 -4.52691557343564373E-006   0.0000000000000000     
  1.19224449072753398E-003 -5.23016028645738896E-006
 Atom=           5 Dimension=           1
  1.24205085053070386E-010   0.0000000000000000     
 -3.44836906389491601E-003  1.56510349963508408E-009
 Atom=           5 Dimension=           2
  1.43313559676619666E-010   0.0000000000000000     
 -7.39527091859170575E-004  7.16567798383098331E-011
 Atom=           5 Dimension=           3
  5.79225637026337839E-011   0.0000000000000000     
  2.20387838069923759E-003  6.38939620224929466E-010
 Atom=           6 Dimension=           1
  8.35995764780281494E-012   0.0000000000000000     
 -1.19238495421343509E-005  1.19547394363580247E-009
 Atom=           6 Dimension=           2
  9.55423731177464495E-012   0.0000000000000000     
 -2.54090417972419381E-006  5.49368645427042032E-011
 Atom=           6 Dimension=           3
  3.58283899191549206E-012   0.0000000000000000     
  7.52005084105046292E-006  4.88460382564478713E-010
 Atom=           7 Dimension=           1
 -6.01945344640813566E-006  1.12093213156768366E-002
   0.0000000000000000      -9.01064330709282236E-006
 Atom=           7 Dimension=           2
 -6.62772187487285689E-006  1.78196203135107039E-003
   0.0000000000000000      -3.35461184956055934E-006
 Atom=           7 Dimension=           3
 -4.68177960888236729E-006 -9.30228234794813459E-005
   0.0000000000000000      -4.66292820295648770E-006
 Atom=           8 Dimension=           1
  4.77711865588732248E-012  3.96734163660226145E-003
   0.0000000000000000       7.58964726454098307E-010
 Atom=           8 Dimension=           2
  5.97139831985915330E-012  4.41249086680334246E-003
   0.0000000000000000       6.80739408463943414E-011
 Atom=           8 Dimension=           3
  2.98569915992957665E-012  3.00902813043426448E-003
   0.0000000000000000       1.89890466571521084E-010
 Atom=           9 Dimension=           1
  1.30176483372929547E-010 -1.24823993013027266E-003
   0.0000000000000000       2.00400127614473163E-009
 Atom=           9 Dimension=           2
  1.61227754636197124E-010 -1.38843574832554230E-003
   0.0000000000000000       1.80336229259746405E-010
 Atom=           9 Dimension=           3
  7.52396188302253377E-011 -9.46851694242643372E-004
   0.0000000000000000       5.02791738532140679E-010
 Atom=          10 Dimension=           1
 -6.19619877528823469E-006  1.73198575341575456E-002
   0.0000000000000000      -8.71899215176316979E-006
 Atom=          10 Dimension=           2
 -6.65523091265278345E-006 -2.68972659022111756E-003
   0.0000000000000000      -3.11095759964627002E-006
 Atom=          10 Dimension=           3
 -4.52691557343564373E-006 -2.25242375681100615E-003
   0.0000000000000000      -5.23016028645738896E-006
 Atom=          11 Dimension=           1
  1.24205085053070386E-010 -5.56647665104175252E-003
   0.0000000000000000       1.56510349963508408E-009
 Atom=          11 Dimension=           2
  1.43313559676619666E-010 -5.97273808353680595E-003
   0.0000000000000000       7.16567798383098331E-011
 Atom=          11 Dimension=           3
  5.79225637026337839E-011 -3.81605230493830975E-003
   0.0000000000000000       6.38939620224929466E-010
 Atom=          12 Dimension=           1
  8.35995764780281494E-012  4.55320835225259037E-003
   0.0000000000000000       1.19547394363580247E-009
 Atom=          12 Dimension=           2
  9.55423731177464495E-012  4.88502671514739594E-003
   0.0000000000000000       5.49368645427042032E-011
 Atom=          12 Dimension=           3
  3.58283899191549206E-012  3.12099768171886010E-003
   0.0000000000000000       4.88460382564478713E-010
 Atom=           1 Dimension=           1
 -6.01945344640813566E-006   0.0000000000000000     
 -1.53129324317951478E-002 -9.01064330709282236E-006
 Atom=           1 Dimension=           2
 -6.62772187487285689E-006   0.0000000000000000     
  8.37697321076136042E-004 -3.35461184956055934E-006
 Atom=           1 Dimension=           3
 -4.68177960888236729E-006   0.0000000000000000     
 -2.20037664307467075E-003 -4.66292820295648770E-006
 Atom=           2 Dimension=           1
  4.77711865588732248E-012   0.0000000000000000     
  3.29661351217215787E-003  7.58964726454098307E-010
 Atom=           2 Dimension=           2
  5.97139831985915330E-012   0.0000000000000000     
  9.89616972049697698E-004  6.80739408463943414E-011
 Atom=           2 Dimension=           3
  2.98569915992957665E-012   0.0000000000000000     
 -1.65189942657479423E-003  1.89890466571521084E-010
 Atom=           3 Dimension=           1
  1.30176483372929547E-010   0.0000000000000000     
 -2.84444664622260888E-003  2.00400127614473163E-009
 Atom=           3 Dimension=           2
  1.61227754636197124E-010   0.0000000000000000     
 -8.53811728222150226E-004  1.80336229259746405E-010
 Atom=           3 Dimension=           3
  7.52396188302253377E-011   0.0000000000000000     
  1.42498145373679236E-003  5.02791738532140679E-010
 Atom=           4 Dimension=           1
 -6.19619877528823469E-006   0.0000000000000000     
 -1.19119016384562192E-002 -8.71899215176316979E-006
 Atom=           4 Dimension=           2
 -6.65523091265278345E-006   0.0000000000000000     
 -1.26200255161061647E-003 -3.11095759964627002E-006
 Atom=           4 Dimension=           3
 -4.52691557343564373E-006   0.0000000000000000     
  1.19224449072753398E-003 -5.23016028645738896E-006
 Atom=           5 Dimension=           1
  1.24205085053070386E-010   0.0000000000000000     
 -3.44836906389491601E-003  1.56510349963508408E-009
 Atom=           5 Dimension=           2
  1.43313559676619666E-010   0.0000000000000000     
 -7.39527091859170575E-004  7.16567798383098331E-011
 Atom=           5 Dimension=           3
  5.79225637026337839E-011   0.0000000000000000     
  2.20387838069923759E-003  6.38939620224929466E-010
 Atom=           6 Dimension=           1
  8.35995764780281494E-012   0.0000000000000000     
 -1.19238495421343509E-005  1.19547394363580247E-009
 Atom=           6 Dimension=           2
  9.55423731177464495E-012   0.0000000000000000     
 -2.54090417972419381E-006  5.49368645427042032E-011
 Atom=           6 Dimension=           3
  3.58283899191549206E-012   0.0000000000000000     
  7.52005084105046292E-006  4.88460382564478713E-010
 Atom=           7 Dimension=           1
 -6.01945344640813566E-006  1.12093213156768366E-002
   0.0000000000000000      -9.01064330709282236E-006
 Atom=           7 Dimension=           2
 -6.62772187487285689E-006  1.78196203135107039E-003
   0.0000000000000000      -3.35461184956055934E-006
 Atom=           7 Dimension=           3
 -4.68177960888236729E-006 -9.30228234794813459E-005
   0.0000000000000000      -4.66292820295648770E-006
 Atom=           8 Dimension=           1
  4.77711865588732248E-012  3.96734163660226145E-003
   0.0000000000000000       7.58964726454098307E-010
 Atom=           8 Dimension=           2
  5.97139831985915330E-012  4.41249086680334246E-003
   0.0000000000000000       6.80739408463943414E-011
 Atom=           8 Dimension=           3
  2.98569915992957665E-012  3.00902813043426448E-003
   0.0000000000000000       1.89890466571521084E-010
 Atom=           9 Dimension=           1
  1.30176483372929547E-010 -1.24823993013027266E-003
   0.0000000000000000       2.00400127614473163E-009
 Atom=           9 Dimension=           2
  1.61227754636197124E-010 -1.38843574832554230E-003
   0.0000000000000000       1.80336229259746405E-010
 Atom=           9 Dimension=           3
  7.52396188302253377E-011 -9.46851694242643372E-004
   0.0000000000000000       5.02791738532140679E-010
 Atom=          10 Dimension=           1
 -6.19619877528823469E-006  1.73198575341575456E-002
   0.0000000000000000      -8.71899215176316979E-006
 Atom=          10 Dimension=           2
 -6.65523091265278345E-006 -2.68972659022111756E-003
   0.0000000000000000      -3.11095759964627002E-006
 Atom=          10 Dimension=           3
 -4.52691557343564373E-006 -2.25242375681100615E-003
   0.0000000000000000      -5.23016028645738896E-006
 Atom=          11 Dimension=           1
  1.24205085053070386E-010 -5.56647665104175252E-003
   0.0000000000000000       1.56510349963508408E-009
 Atom=          11 Dimension=           2
  1.43313559676619666E-010 -5.97273808353680595E-003
   0.0000000000000000       7.16567798383098331E-011
 Atom=          11 Dimension=           3
  5.79225637026337839E-011 -3.81605230493830975E-003
   0.0000000000000000       6.38939620224929466E-010
 Atom=          12 Dimension=           1
  8.35995764780281494E-012  4.55320835225259037E-003
   0.0000000000000000       1.19547394363580247E-009
 Atom=          12 Dimension=           2
  9.55423731177464495E-012  4.88502671514739594E-003
   0.0000000000000000       5.49368645427042032E-011
 Atom=          12 Dimension=           3
  3.58283899191549206E-012  3.12099768171886010E-003
   0.0000000000000000       4.88460382564478713E-010
 Atom=           1 Dimension=           1
 -6.01942388798645230E-006   0.0000000000000000     
 -1.53131243941130087E-002 -9.01069227255904587E-006
 Atom=           1 Dimension=           2
 -6.62769858641940904E-006   0.0000000000000000     
  8.37547012097970204E-004 -3.35458885967702747E-006
 Atom=           1 Dimension=           3
 -4.68182529007951422E-006   0.0000000000000000     
 -2.20040806233335554E-003 -4.66292999437598356E-006
 Atom=           2 Dimension=           1
  4.77711865588732248E-012   0.0000000000000000     
  3.29667821555722261E-003  7.59561866286084334E-010
 Atom=           2 Dimension=           2
  5.97139831985915330E-012   0.0000000000000000     
  9.89610790308872090E-004  6.86710806783802653E-011
 Atom=           2 Dimension=           3
  2.38855932794366124E-012   0.0000000000000000     
 -1.65191274286769006E-003  1.90487606403506982E-010
 Atom=           3 Dimension=           1
  1.29579343540943623E-010   0.0000000000000000     
 -2.84462776515290302E-003  2.00400127614473163E-009
 Atom=           3 Dimension=           2
  1.61227754636197124E-010   0.0000000000000000     
 -8.53844000719012394E-004  1.81530508923718252E-010
 Atom=           3 Dimension=           3
  7.46424789982394138E-011   0.0000000000000000     
  1.42505570740311780E-003  5.03388878364126603E-010
 Atom=           4 Dimension=           1
 -6.19624505362521442E-006   0.0000000000000000     
 -1.19117821924263432E-002 -8.71891989784350012E-006
 Atom=           4 Dimension=           2
 -6.65523628691127188E-006   0.0000000000000000     
 -1.26209217281980255E-003 -3.11091400843853493E-006
 Atom=           4 Dimension=           3
 -4.52685974086135276E-006   0.0000000000000000     
  1.19197809448176118E-003 -5.23029165722042618E-006
 Atom=           5 Dimension=           1
  1.23607945221084462E-010   0.0000000000000000     
 -3.44845312371691972E-003  1.56570063946706990E-009
 Atom=           5 Dimension=           2
  1.42716419844633768E-010   0.0000000000000000     
 -7.39483836766518469E-004  7.22539196702957570E-011
 Atom=           5 Dimension=           3
  5.79225637026337839E-011   0.0000000000000000     
  2.20402549199360349E-003  6.38939620224929466E-010
 Atom=           6 Dimension=           1
  7.76281781581689912E-012   0.0000000000000000     
 -1.18399477382588584E-005  1.19547394363580247E-009
 Atom=           6 Dimension=           2
  8.95709747978872914E-012   0.0000000000000000     
 -2.52270059587354015E-006  5.49368645427042032E-011
 Atom=           6 Dimension=           3
  2.98569915992957665E-012   0.0000000000000000     
  7.46673543507903741E-006  4.88460382564478713E-010
 Atom=           7 Dimension=           1
 -6.01942388798645230E-006  1.12092953602476158E-002
   0.0000000000000000      -9.01069227255904587E-006
 Atom=           7 Dimension=           2
 -6.62769858641940904E-006  1.78197434168727653E-003
   0.0000000000000000      -3.35458885967702747E-006
 Atom=           7 Dimension=           3
 -4.68182529007951422E-006 -9.31242825379818460E-005
   0.0000000000000000      -4.66292999437598356E-006
 Atom=           8 Dimension=           1
  4.77711865588732248E-012  3.96723434550294921E-003
   0.0000000000000000       7.59561866286084334E-010
 Atom=           8 Dimension=           2
  5.97139831985915330E-012  4.41239105935897508E-003
   0.0000000000000000       6.86710806783802653E-011
 Atom=           8 Dimension=           3
  2.38855932794366124E-012  3.00901943764580277E-003
   0.0000000000000000       1.90487606403506982E-010
 Atom=           9 Dimension=           1
  1.29579343540943623E-010 -1.24816300926424545E-003
   0.0000000000000000       2.00400127614473163E-009
 Atom=           9 Dimension=           2
  1.61227754636197124E-010 -1.38835632760825095E-003
   0.0000000000000000       1.81530508923718252E-010
 Atom=           9 Dimension=           3
  7.46424789982394138E-011 -9.46816215328810835E-004
   0.0000000000000000       5.03388878364126603E-010
 Atom=          10 Dimension=           1
 -6.19624505362521442E-006  1.73200555091510208E-002
   0.0000000000000000      -8.71891989784350012E-006
 Atom=          10 Dimension=           2
 -6.65523628691127188E-006 -2.68956241356606328E-003
   0.0000000000000000      -3.11091400843853493E-006
 Atom=          10 Dimension=           3
 -4.52685974086135276E-006 -2.25226134768985497E-003
   0.0000000000000000      -5.23029165722042618E-006
 Atom=          11 Dimension=           1
  1.23607945221084462E-010 -5.56653469071950388E-003
   0.0000000000000000       1.56570063946706990E-009
 Atom=          11 Dimension=           2
  1.42716419844633768E-010 -5.97274560705083474E-003
   0.0000000000000000       7.22539196702957570E-011
 Atom=          11 Dimension=           3
  5.79225637026337839E-011 -3.81596684489804265E-003
   0.0000000000000000       6.38939620224929466E-010
 Atom=          12 Dimension=           1
  7.76281781581689912E-012  4.55331381043118898E-003
   0.0000000000000000       1.19547394363580247E-009
 Atom=          12 Dimension=           2
  8.95709747978872914E-012  4.88509506310078230E-003
   0.0000000000000000       5.49368645427042032E-011
 Atom=          12 Dimension=           3
  2.98569915992957665E-012  3.12096752742626682E-003
   0.0000000000000000       4.88460382564478713E-010
 Atom=           1 Dimension=           1
 -6.01942388798645230E-006   0.0000000000000000     
 -1.53131243941130087E-002 -9.01069227255904587E-006
 Atom=           1 Dimension=           2
 -6.62769858641940904E-006   0.0000000000000000     
  8.37547012097970204E-004 -3.35458885967702747E-006
 Atom=           1 Dimension=           3
 -4.68182529007951422E-006   0.0000000000000000     
 -2.20040806233335554E-003 -4.66292999437598356E-006
 Atom=           2 Dimension=           1
  4.77711865588732248E-012   0.0000000000000000     
  3.29667821555722261E-003  7.59561866286084334E-010
 Atom=           2 Dimension=           2
  5.97139831985915330E-012   0.0000000000000000     
  9.89610790308872090E-004  6.86710806783802653E-011
 Atom=           2 Dimension=           3
  2.38855932794366124E-012   0.0000000000000000     
 -1.65191274286769006E-003  1.90487606403506982E-010
 Atom=           3 Dimension=           1
  1.29579343540943623E-010   0.0000000000000000     
 -2.84462776515290302E-003  2.00400127614473163E-009
 Atom=           3 Dimension=           2
  1.61227754636197124E-010   0.0000000000000000     
 -8.53844000719012394E-004  1.81530508923718252E-010
 Atom=           3 Dimension=           3
  7.46424789982394138E-011   0.0000000000000000     
  1.42505570740311780E-003  5.03388878364126603E-010
 Atom=           4 Dimension=           1
 -6.19624505362521442E-006   0.0000000000000000     
 -1.19117821924263432E-002 -8.71891989784350012E-006
 Atom=           4 Dimension=           2
 -6.65523628691127188E-006   0.0000000000000000     
 -1.26209217281980255E-003 -3.11091400843853493E-006
 Atom=           4 Dimension=           3
 -4.52685974086135276E-006   0.0000000000000000     
  1.19197809448176118E-003 -5.23029165722042618E-006
 Atom=           5 Dimension=           1
  1.23607945221084462E-010   0.0000000000000000     
 -3.44845312371691972E-003  1.56570063946706990E-009
 Atom=           5 Dimension=           2
  1.42716419844633768E-010   0.0000000000000000     
 -7.39483836766518469E-004  7.22539196702957570E-011
 Atom=           5 Dimension=           3
  5.79225637026337839E-011   0.0000000000000000     
  2.20402549199360349E-003  6.38939620224929466E-010
 Atom=           6 Dimension=           1
  7.76281781581689912E-012   0.0000000000000000     
 -1.18399477382588584E-005  1.19547394363580247E-009
 Atom=           6 Dimension=           2
  8.95709747978872914E-012   0.0000000000000000     
 -2.52270059587354015E-006  5.49368645427042032E-011
 Atom=           6 Dimension=           3
  2.98569915992957665E-012   0.0000000000000000     
  7.46673543507903741E-006  4.88460382564478713E-010
 Atom=           7 Dimension=           1
 -6.01942388798645230E-006  1.12092953602476158E-002
   0.0000000000000000      -9.01069227255904587E-006
 Atom=           7 Dimension=           2
 -6.62769858641940904E-006  1.78197434168727653E-003
   0.0000000000000000      -3.35458885967702747E-006
 Atom=           7 Dimension=           3
 -4.68182529007951422E-006 -9.31242825379818460E-005
   0.0000000000000000      -4.66292999437598356E-006
 Atom=           8 Dimension=           1
  4.77711865588732248E-012  3.96723434550294921E-003
   0.0000000000000000       7.59561866286084334E-010
 Atom=           8 Dimension=           2
  5.97139831985915330E-012  4.41239105935897508E-003
   0.0000000000000000       6.86710806783802653E-011
 Atom=           8 Dimension=           3
  2.38855932794366124E-012  3.00901943764580277E-003
   0.0000000000000000       1.90487606403506982E-010
 Atom=           9 Dimension=           1
  1.29579343540943623E-010 -1.24816300926424545E-003
   0.0000000000000000       2.00400127614473163E-009
 Atom=           9 Dimension=           2
  1.61227754636197124E-010 -1.38835632760825095E-003
   0.0000000000000000       1.81530508923718252E-010
 Atom=           9 Dimension=           3
  7.46424789982394138E-011 -9.46816215328810835E-004
   0.0000000000000000       5.03388878364126603E-010
 Atom=          10 Dimension=           1
 -6.19624505362521442E-006  1.73200555091510208E-002
   0.0000000000000000      -8.71891989784350012E-006
 Atom=          10 Dimension=           2
 -6.65523628691127188E-006 -2.68956241356606328E-003
   0.0000000000000000      -3.11091400843853493E-006
 Atom=          10 Dimension=           3
 -4.52685974086135276E-006 -2.25226134768985497E-003
   0.0000000000000000      -5.23029165722042618E-006
 Atom=          11 Dimension=           1
  1.23607945221084462E-010 -5.56653469071950388E-003
   0.0000000000000000       1.56570063946706990E-009
 Atom=          11 Dimension=           2
  1.42716419844633768E-010 -5.97274560705083474E-003
   0.0000000000000000       7.22539196702957570E-011
 Atom=          11 Dimension=           3
  5.79225637026337839E-011 -3.81596684489804265E-003
   0.0000000000000000       6.38939620224929466E-010
 Atom=          12 Dimension=           1
  7.76281781581689912E-012  4.55331381043118898E-003
   0.0000000000000000       1.19547394363580247E-009
 Atom=          12 Dimension=           2
  8.95709747978872914E-012  4.88509506310078230E-003
   0.0000000000000000       5.49368645427042032E-011
 Atom=          12 Dimension=           3
  2.98569915992957665E-012  3.12096752742626682E-003
   0.0000000000000000       4.88460382564478713E-010
 Atom=           1 Dimension=           1
 -6.01942388798645230E-006   0.0000000000000000     
 -1.53131243941130087E-002 -9.01069227255904587E-006
 Atom=           1 Dimension=           2
 -6.62769858641940904E-006   0.0000000000000000     
  8.37547012097970204E-004 -3.35458885967702747E-006
 Atom=           1 Dimension=           3
 -4.68182529007951422E-006   0.0000000000000000     
 -2.20040806233335554E-003 -4.66292999437598356E-006
 Atom=           2 Dimension=           1
  4.77711865588732248E-012   0.0000000000000000     
  3.29667821555722261E-003  7.59561866286084334E-010
 Atom=           2 Dimension=           2
  5.97139831985915330E-012   0.0000000000000000     
  9.89610790308872090E-004  6.86710806783802653E-011
 Atom=           2 Dimension=           3
  2.38855932794366124E-012   0.0000000000000000     
 -1.65191274286769006E-003  1.90487606403506982E-010
 Atom=           3 Dimension=           1
  1.29579343540943623E-010   0.0000000000000000     
 -2.84462776515290302E-003  2.00400127614473163E-009
 Atom=           3 Dimension=           2
  1.61227754636197124E-010   0.0000000000000000     
 -8.53844000719012394E-004  1.81530508923718252E-010
 Atom=           3 Dimension=           3
  7.46424789982394138E-011   0.0000000000000000     
  1.42505570740311780E-003  5.03388878364126603E-010
 Atom=           4 Dimension=           1
 -6.19624505362521442E-006   0.0000000000000000     
 -1.19117821924263432E-002 -8.71891989784350012E-006
 Atom=           4 Dimension=           2
 -6.65523628691127188E-006   0.0000000000000000     
 -1.26209217281980255E-003 -3.11091400843853493E-006
 Atom=           4 Dimension=           3
 -4.52685974086135276E-006   0.0000000000000000     
  1.19197809448176118E-003 -5.23029165722042618E-006
 Atom=           5 Dimension=           1
  1.23607945221084462E-010   0.0000000000000000     
 -3.44845312371691972E-003  1.56570063946706990E-009
 Atom=           5 Dimension=           2
  1.42716419844633768E-010   0.0000000000000000     
 -7.39483836766518469E-004  7.22539196702957570E-011
 Atom=           5 Dimension=           3
  5.79225637026337839E-011   0.0000000000000000     
  2.20402549199360349E-003  6.38939620224929466E-010
 Atom=           6 Dimension=           1
  7.76281781581689912E-012   0.0000000000000000     
 -1.18399477382588584E-005  1.19547394363580247E-009
 Atom=           6 Dimension=           2
  8.95709747978872914E-012   0.0000000000000000     
 -2.52270059587354015E-006  5.49368645427042032E-011
 Atom=           6 Dimension=           3
  2.98569915992957665E-012   0.0000000000000000     
  7.46673543507903741E-006  4.88460382564478713E-010
 Atom=           7 Dimension=           1
 -6.01942388798645230E-006  1.12092953602476158E-002
   0.0000000000000000      -9.01069227255904587E-006
 Atom=           7 Dimension=           2
 -6.62769858641940904E-006  1.78197434168727653E-003
   0.0000000000000000      -3.35458885967702747E-006
 Atom=           7 Dimension=           3
 -4.68182529007951422E-006 -9.31242825379818460E-005
   0.0000000000000000      -4.66292999437598356E-006
 Atom=           8 Dimension=           1
  4.77711865588732248E-012  3.96723434550294921E-003
   0.0000000000000000       7.59561866286084334E-010
 Atom=           8 Dimension=           2
  5.97139831985915330E-012  4.41239105935897508E-003
   0.0000000000000000       6.86710806783802653E-011
 Atom=           8 Dimension=           3
  2.38855932794366124E-012  3.00901943764580277E-003
   0.0000000000000000       1.90487606403506982E-010
 Atom=           9 Dimension=           1
  1.29579343540943623E-010 -1.24816300926424545E-003
   0.0000000000000000       2.00400127614473163E-009
 Atom=           9 Dimension=           2
  1.61227754636197124E-010 -1.38835632760825095E-003
   0.0000000000000000       1.81530508923718252E-010
 Atom=           9 Dimension=           3
  7.46424789982394138E-011 -9.46816215328810835E-004
   0.0000000000000000       5.03388878364126603E-010
 Atom=          10 Dimension=           1
 -6.19624505362521442E-006  1.73200555091510208E-002
   0.0000000000000000      -8.71891989784350012E-006
 Atom=          10 Dimension=           2
 -6.65523628691127188E-006 -2.68956241356606328E-003
   0.0000000000000000      -3.11091400843853493E-006
 Atom=          10 Dimension=           3
 -4.52685974086135276E-006 -2.25226134768985497E-003
   0.0000000000000000      -5.23029165722042618E-006
 Atom=          11 Dimension=           1
  1.23607945221084462E-010 -5.56653469071950388E-003
   0.0000000000000000       1.56570063946706990E-009
 Atom=          11 Dimension=           2
  1.42716419844633768E-010 -5.97274560705083474E-003
   0.0000000000000000       7.22539196702957570E-011
 Atom=          11 Dimension=           3
  5.79225637026337839E-011 -3.81596684489804265E-003
   0.0000000000000000       6.38939620224929466E-010
 Atom=          12 Dimension=           1
  7.76281781581689912E-012  4.55331381043118898E-003
   0.0000000000000000       1.19547394363580247E-009
 Atom=          12 Dimension=           2
  8.95709747978872914E-012  4.88509506310078230E-003
   0.0000000000000000       5.49368645427042032E-011
 Atom=          12 Dimension=           3
  2.98569915992957665E-012  3.12096752742626682E-003
   0.0000000000000000       4.88460382564478713E-010
