 Atom=           1 Dimension=           1
 -3.37039007534112267E-006   0.0000000000000000     
  2.90434041408452670E-003 -7.60076123109390610E-006
 Atom=           1 Dimension=           2
 -3.29818959968578974E-006   0.0000000000000000     
  9.79353529515052980E-004 -5.17457701804655953E-006
 Atom=           1 Dimension=           3
 -1.05960898679540867E-005   0.0000000000000000     
 -2.40458730170215211E-003 -4.14940466736389607E-006
 Atom=           2 Dimension=           1
 -5.97139831985915309E-013   0.0000000000000000     
 -1.02705195603159695E-003  1.73170551275915441E-011
 Atom=           2 Dimension=           2
   0.0000000000000000        0.0000000000000000     
 -7.04786041646222384E-004  8.35995764780281494E-012
 Atom=           2 Dimension=           3
  2.38855932794366124E-012   0.0000000000000000     
 -5.14210901853644035E-004  4.77711865588732248E-012
 Atom=           3 Dimension=           1
  8.95709747978872914E-012   0.0000000000000000     
  2.29883397001315890E-004  5.97139831985915309E-013
 Atom=           3 Dimension=           2
  6.56853815184506830E-012   0.0000000000000000     
  1.57732774460565963E-004   0.0000000000000000     
 Atom=           3 Dimension=           3
  2.01833263211239355E-010   0.0000000000000000     
  1.15095709881071604E-004   0.0000000000000000     
 Atom=           4 Dimension=           1
 -3.42040561195851522E-006   0.0000000000000000     
  1.24526247616517957E-003 -7.76596414559163273E-006
 Atom=           4 Dimension=           2
 -3.41033484869207290E-006   0.0000000000000000     
  1.08876991927987820E-003 -5.06610985183539379E-006
 Atom=           4 Dimension=           3
 -1.04726216534536869E-005   0.0000000000000000     
 -3.96382606914454268E-004 -4.13080824014627469E-006
 Atom=           5 Dimension=           1
  4.17997882390140747E-012   0.0000000000000000     
  5.21564626527516793E-004  1.19427966397183062E-012
 Atom=           5 Dimension=           2
  4.17997882390140747E-012   0.0000000000000000     
  3.40889540086076700E-004  5.97139831985915309E-013
 Atom=           5 Dimension=           3
  8.65852756379577236E-011   0.0000000000000000     
  2.55164689441348736E-004   0.0000000000000000     
 Atom=           6 Dimension=           1
  5.97139831985915309E-013   0.0000000000000000     
 -1.27459302679740362E-004  4.65769068949013980E-011
 Atom=           6 Dimension=           2
  5.97139831985915309E-013   0.0000000000000000     
 -8.33133113093858694E-005  1.97056144555352041E-011
 Atom=           6 Dimension=           3
  1.25399364717042208E-011   0.0000000000000000     
 -6.23525879827318413E-005  1.19427966397183066E-011
 Atom=           7 Dimension=           1
 -3.37039007534112267E-006  1.22566086780278596E-003
   0.0000000000000000      -7.60076123109390610E-006
 Atom=           7 Dimension=           2
 -3.29818959968578974E-006  4.28751329501624999E-006
   0.0000000000000000      -5.17457701804655953E-006
 Atom=           7 Dimension=           3
 -1.05960898679540867E-005  1.56701388074056047E-003
   0.0000000000000000      -4.14940466736389607E-006
 Atom=           8 Dimension=           1
 -5.97139831985915309E-013  4.87129020532298292E-004
   0.0000000000000000       1.73170551275915441E-011
 Atom=           8 Dimension=           2
   0.0000000000000000      -4.21048957711124040E-004
   0.0000000000000000       8.35995764780281494E-012
 Atom=           8 Dimension=           3
  2.38855932794366124E-012  2.30117457298521398E-003
   0.0000000000000000       4.77711865588732248E-012
 Atom=           9 Dimension=           1
  8.95709747978872914E-012 -2.12831309956955714E-004
   0.0000000000000000       5.97139831985915309E-013
 Atom=           9 Dimension=           2
  6.56853815184506830E-012  1.83959867438809345E-004
   0.0000000000000000        0.0000000000000000     
 Atom=           9 Dimension=           3
  2.01833263211239355E-010 -1.00548862397247061E-003
   0.0000000000000000        0.0000000000000000     
 Atom=          10 Dimension=           1
 -3.42040561195851522E-006  2.76745784173068003E-003
   0.0000000000000000      -7.76596414559163273E-006
 Atom=          10 Dimension=           2
 -3.41033484869207290E-006  1.49139422573257006E-003
   0.0000000000000000      -5.06610985183539379E-006
 Atom=          10 Dimension=           3
 -1.04726216534536869E-005 -3.58242375214734305E-003
   0.0000000000000000      -4.13080824014627469E-006
 Atom=          11 Dimension=           1
  4.17997882390140747E-012 -1.32413137653775311E-003
   0.0000000000000000       1.19427966397183062E-012
 Atom=          11 Dimension=           2
  4.17997882390140747E-012  1.32317074196846500E-003
   0.0000000000000000       5.97139831985915309E-013
 Atom=          11 Dimension=           3
  8.65852756379577236E-011 -5.82120219973599178E-003
   0.0000000000000000        0.0000000000000000     
 Atom=          12 Dimension=           1
  5.97139831985915309E-013  8.03781300574817580E-004
   0.0000000000000000       4.65769068949013980E-011
 Atom=          12 Dimension=           2
  5.97139831985915309E-013 -8.03204257931732142E-004
   0.0000000000000000       1.97056144555352041E-011
 Atom=          12 Dimension=           3
  1.25399364717042208E-011  3.53330564015156374E-003
   0.0000000000000000       1.19427966397183066E-011
 Atom=           1 Dimension=           1
 -3.37039007534112267E-006   0.0000000000000000     
  2.90434041408452670E-003 -7.60076123109390610E-006
 Atom=           1 Dimension=           2
 -3.29818959968578974E-006   0.0000000000000000     
  9.79353529515052980E-004 -5.17457701804655953E-006
 Atom=           1 Dimension=           3
 -1.05960898679540867E-005   0.0000000000000000     
 -2.40458730170215211E-003 -4.14940466736389607E-006
 Atom=           2 Dimension=           1
 -5.97139831985915309E-013   0.0000000000000000     
 -1.02705195603159695E-003  1.73170551275915441E-011
 Atom=           2 Dimension=           2
   0.0000000000000000        0.0000000000000000     
 -7.04786041646222384E-004  8.35995764780281494E-012
 Atom=           2 Dimension=           3
  2.38855932794366124E-012   0.0000000000000000     
 -5.14210901853644035E-004  4.77711865588732248E-012
 Atom=           3 Dimension=           1
  8.95709747978872914E-012   0.0000000000000000     
  2.29883397001315890E-004  5.97139831985915309E-013
 Atom=           3 Dimension=           2
  6.56853815184506830E-012   0.0000000000000000     
  1.57732774460565963E-004   0.0000000000000000     
 Atom=           3 Dimension=           3
  2.01833263211239355E-010   0.0000000000000000     
  1.15095709881071604E-004   0.0000000000000000     
 Atom=           4 Dimension=           1
 -3.42040561195851522E-006   0.0000000000000000     
  1.24526247616517957E-003 -7.76596414559163273E-006
 Atom=           4 Dimension=           2
 -3.41033484869207290E-006   0.0000000000000000     
  1.08876991927987820E-003 -5.06610985183539379E-006
 Atom=           4 Dimension=           3
 -1.04726216534536869E-005   0.0000000000000000     
 -3.96382606914454268E-004 -4.13080824014627469E-006
 Atom=           5 Dimension=           1
  4.17997882390140747E-012   0.0000000000000000     
  5.21564626527516793E-004  1.19427966397183062E-012
 Atom=           5 Dimension=           2
  4.17997882390140747E-012   0.0000000000000000     
  3.40889540086076700E-004  5.97139831985915309E-013
 Atom=           5 Dimension=           3
  8.65852756379577236E-011   0.0000000000000000     
  2.55164689441348736E-004   0.0000000000000000     
 Atom=           6 Dimension=           1
  5.97139831985915309E-013   0.0000000000000000     
 -1.27459302679740362E-004  4.65769068949013980E-011
 Atom=           6 Dimension=           2
  5.97139831985915309E-013   0.0000000000000000     
 -8.33133113093858694E-005  1.97056144555352041E-011
 Atom=           6 Dimension=           3
  1.25399364717042208E-011   0.0000000000000000     
 -6.23525879827318413E-005  1.19427966397183066E-011
 Atom=           7 Dimension=           1
 -3.37039007534112267E-006  1.22566086780278596E-003
   0.0000000000000000      -7.60076123109390610E-006
 Atom=           7 Dimension=           2
 -3.29818959968578974E-006  4.28751329501624999E-006
   0.0000000000000000      -5.17457701804655953E-006
 Atom=           7 Dimension=           3
 -1.05960898679540867E-005  1.56701388074056047E-003
   0.0000000000000000      -4.14940466736389607E-006
 Atom=           8 Dimension=           1
 -5.97139831985915309E-013  4.87129020532298292E-004
   0.0000000000000000       1.73170551275915441E-011
 Atom=           8 Dimension=           2
   0.0000000000000000      -4.21048957711124040E-004
   0.0000000000000000       8.35995764780281494E-012
 Atom=           8 Dimension=           3
  2.38855932794366124E-012  2.30117457298521398E-003
   0.0000000000000000       4.77711865588732248E-012
 Atom=           9 Dimension=           1
  8.95709747978872914E-012 -2.12831309956955714E-004
   0.0000000000000000       5.97139831985915309E-013
 Atom=           9 Dimension=           2
  6.56853815184506830E-012  1.83959867438809345E-004
   0.0000000000000000        0.0000000000000000     
 Atom=           9 Dimension=           3
  2.01833263211239355E-010 -1.00548862397247061E-003
   0.0000000000000000        0.0000000000000000     
 Atom=          10 Dimension=           1
 -3.42040561195851522E-006  2.76745784173068003E-003
   0.0000000000000000      -7.76596414559163273E-006
 Atom=          10 Dimension=           2
 -3.41033484869207290E-006  1.49139422573257006E-003
   0.0000000000000000      -5.06610985183539379E-006
 Atom=          10 Dimension=           3
 -1.04726216534536869E-005 -3.58242375214734305E-003
   0.0000000000000000      -4.13080824014627469E-006
 Atom=          11 Dimension=           1
  4.17997882390140747E-012 -1.32413137653775311E-003
   0.0000000000000000       1.19427966397183062E-012
 Atom=          11 Dimension=           2
  4.17997882390140747E-012  1.32317074196846500E-003
   0.0000000000000000       5.97139831985915309E-013
 Atom=          11 Dimension=           3
  8.65852756379577236E-011 -5.82120219973599178E-003
   0.0000000000000000        0.0000000000000000     
 Atom=          12 Dimension=           1
  5.97139831985915309E-013  8.03781300574817580E-004
   0.0000000000000000       4.65769068949013980E-011
 Atom=          12 Dimension=           2
  5.97139831985915309E-013 -8.03204257931732142E-004
   0.0000000000000000       1.97056144555352041E-011
 Atom=          12 Dimension=           3
  1.25399364717042208E-011  3.53330564015156374E-003
   0.0000000000000000       1.19427966397183066E-011
 Atom=           1 Dimension=           1
 -3.37036589117792731E-006   0.0000000000000000     
  2.90438632495191619E-003 -7.60070151711070659E-006
 Atom=           1 Dimension=           2
 -3.29818780826629388E-006   0.0000000000000000     
  9.79359689786835682E-004 -5.17459284225210713E-006
 Atom=           1 Dimension=           3
 -1.05961280849033334E-005   0.0000000000000000     
 -2.40459395066757462E-003 -4.14946199278776692E-006
 Atom=           2 Dimension=           1
 -5.97139831985915309E-013   0.0000000000000000     
 -1.02707516408576398E-003  1.73170551275915441E-011
 Atom=           2 Dimension=           2
 -5.97139831985915309E-013   0.0000000000000000     
 -7.04805608630933817E-004  7.76281781581689912E-012
 Atom=           2 Dimension=           3
  2.38855932794366124E-012   0.0000000000000000     
 -5.14239647143486904E-004  4.17997882390140747E-012
 Atom=           3 Dimension=           1
  8.95709747978872914E-012   0.0000000000000000     
  2.29880529503186592E-004  1.19427966397183062E-012
 Atom=           3 Dimension=           2
  6.56853815184506830E-012   0.0000000000000000     
  1.57731622283925301E-004  5.97139831985915309E-013
 Atom=           3 Dimension=           3
  2.01236123379253457E-010   0.0000000000000000     
  1.15098107794035201E-004   0.0000000000000000     
 Atom=           4 Dimension=           1
 -3.42044681460692207E-006   0.0000000000000000     
  1.24533306230128994E-003 -7.76592861577163069E-006
 Atom=           4 Dimension=           2
 -3.41029961744198558E-006   0.0000000000000000     
  1.08879475340178987E-003 -5.06620509563859618E-006
 Atom=           4 Dimension=           3
 -1.04726264305723426E-005   0.0000000000000000     
 -3.96337930852929538E-004 -4.13077629316526353E-006
 Atom=           5 Dimension=           1
  4.17997882390140747E-012   0.0000000000000000     
  5.21562905733801373E-004  5.97139831985915309E-013
 Atom=           5 Dimension=           2
  4.17997882390140747E-012   0.0000000000000000     
  3.40898338806211508E-004  5.97139831985915309E-013
 Atom=           5 Dimension=           3
  8.65852756379577236E-011   0.0000000000000000     
  2.55159254465869357E-004   0.0000000000000000     
 Atom=           6 Dimension=           1
   0.0000000000000000        0.0000000000000000     
 -1.27452793510350268E-004  4.71740467268873089E-011
 Atom=           6 Dimension=           2
  5.97139831985915309E-013   0.0000000000000000     
 -8.33114816729406713E-005  1.97056144555352041E-011
 Atom=           6 Dimension=           3
  1.25399364717042208E-011   0.0000000000000000     
 -6.23482815128969847E-005  1.13456568077323908E-011
 Atom=           7 Dimension=           1
 -3.37036589117792731E-006  1.22563155243100960E-003
   0.0000000000000000      -7.60070151711070659E-006
 Atom=           7 Dimension=           2
 -3.29818780826629388E-006  4.32437833834435238E-006
   0.0000000000000000      -5.17459284225210713E-006
 Atom=           7 Dimension=           3
 -1.05961280849033334E-005  1.56701431757633853E-003
   0.0000000000000000      -4.14946199278776692E-006
 Atom=           8 Dimension=           1
 -5.97139831985915309E-013  4.87100011297319330E-004
   0.0000000000000000       1.73170551275915441E-011
 Atom=           8 Dimension=           2
 -5.97139831985915309E-013 -4.21047201667497937E-004
   0.0000000000000000       7.76281781581689912E-012
 Atom=           8 Dimension=           3
  2.38855932794366124E-012  2.30114268738831115E-003
   0.0000000000000000       4.17997882390140747E-012
 Atom=           9 Dimension=           1
  8.95709747978872914E-012 -2.12811831083025620E-004
   0.0000000000000000       1.19427966397183062E-012
 Atom=           9 Dimension=           2
  6.56853815184506830E-012  1.83953218566689452E-004
   0.0000000000000000       5.97139831985915309E-013
 Atom=           9 Dimension=           3
  2.01236123379253457E-010 -1.00544254049434833E-003
   0.0000000000000000        0.0000000000000000     
 Atom=          10 Dimension=           1
 -3.42044681460692207E-006  2.76762670846659401E-003
   0.0000000000000000      -7.76592861577163069E-006
 Atom=          10 Dimension=           2
 -3.41029961744198558E-006  1.49141017288827605E-003
   0.0000000000000000      -5.06620509563859618E-006
 Atom=          10 Dimension=           3
 -1.04726264305723426E-005 -3.58242535222084426E-003
   0.0000000000000000      -4.13077629316526353E-006
 Atom=          11 Dimension=           1
  4.17997882390140747E-012 -1.32424283644750804E-003
   0.0000000000000000       5.97139831985915309E-013
 Atom=          11 Dimension=           2
  4.17997882390140747E-012  1.32312489040919013E-003
   0.0000000000000000       5.97139831985915309E-013
 Atom=          11 Dimension=           3
  8.65852756379577236E-011 -5.82130926501847872E-003
   0.0000000000000000        0.0000000000000000     
 Atom=          12 Dimension=           1
   0.0000000000000000       8.03857967087267416E-004
   0.0000000000000000       4.71740467268873089E-011
 Atom=          12 Dimension=           2
  5.97139831985915309E-013 -8.03185425806891579E-004
   0.0000000000000000       1.97056144555352041E-011
 Atom=          12 Dimension=           3
  1.25399364717042208E-011  3.53341020495299106E-003
   0.0000000000000000       1.13456568077323908E-011
 Atom=           1 Dimension=           1
 -3.37036589117792731E-006   0.0000000000000000     
  2.90438632495191619E-003 -7.60070151711070659E-006
 Atom=           1 Dimension=           2
 -3.29818780826629388E-006   0.0000000000000000     
  9.79359689786835682E-004 -5.17459284225210713E-006
 Atom=           1 Dimension=           3
 -1.05961280849033334E-005   0.0000000000000000     
 -2.40459395066757462E-003 -4.14946199278776692E-006
 Atom=           2 Dimension=           1
 -5.97139831985915309E-013   0.0000000000000000     
 -1.02707516408576398E-003  1.73170551275915441E-011
 Atom=           2 Dimension=           2
 -5.97139831985915309E-013   0.0000000000000000     
 -7.04805608630933817E-004  7.76281781581689912E-012
 Atom=           2 Dimension=           3
  2.38855932794366124E-012   0.0000000000000000     
 -5.14239647143486904E-004  4.17997882390140747E-012
 Atom=           3 Dimension=           1
  8.95709747978872914E-012   0.0000000000000000     
  2.29880529503186592E-004  1.19427966397183062E-012
 Atom=           3 Dimension=           2
  6.56853815184506830E-012   0.0000000000000000     
  1.57731622283925301E-004  5.97139831985915309E-013
 Atom=           3 Dimension=           3
  2.01236123379253457E-010   0.0000000000000000     
  1.15098107794035201E-004   0.0000000000000000     
 Atom=           4 Dimension=           1
 -3.42044681460692207E-006   0.0000000000000000     
  1.24533306230128994E-003 -7.76592861577163069E-006
 Atom=           4 Dimension=           2
 -3.41029961744198558E-006   0.0000000000000000     
  1.08879475340178987E-003 -5.06620509563859618E-006
 Atom=           4 Dimension=           3
 -1.04726264305723426E-005   0.0000000000000000     
 -3.96337930852929538E-004 -4.13077629316526353E-006
 Atom=           5 Dimension=           1
  4.17997882390140747E-012   0.0000000000000000     
  5.21562905733801373E-004  5.97139831985915309E-013
 Atom=           5 Dimension=           2
  4.17997882390140747E-012   0.0000000000000000     
  3.40898338806211508E-004  5.97139831985915309E-013
 Atom=           5 Dimension=           3
  8.65852756379577236E-011   0.0000000000000000     
  2.55159254465869357E-004   0.0000000000000000     
 Atom=           6 Dimension=           1
   0.0000000000000000        0.0000000000000000     
 -1.27452793510350268E-004  4.71740467268873089E-011
 Atom=           6 Dimension=           2
  5.97139831985915309E-013   0.0000000000000000     
 -8.33114816729406713E-005  1.97056144555352041E-011
 Atom=           6 Dimension=           3
  1.25399364717042208E-011   0.0000000000000000     
 -6.23482815128969847E-005  1.13456568077323908E-011
 Atom=           7 Dimension=           1
 -3.37036589117792731E-006  1.22563155243100960E-003
   0.0000000000000000      -7.60070151711070659E-006
 Atom=           7 Dimension=           2
 -3.29818780826629388E-006  4.32437833834435238E-006
   0.0000000000000000      -5.17459284225210713E-006
 Atom=           7 Dimension=           3
 -1.05961280849033334E-005  1.56701431757633853E-003
   0.0000000000000000      -4.14946199278776692E-006
 Atom=           8 Dimension=           1
 -5.97139831985915309E-013  4.87100011297319330E-004
   0.0000000000000000       1.73170551275915441E-011
 Atom=           8 Dimension=           2
 -5.97139831985915309E-013 -4.21047201667497937E-004
   0.0000000000000000       7.76281781581689912E-012
 Atom=           8 Dimension=           3
  2.38855932794366124E-012  2.30114268738831115E-003
   0.0000000000000000       4.17997882390140747E-012
 Atom=           9 Dimension=           1
  8.95709747978872914E-012 -2.12811831083025620E-004
   0.0000000000000000       1.19427966397183062E-012
 Atom=           9 Dimension=           2
  6.56853815184506830E-012  1.83953218566689452E-004
   0.0000000000000000       5.97139831985915309E-013
 Atom=           9 Dimension=           3
  2.01236123379253457E-010 -1.00544254049434833E-003
   0.0000000000000000        0.0000000000000000     
 Atom=          10 Dimension=           1
 -3.42044681460692207E-006  2.76762670846659401E-003
   0.0000000000000000      -7.76592861577163069E-006
 Atom=          10 Dimension=           2
 -3.41029961744198558E-006  1.49141017288827605E-003
   0.0000000000000000      -5.06620509563859618E-006
 Atom=          10 Dimension=           3
 -1.04726264305723426E-005 -3.58242535222084426E-003
   0.0000000000000000      -4.13077629316526353E-006
 Atom=          11 Dimension=           1
  4.17997882390140747E-012 -1.32424283644750804E-003
   0.0000000000000000       5.97139831985915309E-013
 Atom=          11 Dimension=           2
  4.17997882390140747E-012  1.32312489040919013E-003
   0.0000000000000000       5.97139831985915309E-013
 Atom=          11 Dimension=           3
  8.65852756379577236E-011 -5.82130926501847872E-003
   0.0000000000000000        0.0000000000000000     
 Atom=          12 Dimension=           1
   0.0000000000000000       8.03857967087267416E-004
   0.0000000000000000       4.71740467268873089E-011
 Atom=          12 Dimension=           2
  5.97139831985915309E-013 -8.03185425806891579E-004
   0.0000000000000000       1.97056144555352041E-011
 Atom=          12 Dimension=           3
  1.25399364717042208E-011  3.53341020495299106E-003
   0.0000000000000000       1.13456568077323908E-011
 Atom=           1 Dimension=           1
 -3.37036589117792731E-006   0.0000000000000000     
  2.90438632495191619E-003 -7.60070151711070659E-006
 Atom=           1 Dimension=           2
 -3.29818780826629388E-006   0.0000000000000000     
  9.79359689786835682E-004 -5.17459284225210713E-006
 Atom=           1 Dimension=           3
 -1.05961280849033334E-005   0.0000000000000000     
 -2.40459395066757462E-003 -4.14946199278776692E-006
 Atom=           2 Dimension=           1
 -5.97139831985915309E-013   0.0000000000000000     
 -1.02707516408576398E-003  1.73170551275915441E-011
 Atom=           2 Dimension=           2
 -5.97139831985915309E-013   0.0000000000000000     
 -7.04805608630933817E-004  7.76281781581689912E-012
 Atom=           2 Dimension=           3
  2.38855932794366124E-012   0.0000000000000000     
 -5.14239647143486904E-004  4.17997882390140747E-012
 Atom=           3 Dimension=           1
  8.95709747978872914E-012   0.0000000000000000     
  2.29880529503186592E-004  1.19427966397183062E-012
 Atom=           3 Dimension=           2
  6.56853815184506830E-012   0.0000000000000000     
  1.57731622283925301E-004  5.97139831985915309E-013
 Atom=           3 Dimension=           3
  2.01236123379253457E-010   0.0000000000000000     
  1.15098107794035201E-004   0.0000000000000000     
 Atom=           4 Dimension=           1
 -3.42044681460692207E-006   0.0000000000000000     
  1.24533306230128994E-003 -7.76592861577163069E-006
 Atom=           4 Dimension=           2
 -3.41029961744198558E-006   0.0000000000000000     
  1.08879475340178987E-003 -5.06620509563859618E-006
 Atom=           4 Dimension=           3
 -1.04726264305723426E-005   0.0000000000000000     
 -3.96337930852929538E-004 -4.13077629316526353E-006
 Atom=           5 Dimension=           1
  4.17997882390140747E-012   0.0000000000000000     
  5.21562905733801373E-004  5.97139831985915309E-013
 Atom=           5 Dimension=           2
  4.17997882390140747E-012   0.0000000000000000     
  3.40898338806211508E-004  5.97139831985915309E-013
 Atom=           5 Dimension=           3
  8.65852756379577236E-011   0.0000000000000000     
  2.55159254465869357E-004   0.0000000000000000     
 Atom=           6 Dimension=           1
   0.0000000000000000        0.0000000000000000     
 -1.27452793510350268E-004  4.71740467268873089E-011
 Atom=           6 Dimension=           2
  5.97139831985915309E-013   0.0000000000000000     
 -8.33114816729406713E-005  1.97056144555352041E-011
 Atom=           6 Dimension=           3
  1.25399364717042208E-011   0.0000000000000000     
 -6.23482815128969847E-005  1.13456568077323908E-011
 Atom=           7 Dimension=           1
 -3.37036589117792731E-006  1.22563155243100960E-003
   0.0000000000000000      -7.60070151711070659E-006
 Atom=           7 Dimension=           2
 -3.29818780826629388E-006  4.32437833834435238E-006
   0.0000000000000000      -5.17459284225210713E-006
 Atom=           7 Dimension=           3
 -1.05961280849033334E-005  1.56701431757633853E-003
   0.0000000000000000      -4.14946199278776692E-006
 Atom=           8 Dimension=           1
 -5.97139831985915309E-013  4.87100011297319330E-004
   0.0000000000000000       1.73170551275915441E-011
 Atom=           8 Dimension=           2
 -5.97139831985915309E-013 -4.21047201667497937E-004
   0.0000000000000000       7.76281781581689912E-012
 Atom=           8 Dimension=           3
  2.38855932794366124E-012  2.30114268738831115E-003
   0.0000000000000000       4.17997882390140747E-012
 Atom=           9 Dimension=           1
  8.95709747978872914E-012 -2.12811831083025620E-004
   0.0000000000000000       1.19427966397183062E-012
 Atom=           9 Dimension=           2
  6.56853815184506830E-012  1.83953218566689452E-004
   0.0000000000000000       5.97139831985915309E-013
 Atom=           9 Dimension=           3
  2.01236123379253457E-010 -1.00544254049434833E-003
   0.0000000000000000        0.0000000000000000     
 Atom=          10 Dimension=           1
 -3.42044681460692207E-006  2.76762670846659401E-003
   0.0000000000000000      -7.76592861577163069E-006
 Atom=          10 Dimension=           2
 -3.41029961744198558E-006  1.49141017288827605E-003
   0.0000000000000000      -5.06620509563859618E-006
 Atom=          10 Dimension=           3
 -1.04726264305723426E-005 -3.58242535222084426E-003
   0.0000000000000000      -4.13077629316526353E-006
 Atom=          11 Dimension=           1
  4.17997882390140747E-012 -1.32424283644750804E-003
   0.0000000000000000       5.97139831985915309E-013
 Atom=          11 Dimension=           2
  4.17997882390140747E-012  1.32312489040919013E-003
   0.0000000000000000       5.97139831985915309E-013
 Atom=          11 Dimension=           3
  8.65852756379577236E-011 -5.82130926501847872E-003
   0.0000000000000000        0.0000000000000000     
 Atom=          12 Dimension=           1
   0.0000000000000000       8.03857967087267416E-004
   0.0000000000000000       4.71740467268873089E-011
 Atom=          12 Dimension=           2
  5.97139831985915309E-013 -8.03185425806891579E-004
   0.0000000000000000       1.97056144555352041E-011
 Atom=          12 Dimension=           3
  1.25399364717042208E-011  3.53341020495299106E-003
   0.0000000000000000       1.13456568077323908E-011
