 Atom=           1 Dimension=           1
 -1.04784079384256308E-005   0.0000000000000000     
 -2.03127010672973696E-005 -3.03456490380048000E-006
 Atom=           1 Dimension=           2
 -2.97419048394771227E-006   0.0000000000000000     
 -1.48230309918999164E-003 -8.27108263947910610E-006
 Atom=           1 Dimension=           3
 -3.83891375033508783E-006   0.0000000000000000     
 -5.64182946232230902E-004 -5.56383754602237822E-006
 Atom=           2 Dimension=           1
  1.79141949595774583E-010   0.0000000000000000     
 -9.08504598499787735E-005  2.38855932794366124E-012
 Atom=           2 Dimension=           2
 -5.97139831985915309E-013   0.0000000000000000     
  1.71275079091948298E-003  7.10596400063239195E-010
 Atom=           2 Dimension=           3
  1.85113347915633757E-011   0.0000000000000000     
  1.23113955979829845E-003  3.67838136503323844E-010
 Atom=           3 Dimension=           1
  1.77350530099816863E-010   0.0000000000000000     
  2.08359081146774035E-004  5.97139831985915309E-013
 Atom=           3 Dimension=           2
  5.97139831985915309E-013   0.0000000000000000     
 -3.92854487764307016E-003  1.83919068251661922E-010
 Atom=           3 Dimension=           3
  1.85113347915633757E-011   0.0000000000000000     
 -2.82376481444199723E-003  9.43480934537746179E-011
 Atom=           4 Dimension=           1
 -1.06960904870574397E-005   0.0000000000000000     
 -1.09404663994691902E-003 -3.05799428224827933E-006
 Atom=           4 Dimension=           2
 -2.96086530859694630E-006   0.0000000000000000     
  5.71558567124533842E-003 -9.04418226289614474E-006
 Atom=           4 Dimension=           3
 -3.61781048617574709E-006   0.0000000000000000     
  3.74916035694838976E-003 -4.78803377487619254E-006
 Atom=           5 Dimension=           1
  5.91168433666056123E-011   0.0000000000000000     
  4.94131351963583145E-004  7.76281781581689912E-012
 Atom=           5 Dimension=           2
 -5.97139831985915309E-013   0.0000000000000000     
 -5.36019574563827844E-003  9.20789620922281407E-010
 Atom=           5 Dimension=           3
  2.98569915992957665E-012   0.0000000000000000     
 -2.97854497116569871E-003  2.84238560025295688E-010
 Atom=           6 Dimension=           1
  4.36509217181704110E-010   0.0000000000000000     
 -7.57696957365984426E-004  5.97139831985915309E-013
 Atom=           6 Dimension=           2
   0.0000000000000000        0.0000000000000000     
  8.21841284499924031E-003  6.56853815184506846E-011
 Atom=           6 Dimension=           3
  2.86627119353239365E-011   0.0000000000000000     
  4.56693419095728116E-003  2.08998941195070357E-011
 Atom=           7 Dimension=           1
 -1.04784079384256308E-005 -1.21944370934941749E-003
   0.0000000000000000      -3.03456490380048000E-006
 Atom=           7 Dimension=           2
 -2.97419048394771227E-006 -3.90719411260824663E-003
   0.0000000000000000      -8.27108263947910610E-006
 Atom=           7 Dimension=           3
 -3.83891375033508783E-006 -1.86598930510276377E-003
   0.0000000000000000      -5.56383754602237822E-006
 Atom=           8 Dimension=           1
  1.79141949595774583E-010  8.40558475644361935E-004
   0.0000000000000000       2.38855932794366124E-012
 Atom=           8 Dimension=           2
 -5.97139831985915309E-013 -4.09854818082043849E-005
   0.0000000000000000       7.10596400063239195E-010
 Atom=           8 Dimension=           3
  1.85113347915633757E-011 -2.72684580901110018E-004
   0.0000000000000000       3.67838136503323844E-010
 Atom=           9 Dimension=           1
  1.77350530099816863E-010  8.15741154119631047E-004
   0.0000000000000000       5.97139831985915309E-013
 Atom=           9 Dimension=           2
  5.97139831985915309E-013 -3.97783978054396149E-005
   0.0000000000000000       1.83919068251661922E-010
 Atom=           9 Dimension=           3
  1.85113347915633757E-011 -2.64615793895345785E-004
   0.0000000000000000       9.43480934537746179E-011
 Atom=          10 Dimension=           1
 -1.06960904870574397E-005  1.33805873967706291E-003
   0.0000000000000000      -3.05799428224827933E-006
 Atom=          10 Dimension=           2
 -2.96086530859694630E-006 -9.01063554443828755E-004
   0.0000000000000000      -9.04418226289614474E-006
 Atom=          10 Dimension=           3
 -3.61781048617574709E-006 -9.10365302241063017E-004
   0.0000000000000000      -4.78803377487619254E-006
 Atom=          11 Dimension=           1
  5.91168433666056123E-011 -2.25149279362079838E-004
   0.0000000000000000       7.76281781581689912E-012
 Atom=          11 Dimension=           2
 -5.97139831985915309E-013  5.74661490390848066E-006
   0.0000000000000000       9.20789620922281407E-010
 Atom=          11 Dimension=           3
  2.98569915992957665E-012  5.82281319318446187E-005
   0.0000000000000000       2.84238560025295688E-010
 Atom=          12 Dimension=           1
  4.36509217181704110E-010 -2.89264394852796957E-004
   0.0000000000000000       5.97139831985915309E-013
 Atom=          12 Dimension=           2
   0.0000000000000000       7.38275751453558624E-006
   0.0000000000000000       6.56853815184506846E-011
 Atom=          12 Dimension=           3
  2.86627119353239365E-011  7.48184147174710588E-005
   0.0000000000000000       2.08998941195070357E-011
 Atom=           1 Dimension=           1
 -1.04784079384256308E-005   0.0000000000000000     
 -2.03127010672973696E-005 -3.03456490380048000E-006
 Atom=           1 Dimension=           2
 -2.97419048394771227E-006   0.0000000000000000     
 -1.48230309918999164E-003 -8.27108263947910610E-006
 Atom=           1 Dimension=           3
 -3.83891375033508783E-006   0.0000000000000000     
 -5.64182946232230902E-004 -5.56383754602237822E-006
 Atom=           2 Dimension=           1
  1.79141949595774583E-010   0.0000000000000000     
 -9.08504598499787735E-005  2.38855932794366124E-012
 Atom=           2 Dimension=           2
 -5.97139831985915309E-013   0.0000000000000000     
  1.71275079091948298E-003  7.10596400063239195E-010
 Atom=           2 Dimension=           3
  1.85113347915633757E-011   0.0000000000000000     
  1.23113955979829845E-003  3.67838136503323844E-010
 Atom=           3 Dimension=           1
  1.77350530099816863E-010   0.0000000000000000     
  2.08359081146774035E-004  5.97139831985915309E-013
 Atom=           3 Dimension=           2
  5.97139831985915309E-013   0.0000000000000000     
 -3.92854487764307016E-003  1.83919068251661922E-010
 Atom=           3 Dimension=           3
  1.85113347915633757E-011   0.0000000000000000     
 -2.82376481444199723E-003  9.43480934537746179E-011
 Atom=           4 Dimension=           1
 -1.06960904870574397E-005   0.0000000000000000     
 -1.09404663994691902E-003 -3.05799428224827933E-006
 Atom=           4 Dimension=           2
 -2.96086530859694630E-006   0.0000000000000000     
  5.71558567124533842E-003 -9.04418226289614474E-006
 Atom=           4 Dimension=           3
 -3.61781048617574709E-006   0.0000000000000000     
  3.74916035694838976E-003 -4.78803377487619254E-006
 Atom=           5 Dimension=           1
  5.91168433666056123E-011   0.0000000000000000     
  4.94131351963583145E-004  7.76281781581689912E-012
 Atom=           5 Dimension=           2
 -5.97139831985915309E-013   0.0000000000000000     
 -5.36019574563827844E-003  9.20789620922281407E-010
 Atom=           5 Dimension=           3
  2.98569915992957665E-012   0.0000000000000000     
 -2.97854497116569871E-003  2.84238560025295688E-010
 Atom=           6 Dimension=           1
  4.36509217181704110E-010   0.0000000000000000     
 -7.57696957365984426E-004  5.97139831985915309E-013
 Atom=           6 Dimension=           2
   0.0000000000000000        0.0000000000000000     
  8.21841284499924031E-003  6.56853815184506846E-011
 Atom=           6 Dimension=           3
  2.86627119353239365E-011   0.0000000000000000     
  4.56693419095728116E-003  2.08998941195070357E-011
 Atom=           7 Dimension=           1
 -1.04784079384256308E-005 -1.21944370934941749E-003
   0.0000000000000000      -3.03456490380048000E-006
 Atom=           7 Dimension=           2
 -2.97419048394771227E-006 -3.90719411260824663E-003
   0.0000000000000000      -8.27108263947910610E-006
 Atom=           7 Dimension=           3
 -3.83891375033508783E-006 -1.86598930510276377E-003
   0.0000000000000000      -5.56383754602237822E-006
 Atom=           8 Dimension=           1
  1.79141949595774583E-010  8.40558475644361935E-004
   0.0000000000000000       2.38855932794366124E-012
 Atom=           8 Dimension=           2
 -5.97139831985915309E-013 -4.09854818082043849E-005
   0.0000000000000000       7.10596400063239195E-010
 Atom=           8 Dimension=           3
  1.85113347915633757E-011 -2.72684580901110018E-004
   0.0000000000000000       3.67838136503323844E-010
 Atom=           9 Dimension=           1
  1.77350530099816863E-010  8.15741154119631047E-004
   0.0000000000000000       5.97139831985915309E-013
 Atom=           9 Dimension=           2
  5.97139831985915309E-013 -3.97783978054396149E-005
   0.0000000000000000       1.83919068251661922E-010
 Atom=           9 Dimension=           3
  1.85113347915633757E-011 -2.64615793895345785E-004
   0.0000000000000000       9.43480934537746179E-011
 Atom=          10 Dimension=           1
 -1.06960904870574397E-005  1.33805873967706291E-003
   0.0000000000000000      -3.05799428224827933E-006
 Atom=          10 Dimension=           2
 -2.96086530859694630E-006 -9.01063554443828755E-004
   0.0000000000000000      -9.04418226289614474E-006
 Atom=          10 Dimension=           3
 -3.61781048617574709E-006 -9.10365302241063017E-004
   0.0000000000000000      -4.78803377487619254E-006
 Atom=          11 Dimension=           1
  5.91168433666056123E-011 -2.25149279362079838E-004
   0.0000000000000000       7.76281781581689912E-012
 Atom=          11 Dimension=           2
 -5.97139831985915309E-013  5.74661490390848066E-006
   0.0000000000000000       9.20789620922281407E-010
 Atom=          11 Dimension=           3
  2.98569915992957665E-012  5.82281319318446187E-005
   0.0000000000000000       2.84238560025295688E-010
 Atom=          12 Dimension=           1
  4.36509217181704110E-010 -2.89264394852796957E-004
   0.0000000000000000       5.97139831985915309E-013
 Atom=          12 Dimension=           2
   0.0000000000000000       7.38275751453558624E-006
   0.0000000000000000       6.56853815184506846E-011
 Atom=          12 Dimension=           3
  2.86627119353239365E-011  7.48184147174710588E-005
   0.0000000000000000       2.08998941195070357E-011
 Atom=           1 Dimension=           1
 -1.04785058693580761E-005   0.0000000000000000     
 -2.03296664128953647E-005 -3.03456281381106774E-006
 Atom=           1 Dimension=           2
 -2.97419466392653594E-006   0.0000000000000000     
 -1.48230120664626487E-003 -8.27103009117389256E-006
 Atom=           1 Dimension=           3
 -3.83885015494298147E-006   0.0000000000000000     
 -5.64107567932339827E-004 -5.56390352997381238E-006
 Atom=           2 Dimension=           1
  1.79141949595774583E-010   0.0000000000000000     
 -9.08218925871134641E-005  2.08998941195070373E-012
 Atom=           2 Dimension=           2
   0.0000000000000000        0.0000000000000000     
  1.71270951405895749E-003  7.11492109811218133E-010
 Atom=           2 Dimension=           3
  1.91084746235492899E-011   0.0000000000000000     
  1.23113100987087658E-003  3.67539566587330882E-010
 Atom=           3 Dimension=           1
  1.77350530099816863E-010   0.0000000000000000     
  2.08293503285413988E-004  8.95709747978873015E-013
 Atom=           3 Dimension=           2
  5.97139831985915309E-013   0.0000000000000000     
 -3.92844904918165840E-003  1.83620498335668960E-010
 Atom=           3 Dimension=           3
  1.91084746235492899E-011   0.0000000000000000     
 -2.82374437943056682E-003  9.52438032017534908E-011
 Atom=           4 Dimension=           1
 -1.06960719757226492E-005   0.0000000000000000     
 -1.09372871368029279E-003 -3.05801279358307071E-006
 Atom=           4 Dimension=           2
 -2.96086919000585442E-006   0.0000000000000000     
  5.71560270374467470E-003 -9.04414046310790466E-006
 Atom=           4 Dimension=           3
 -3.61786512447037373E-006   0.0000000000000000     
  3.74910148278171772E-003 -4.78806990183602822E-006
 Atom=           5 Dimension=           1
  5.97139831985915233E-011   0.0000000000000000     
  4.94211166603058432E-004  7.46424789982394041E-012
 Atom=           5 Dimension=           2
   0.0000000000000000        0.0000000000000000     
 -5.36011921058989534E-003  9.21088190838274421E-010
 Atom=           5 Dimension=           3
  3.58283899191549206E-012   0.0000000000000000     
 -2.97853204924867360E-003  2.84537129941288650E-010
 Atom=           6 Dimension=           1
  4.36509217181704110E-010   0.0000000000000000     
 -7.57817944197402811E-004  2.98569915992957655E-013
 Atom=           6 Dimension=           2
   0.0000000000000000        0.0000000000000000     
  8.21828034407792729E-003  6.59839514344436337E-011
 Atom=           6 Dimension=           3
  2.98569915992957616E-011   0.0000000000000000     
  4.56690594974909232E-003  2.00041843715281628E-011
 Atom=           7 Dimension=           1
 -1.04785058693580761E-005 -1.21963748786108007E-003
   0.0000000000000000      -3.03456370952081609E-006
 Atom=           7 Dimension=           2
 -2.97419466392653594E-006 -3.90721271245268991E-003
   0.0000000000000000      -8.27103098688363964E-006
 Atom=           7 Dimension=           3
 -3.83885015494298147E-006 -1.86599597427297269E-003
   0.0000000000000000      -5.56390472425347713E-006
 Atom=           8 Dimension=           1
  1.79141949595774583E-010  8.40567283225958600E-004
   0.0000000000000000       1.79141949595774603E-012
 Atom=           8 Dimension=           2
   0.0000000000000000      -4.09855308996297880E-005
   0.0000000000000000       7.10596400063239195E-010
 Atom=           8 Dimension=           3
  1.91084746235492899E-011 -2.72670326433893456E-004
   0.0000000000000000       3.67240996671337920E-010
 Atom=           9 Dimension=           1
  1.77350530099816863E-010  8.15748526396333894E-004
   0.0000000000000000        0.0000000000000000     
 Atom=           9 Dimension=           2
  5.97139831985915309E-013 -3.97783880366051716E-005
   0.0000000000000000       1.83321928419675998E-010
 Atom=           9 Dimension=           3
  1.91084746235492899E-011 -2.64601579518138172E-004
   0.0000000000000000       9.43480934537746179E-011
 Atom=          10 Dimension=           1
 -1.06960719757226492E-005  1.33803063185031863E-003
   0.0000000000000000      -3.05801368929281864E-006
 Atom=          10 Dimension=           2
 -2.96086919000585442E-006 -9.01060932589432730E-004
   0.0000000000000000      -9.04414195595748370E-006
 Atom=          10 Dimension=           3
 -3.61786512447037373E-006 -9.10412778002020430E-004
   0.0000000000000000      -4.78807079754577615E-006
 Atom=          11 Dimension=           1
  5.97139831985915233E-011 -2.25159233783379866E-004
   0.0000000000000000       6.56853815184506830E-012
 Atom=          11 Dimension=           2
   0.0000000000000000       5.74603063757154372E-006
   0.0000000000000000       9.20192481090295483E-010
 Atom=          11 Dimension=           3
  3.58283899191549206E-012  5.82342914945237211E-005
   0.0000000000000000       2.83044280361323841E-010
 Atom=          12 Dimension=           1
  4.36509217181704110E-010 -2.89271531865736310E-004
   0.0000000000000000      -5.97139831985915309E-013
 Atom=          12 Dimension=           2
   0.0000000000000000       7.38186260252910175E-006
   0.0000000000000000       6.50882416864647737E-011
 Atom=          12 Dimension=           3
  2.98569915992957616E-011  7.48248663701659437E-005
   0.0000000000000000       1.91084746235492899E-011
 Atom=           1 Dimension=           1
 -1.04785058693580761E-005   0.0000000000000000     
 -2.03296664128953647E-005 -3.03456281381106774E-006
 Atom=           1 Dimension=           2
 -2.97419466392653594E-006   0.0000000000000000     
 -1.48230120664626487E-003 -8.27103009117389256E-006
 Atom=           1 Dimension=           3
 -3.83885015494298147E-006   0.0000000000000000     
 -5.64107567932339827E-004 -5.56390352997381238E-006
 Atom=           2 Dimension=           1
  1.79141949595774583E-010   0.0000000000000000     
 -9.08218925871134641E-005  2.08998941195070373E-012
 Atom=           2 Dimension=           2
   0.0000000000000000        0.0000000000000000     
  1.71270951405895749E-003  7.11492109811218133E-010
 Atom=           2 Dimension=           3
  1.91084746235492899E-011   0.0000000000000000     
  1.23113100987087658E-003  3.67539566587330882E-010
 Atom=           3 Dimension=           1
  1.77350530099816863E-010   0.0000000000000000     
  2.08293503285413988E-004  8.95709747978873015E-013
 Atom=           3 Dimension=           2
  5.97139831985915309E-013   0.0000000000000000     
 -3.92844904918165840E-003  1.83620498335668960E-010
 Atom=           3 Dimension=           3
  1.91084746235492899E-011   0.0000000000000000     
 -2.82374437943056682E-003  9.52438032017534908E-011
 Atom=           4 Dimension=           1
 -1.06960719757226492E-005   0.0000000000000000     
 -1.09372871368029279E-003 -3.05801279358307071E-006
 Atom=           4 Dimension=           2
 -2.96086919000585442E-006   0.0000000000000000     
  5.71560270374467470E-003 -9.04414046310790466E-006
 Atom=           4 Dimension=           3
 -3.61786512447037373E-006   0.0000000000000000     
  3.74910148278171772E-003 -4.78806990183602822E-006
 Atom=           5 Dimension=           1
  5.97139831985915233E-011   0.0000000000000000     
  4.94211166603058432E-004  7.46424789982394041E-012
 Atom=           5 Dimension=           2
   0.0000000000000000        0.0000000000000000     
 -5.36011921058989534E-003  9.21088190838274421E-010
 Atom=           5 Dimension=           3
  3.58283899191549206E-012   0.0000000000000000     
 -2.97853204924867360E-003  2.84537129941288650E-010
 Atom=           6 Dimension=           1
  4.36509217181704110E-010   0.0000000000000000     
 -7.57817944197402811E-004  2.98569915992957655E-013
 Atom=           6 Dimension=           2
   0.0000000000000000        0.0000000000000000     
  8.21828034407792729E-003  6.59839514344436337E-011
 Atom=           6 Dimension=           3
  2.98569915992957616E-011   0.0000000000000000     
  4.56690594974909232E-003  2.00041843715281628E-011
 Atom=           7 Dimension=           1
 -1.04785058693580761E-005 -1.21963748786108007E-003
   0.0000000000000000      -3.03456370952081609E-006
 Atom=           7 Dimension=           2
 -2.97419466392653594E-006 -3.90721271245268991E-003
   0.0000000000000000      -8.27103098688363964E-006
 Atom=           7 Dimension=           3
 -3.83885015494298147E-006 -1.86599597427297269E-003
   0.0000000000000000      -5.56390472425347713E-006
 Atom=           8 Dimension=           1
  1.79141949595774583E-010  8.40567283225958600E-004
   0.0000000000000000       1.79141949595774603E-012
 Atom=           8 Dimension=           2
   0.0000000000000000      -4.09855308996297880E-005
   0.0000000000000000       7.10596400063239195E-010
 Atom=           8 Dimension=           3
  1.91084746235492899E-011 -2.72670326433893456E-004
   0.0000000000000000       3.67240996671337920E-010
 Atom=           9 Dimension=           1
  1.77350530099816863E-010  8.15748526396333894E-004
   0.0000000000000000        0.0000000000000000     
 Atom=           9 Dimension=           2
  5.97139831985915309E-013 -3.97783880366051716E-005
   0.0000000000000000       1.83321928419675998E-010
 Atom=           9 Dimension=           3
  1.91084746235492899E-011 -2.64601579518138172E-004
   0.0000000000000000       9.43480934537746179E-011
 Atom=          10 Dimension=           1
 -1.06960719757226492E-005  1.33803063185031863E-003
   0.0000000000000000      -3.05801368929281864E-006
 Atom=          10 Dimension=           2
 -2.96086919000585442E-006 -9.01060932589432730E-004
   0.0000000000000000      -9.04414195595748370E-006
 Atom=          10 Dimension=           3
 -3.61786512447037373E-006 -9.10412778002020430E-004
   0.0000000000000000      -4.78807079754577615E-006
 Atom=          11 Dimension=           1
  5.97139831985915233E-011 -2.25159233783379866E-004
   0.0000000000000000       6.56853815184506830E-012
 Atom=          11 Dimension=           2
   0.0000000000000000       5.74603063757154372E-006
   0.0000000000000000       9.20192481090295483E-010
 Atom=          11 Dimension=           3
  3.58283899191549206E-012  5.82342914945237211E-005
   0.0000000000000000       2.83044280361323841E-010
 Atom=          12 Dimension=           1
  4.36509217181704110E-010 -2.89271531865736310E-004
   0.0000000000000000      -5.97139831985915309E-013
 Atom=          12 Dimension=           2
   0.0000000000000000       7.38186260252910175E-006
   0.0000000000000000       6.50882416864647737E-011
 Atom=          12 Dimension=           3
  2.98569915992957616E-011  7.48248663701659437E-005
   0.0000000000000000       1.91084746235492899E-011
 Atom=           1 Dimension=           1
 -1.04785058693580761E-005   0.0000000000000000     
 -2.03296664128953647E-005 -3.03456281381106774E-006
 Atom=           1 Dimension=           2
 -2.97419466392653594E-006   0.0000000000000000     
 -1.48230120664626487E-003 -8.27103009117389256E-006
 Atom=           1 Dimension=           3
 -3.83885015494298147E-006   0.0000000000000000     
 -5.64107567932339827E-004 -5.56390352997381238E-006
 Atom=           2 Dimension=           1
  1.79141949595774583E-010   0.0000000000000000     
 -9.08218925871134641E-005  2.08998941195070373E-012
 Atom=           2 Dimension=           2
   0.0000000000000000        0.0000000000000000     
  1.71270951405895749E-003  7.11492109811218133E-010
 Atom=           2 Dimension=           3
  1.91084746235492899E-011   0.0000000000000000     
  1.23113100987087658E-003  3.67539566587330882E-010
 Atom=           3 Dimension=           1
  1.77350530099816863E-010   0.0000000000000000     
  2.08293503285413988E-004  8.95709747978873015E-013
 Atom=           3 Dimension=           2
  5.97139831985915309E-013   0.0000000000000000     
 -3.92844904918165840E-003  1.83620498335668960E-010
 Atom=           3 Dimension=           3
  1.91084746235492899E-011   0.0000000000000000     
 -2.82374437943056682E-003  9.52438032017534908E-011
 Atom=           4 Dimension=           1
 -1.06960719757226492E-005   0.0000000000000000     
 -1.09372871368029279E-003 -3.05801279358307071E-006
 Atom=           4 Dimension=           2
 -2.96086919000585442E-006   0.0000000000000000     
  5.71560270374467470E-003 -9.04414046310790466E-006
 Atom=           4 Dimension=           3
 -3.61786512447037373E-006   0.0000000000000000     
  3.74910148278171772E-003 -4.78806990183602822E-006
 Atom=           5 Dimension=           1
  5.97139831985915233E-011   0.0000000000000000     
  4.94211166603058432E-004  7.46424789982394041E-012
 Atom=           5 Dimension=           2
   0.0000000000000000        0.0000000000000000     
 -5.36011921058989534E-003  9.21088190838274421E-010
 Atom=           5 Dimension=           3
  3.58283899191549206E-012   0.0000000000000000     
 -2.97853204924867360E-003  2.84537129941288650E-010
 Atom=           6 Dimension=           1
  4.36509217181704110E-010   0.0000000000000000     
 -7.57817944197402811E-004  2.98569915992957655E-013
 Atom=           6 Dimension=           2
   0.0000000000000000        0.0000000000000000     
  8.21828034407792729E-003  6.59839514344436337E-011
 Atom=           6 Dimension=           3
  2.98569915992957616E-011   0.0000000000000000     
  4.56690594974909232E-003  2.00041843715281628E-011
 Atom=           7 Dimension=           1
 -1.04785058693580761E-005 -1.21963748786108007E-003
   0.0000000000000000      -3.03456370952081609E-006
 Atom=           7 Dimension=           2
 -2.97419466392653594E-006 -3.90721271245268991E-003
   0.0000000000000000      -8.27103098688363964E-006
 Atom=           7 Dimension=           3
 -3.83885015494298147E-006 -1.86599597427297269E-003
   0.0000000000000000      -5.56390472425347713E-006
 Atom=           8 Dimension=           1
  1.79141949595774583E-010  8.40567283225958600E-004
   0.0000000000000000       1.79141949595774603E-012
 Atom=           8 Dimension=           2
   0.0000000000000000      -4.09855308996297880E-005
   0.0000000000000000       7.10596400063239195E-010
 Atom=           8 Dimension=           3
  1.91084746235492899E-011 -2.72670326433893456E-004
   0.0000000000000000       3.67240996671337920E-010
 Atom=           9 Dimension=           1
  1.77350530099816863E-010  8.15748526396333894E-004
   0.0000000000000000        0.0000000000000000     
 Atom=           9 Dimension=           2
  5.97139831985915309E-013 -3.97783880366051716E-005
   0.0000000000000000       1.83321928419675998E-010
 Atom=           9 Dimension=           3
  1.91084746235492899E-011 -2.64601579518138172E-004
   0.0000000000000000       9.43480934537746179E-011
 Atom=          10 Dimension=           1
 -1.06960719757226492E-005  1.33803063185031863E-003
   0.0000000000000000      -3.05801368929281864E-006
 Atom=          10 Dimension=           2
 -2.96086919000585442E-006 -9.01060932589432730E-004
   0.0000000000000000      -9.04414195595748370E-006
 Atom=          10 Dimension=           3
 -3.61786512447037373E-006 -9.10412778002020430E-004
   0.0000000000000000      -4.78807079754577615E-006
 Atom=          11 Dimension=           1
  5.97139831985915233E-011 -2.25159233783379866E-004
   0.0000000000000000       6.56853815184506830E-012
 Atom=          11 Dimension=           2
   0.0000000000000000       5.74603063757154372E-006
   0.0000000000000000       9.20192481090295483E-010
 Atom=          11 Dimension=           3
  3.58283899191549206E-012  5.82342914945237211E-005
   0.0000000000000000       2.83044280361323841E-010
 Atom=          12 Dimension=           1
  4.36509217181704110E-010 -2.89271531865736310E-004
   0.0000000000000000      -5.97139831985915309E-013
 Atom=          12 Dimension=           2
   0.0000000000000000       7.38186260252910175E-006
   0.0000000000000000       6.50882416864647737E-011
 Atom=          12 Dimension=           3
  2.98569915992957616E-011  7.48248663701659437E-005
   0.0000000000000000       1.91084746235492899E-011
