 Atom=           1 Dimension=           1
 -4.22261580218486532E-006   0.0000000000000000     
  6.92542221307652049E-003 -6.91512169316868566E-006
 Atom=           1 Dimension=           2
 -1.01503679774445030E-005   0.0000000000000000     
  1.80495631098864990E-003 -6.37182804982235223E-006
 Atom=           1 Dimension=           3
 -3.17515341585383187E-006   0.0000000000000000     
  4.55396376071277582E-004 -3.54737037874510823E-006
 Atom=           2 Dimension=           1
  4.17400742558154804E-010   0.0000000000000000     
 -3.23114767583075981E-004  7.18956357711042026E-010
 Atom=           2 Dimension=           2
  2.56411843854752018E-009   0.0000000000000000     
 -2.93324084928568219E-004  5.92362713330028022E-010
 Atom=           2 Dimension=           3
  3.58283899191549206E-012   0.0000000000000000     
 -1.44701294358747591E-004  1.44507839340591514E-010
 Atom=           3 Dimension=           1
  4.95028920716323772E-010   0.0000000000000000     
  1.98426726489109263E-003  1.97653284387337965E-010
 Atom=           3 Dimension=           2
  3.03585890581639323E-009   0.0000000000000000     
  1.80157153189602600E-003  1.63616313964140820E-010
 Atom=           3 Dimension=           3
  4.77711865588732248E-012   0.0000000000000000     
  8.88601218217667499E-004  4.00083687430563256E-011
 Atom=           4 Dimension=           1
 -4.61118275224583194E-006   0.0000000000000000     
  1.01679009661354812E-002 -6.78997730715990135E-006
 Atom=           4 Dimension=           2
 -9.70804500685858568E-006   0.0000000000000000     
  9.54196545787159862E-004 -6.88372348366303410E-006
 Atom=           4 Dimension=           3
 -3.26942567254894463E-006   0.0000000000000000     
 -1.04937628917130266E-003 -3.12579951017027980E-006
 Atom=           5 Dimension=           1
  7.57770446790126562E-010   0.0000000000000000     
  1.68952748663364432E-003  7.33287713678703993E-010
 Atom=           5 Dimension=           2
  3.01376473203291456E-009   0.0000000000000000     
  1.73897648388706208E-003  7.76878921413675817E-010
 Atom=           5 Dimension=           3
  6.09082628625633581E-011   0.0000000000000000     
  5.12075601825794026E-004  6.74768010144084305E-011
 Atom=           6 Dimension=           1
  7.24330616198915238E-010   0.0000000000000000     
 -1.96064901242067957E-003  1.14053707909309822E-010
 Atom=           6 Dimension=           2
  2.88119968933204132E-009   0.0000000000000000     
 -2.01773312264294817E-003  1.20622246061154894E-010
 Atom=           6 Dimension=           3
  5.85197035346197013E-011   0.0000000000000000     
 -5.94247729195033461E-004  1.01513771437605591E-011
 Atom=           7 Dimension=           1
 -4.22261550361494935E-006  4.44777617219005612E-003
   0.0000000000000000      -6.91512169316868566E-006
 Atom=           7 Dimension=           2
 -1.01503667831648408E-005  4.90768720753971804E-003
   0.0000000000000000      -6.37182804982235223E-006
 Atom=           7 Dimension=           3
 -3.17515252014408394E-006  1.23507580790806356E-003
   0.0000000000000000      -3.54737037874510823E-006
 Atom=           8 Dimension=           1
  4.18296452306133689E-010  2.99724342134009077E-004
   0.0000000000000000       7.18956357711042026E-010
 Atom=           8 Dimension=           2
  2.56501414829549891E-009  7.42116450801276321E-004
   0.0000000000000000       5.92362713330028022E-010
 Atom=           8 Dimension=           3
  3.88140890790844956E-012 -3.07749461122595007E-005
   0.0000000000000000       1.44507839340591514E-010
 Atom=           9 Dimension=           1
  4.95924630464302606E-010  6.87846736630521975E-004
   0.0000000000000000       1.97653284387337965E-010
 Atom=           9 Dimension=           2
  3.03735175539635819E-009  1.70303724201181328E-003
   0.0000000000000000       1.63616313964140820E-010
 Atom=           9 Dimension=           3
  5.07568857188027957E-012 -7.06305644336256586E-005
   0.0000000000000000       4.00083687430563256E-011
 Atom=          10 Dimension=           1
 -4.61118215510599999E-006  1.51394793209298079E-002
   0.0000000000000000      -6.78997730715990135E-006
 Atom=          10 Dimension=           2
 -9.70804470828866886E-006  8.00730187176839714E-004
   0.0000000000000000      -6.88372348366303410E-006
 Atom=          10 Dimension=           3
 -3.26942447826928030E-006 -4.69808966195258131E-004
   0.0000000000000000      -3.12579951017027980E-006
 Atom=          11 Dimension=           1
  7.58666156538105397E-010 -1.38074425236876032E-004
   0.0000000000000000       7.33287713678703993E-010
 Atom=          11 Dimension=           2
  3.01466044178089370E-009 -2.75358467869499127E-004
   0.0000000000000000       7.76878921413675817E-010
 Atom=          11 Dimension=           3
  6.18039726105422310E-011 -3.94153852282284683E-005
   0.0000000000000000       6.74768010144084305E-011
 Atom=          12 Dimension=           1
  7.25226325946894072E-010 -1.95159542173455438E-003
   0.0000000000000000       1.14053707909309822E-010
 Atom=          12 Dimension=           2
  2.88209539908002046E-009 -3.89106536406451809E-003
   0.0000000000000000       1.20622246061154894E-010
 Atom=          12 Dimension=           3
  5.94154132825985742E-011 -5.57196284973574180E-004
   0.0000000000000000       1.01513771437605591E-011
 Atom=           1 Dimension=           1
 -4.22261580218486532E-006   0.0000000000000000     
  6.92542221307652049E-003 -6.91512169316868566E-006
 Atom=           1 Dimension=           2
 -1.01503679774445030E-005   0.0000000000000000     
  1.80495631098864990E-003 -6.37182804982235223E-006
 Atom=           1 Dimension=           3
 -3.17515341585383187E-006   0.0000000000000000     
  4.55396376071277582E-004 -3.54737037874510823E-006
 Atom=           2 Dimension=           1
  4.17400742558154804E-010   0.0000000000000000     
 -3.23114767583075981E-004  7.18956357711042026E-010
 Atom=           2 Dimension=           2
  2.56411843854752018E-009   0.0000000000000000     
 -2.93324084928568219E-004  5.92362713330028022E-010
 Atom=           2 Dimension=           3
  3.58283899191549206E-012   0.0000000000000000     
 -1.44701294358747591E-004  1.44507839340591514E-010
 Atom=           3 Dimension=           1
  4.95028920716323772E-010   0.0000000000000000     
  1.98426726489109263E-003  1.97653284387337965E-010
 Atom=           3 Dimension=           2
  3.03585890581639323E-009   0.0000000000000000     
  1.80157153189602600E-003  1.63616313964140820E-010
 Atom=           3 Dimension=           3
  4.77711865588732248E-012   0.0000000000000000     
  8.88601218217667499E-004  4.00083687430563256E-011
 Atom=           4 Dimension=           1
 -4.61118275224583194E-006   0.0000000000000000     
  1.01679009661354812E-002 -6.78997730715990135E-006
 Atom=           4 Dimension=           2
 -9.70804500685858568E-006   0.0000000000000000     
  9.54196545787159862E-004 -6.88372348366303410E-006
 Atom=           4 Dimension=           3
 -3.26942567254894463E-006   0.0000000000000000     
 -1.04937628917130266E-003 -3.12579951017027980E-006
 Atom=           5 Dimension=           1
  7.57770446790126562E-010   0.0000000000000000     
  1.68952748663364432E-003  7.33287713678703993E-010
 Atom=           5 Dimension=           2
  3.01376473203291456E-009   0.0000000000000000     
  1.73897648388706208E-003  7.76878921413675817E-010
 Atom=           5 Dimension=           3
  6.09082628625633581E-011   0.0000000000000000     
  5.12075601825794026E-004  6.74768010144084305E-011
 Atom=           6 Dimension=           1
  7.24330616198915238E-010   0.0000000000000000     
 -1.96064901242067957E-003  1.14053707909309822E-010
 Atom=           6 Dimension=           2
  2.88119968933204132E-009   0.0000000000000000     
 -2.01773312264294817E-003  1.20622246061154894E-010
 Atom=           6 Dimension=           3
  5.85197035346197013E-011   0.0000000000000000     
 -5.94247729195033461E-004  1.01513771437605591E-011
 Atom=           7 Dimension=           1
 -4.22261550361494935E-006  4.44777617219005612E-003
   0.0000000000000000      -6.91512169316868566E-006
 Atom=           7 Dimension=           2
 -1.01503667831648408E-005  4.90768720753971804E-003
   0.0000000000000000      -6.37182804982235223E-006
 Atom=           7 Dimension=           3
 -3.17515252014408394E-006  1.23507580790806356E-003
   0.0000000000000000      -3.54737037874510823E-006
 Atom=           8 Dimension=           1
  4.18296452306133689E-010  2.99724342134009077E-004
   0.0000000000000000       7.18956357711042026E-010
 Atom=           8 Dimension=           2
  2.56501414829549891E-009  7.42116450801276321E-004
   0.0000000000000000       5.92362713330028022E-010
 Atom=           8 Dimension=           3
  3.88140890790844956E-012 -3.07749461122595007E-005
   0.0000000000000000       1.44507839340591514E-010
 Atom=           9 Dimension=           1
  4.95924630464302606E-010  6.87846736630521975E-004
   0.0000000000000000       1.97653284387337965E-010
 Atom=           9 Dimension=           2
  3.03735175539635819E-009  1.70303724201181328E-003
   0.0000000000000000       1.63616313964140820E-010
 Atom=           9 Dimension=           3
  5.07568857188027957E-012 -7.06305644336256586E-005
   0.0000000000000000       4.00083687430563256E-011
 Atom=          10 Dimension=           1
 -4.61118215510599999E-006  1.51394793209298079E-002
   0.0000000000000000      -6.78997730715990135E-006
 Atom=          10 Dimension=           2
 -9.70804470828866886E-006  8.00730187176839714E-004
   0.0000000000000000      -6.88372348366303410E-006
 Atom=          10 Dimension=           3
 -3.26942447826928030E-006 -4.69808966195258131E-004
   0.0000000000000000      -3.12579951017027980E-006
 Atom=          11 Dimension=           1
  7.58666156538105397E-010 -1.38074425236876032E-004
   0.0000000000000000       7.33287713678703993E-010
 Atom=          11 Dimension=           2
  3.01466044178089370E-009 -2.75358467869499127E-004
   0.0000000000000000       7.76878921413675817E-010
 Atom=          11 Dimension=           3
  6.18039726105422310E-011 -3.94153852282284683E-005
   0.0000000000000000       6.74768010144084305E-011
 Atom=          12 Dimension=           1
  7.25226325946894072E-010 -1.95159542173455438E-003
   0.0000000000000000       1.14053707909309822E-010
 Atom=          12 Dimension=           2
  2.88209539908002046E-009 -3.89106536406451809E-003
   0.0000000000000000       1.20622246061154894E-010
 Atom=          12 Dimension=           3
  5.94154132825985742E-011 -5.57196284973574180E-004
   0.0000000000000000       1.01513771437605591E-011
 Atom=           1 Dimension=           1
 -4.22262147501326972E-006   0.0000000000000000     
  6.92556442879461564E-003 -6.91513184454582970E-006
 Atom=           1 Dimension=           2
 -1.01503605131966045E-005   0.0000000000000000     
  1.80500874397123475E-003 -6.37186775962117963E-006
 Atom=           1 Dimension=           3
 -3.17514953444492375E-006   0.0000000000000000     
  4.55391163600362943E-004 -3.54733962604376139E-006
 Atom=           2 Dimension=           1
  4.17997882390140727E-010   0.0000000000000000     
 -3.23163566633891889E-004  7.18956357711042026E-010
 Atom=           2 Dimension=           2
  2.56471557837950641E-009   0.0000000000000000     
 -2.93369651960043490E-004  5.92362713330028022E-010
 Atom=           2 Dimension=           3
  4.17997882390140747E-012   0.0000000000000000     
 -1.44720711293415589E-004  1.43910699508605590E-010
 Atom=           3 Dimension=           1
  4.95626060548309696E-010   0.0000000000000000     
  1.98428429893926115E-003  1.98250424219323889E-010
 Atom=           3 Dimension=           2
  3.03645604564837946E-009   0.0000000000000000     
  1.80159478276698524E-003  1.63616313964140820E-010
 Atom=           3 Dimension=           3
  5.37425848787323748E-012   0.0000000000000000     
  8.88593890602825450E-004  4.06055085750422366E-011
 Atom=           4 Dimension=           1
 -4.61122216347474336E-006   0.0000000000000000     
  1.01678186739966644E-002 -6.78994088163014969E-006
 Atom=           4 Dimension=           2
 -9.70799305569320240E-006   0.0000000000000000     
  9.54178917995392238E-004 -6.88375572921396209E-006
 Atom=           4 Dimension=           3
 -3.26942656825869256E-006   0.0000000000000000     
 -1.04935962284930700E-003 -3.12577144459817675E-006
 Atom=           5 Dimension=           1
  7.58367586622112486E-010   0.0000000000000000     
  1.68952186101660852E-003  7.33287713678703993E-010
 Atom=           5 Dimension=           2
  3.01376473203291456E-009   0.0000000000000000     
  1.73898728905767948E-003  7.76878921413675817E-010
 Atom=           5 Dimension=           3
  6.21025425265351930E-011   0.0000000000000000     
  5.12061174367634659E-004  6.74768010144084305E-011
 Atom=           6 Dimension=           1
  7.25524895862887086E-010   0.0000000000000000     
 -1.96062717359881669E-003  1.14053707909309822E-010
 Atom=           6 Dimension=           2
  2.88179682916402714E-009   0.0000000000000000     
 -2.01772990394729007E-003  1.20622246061154894E-010
 Atom=           6 Dimension=           3
  5.85197035346197013E-011   0.0000000000000000     
 -5.94226345692292607E-004  1.01513771437605591E-011
 Atom=           7 Dimension=           1
 -4.22262147501326972E-006  4.44777196489208517E-003
   0.0000000000000000      -6.91513184454582970E-006
 Atom=           7 Dimension=           2
 -1.01503605131966045E-005  4.90765556924267852E-003
   0.0000000000000000      -6.37186775962117963E-006
 Atom=           7 Dimension=           3
 -3.17514953444492375E-006  1.23507835220892383E-003
   0.0000000000000000      -3.54733962604376139E-006
 Atom=           8 Dimension=           1
  4.17997882390140727E-010  2.99723239627273051E-004
   0.0000000000000000       7.18956357711042026E-010
 Atom=           8 Dimension=           2
  2.56471557837950641E-009  7.42108162724335746E-004
   0.0000000000000000       5.92362713330028022E-010
 Atom=           8 Dimension=           3
  4.17997882390140747E-012 -3.07684589344097629E-005
   0.0000000000000000       1.43910699508605590E-010
 Atom=           9 Dimension=           1
  4.95626060548309696E-010  6.87856820232294881E-004
   0.0000000000000000       1.98250424219323889E-010
 Atom=           9 Dimension=           2
  3.03645604564837946E-009  1.70304944926675606E-003
   0.0000000000000000       1.63616313964140820E-010
 Atom=           9 Dimension=           3
  5.37425848787323748E-012 -7.06169708065991752E-005
   0.0000000000000000       4.06055085750422366E-011
 Atom=          10 Dimension=           1
 -4.61122216347474336E-006  1.51395682432614639E-002
   0.0000000000000000      -6.78994088163014969E-006
 Atom=          10 Dimension=           2
 -9.70799305569320240E-006  8.00797749965989928E-004
   0.0000000000000000      -6.88375572921396209E-006
 Atom=          10 Dimension=           3
 -3.26942656825869256E-006 -4.69826630375234282E-004
   0.0000000000000000      -3.12577144459817675E-006
 Atom=          11 Dimension=           1
  7.58367586622112486E-010 -1.38129333028173172E-004
   0.0000000000000000       7.33287713678703993E-010
 Atom=          11 Dimension=           2
  3.01376473203291456E-009 -2.75462313024125744E-004
   0.0000000000000000       7.76878921413675817E-010
 Atom=          11 Dimension=           3
  6.21025425265351930E-011 -3.94310108474607224E-005
   0.0000000000000000       6.74768010144084305E-011
 Atom=          12 Dimension=           1
  7.25524895862887086E-010 -1.95158983735748814E-003
   0.0000000000000000       1.14053707909309822E-010
 Atom=          12 Dimension=           2
  2.88179682916402714E-009 -3.89097484550344954E-003
   0.0000000000000000       1.20622246061154894E-010
 Atom=          12 Dimension=           3
  5.85197035346197013E-011 -5.57193954747343565E-004
   0.0000000000000000       1.01513771437605591E-011
 Atom=           1 Dimension=           1
 -4.22262147501326972E-006   0.0000000000000000     
  6.92556442879461564E-003 -6.91513184454582970E-006
 Atom=           1 Dimension=           2
 -1.01503605131966045E-005   0.0000000000000000     
  1.80500874397123475E-003 -6.37186775962117963E-006
 Atom=           1 Dimension=           3
 -3.17514953444492375E-006   0.0000000000000000     
  4.55391163600362943E-004 -3.54733962604376139E-006
 Atom=           2 Dimension=           1
  4.17997882390140727E-010   0.0000000000000000     
 -3.23163566633891889E-004  7.18956357711042026E-010
 Atom=           2 Dimension=           2
  2.56471557837950641E-009   0.0000000000000000     
 -2.93369651960043490E-004  5.92362713330028022E-010
 Atom=           2 Dimension=           3
  4.17997882390140747E-012   0.0000000000000000     
 -1.44720711293415589E-004  1.43910699508605590E-010
 Atom=           3 Dimension=           1
  4.95626060548309696E-010   0.0000000000000000     
  1.98428429893926115E-003  1.98250424219323889E-010
 Atom=           3 Dimension=           2
  3.03645604564837946E-009   0.0000000000000000     
  1.80159478276698524E-003  1.63616313964140820E-010
 Atom=           3 Dimension=           3
  5.37425848787323748E-012   0.0000000000000000     
  8.88593890602825450E-004  4.06055085750422366E-011
 Atom=           4 Dimension=           1
 -4.61122216347474336E-006   0.0000000000000000     
  1.01678186739966644E-002 -6.78994088163014969E-006
 Atom=           4 Dimension=           2
 -9.70799305569320240E-006   0.0000000000000000     
  9.54178917995392238E-004 -6.88375572921396209E-006
 Atom=           4 Dimension=           3
 -3.26942656825869256E-006   0.0000000000000000     
 -1.04935962284930700E-003 -3.12577144459817675E-006
 Atom=           5 Dimension=           1
  7.58367586622112486E-010   0.0000000000000000     
  1.68952186101660852E-003  7.33287713678703993E-010
 Atom=           5 Dimension=           2
  3.01376473203291456E-009   0.0000000000000000     
  1.73898728905767948E-003  7.76878921413675817E-010
 Atom=           5 Dimension=           3
  6.21025425265351930E-011   0.0000000000000000     
  5.12061174367634659E-004  6.74768010144084305E-011
 Atom=           6 Dimension=           1
  7.25524895862887086E-010   0.0000000000000000     
 -1.96062717359881669E-003  1.14053707909309822E-010
 Atom=           6 Dimension=           2
  2.88179682916402714E-009   0.0000000000000000     
 -2.01772990394729007E-003  1.20622246061154894E-010
 Atom=           6 Dimension=           3
  5.85197035346197013E-011   0.0000000000000000     
 -5.94226345692292607E-004  1.01513771437605591E-011
 Atom=           7 Dimension=           1
 -4.22262147501326972E-006  4.44777196489208517E-003
   0.0000000000000000      -6.91513184454582970E-006
 Atom=           7 Dimension=           2
 -1.01503605131966045E-005  4.90765556924267852E-003
   0.0000000000000000      -6.37186775962117963E-006
 Atom=           7 Dimension=           3
 -3.17514953444492375E-006  1.23507835220892383E-003
   0.0000000000000000      -3.54733962604376139E-006
 Atom=           8 Dimension=           1
  4.17997882390140727E-010  2.99723239627273051E-004
   0.0000000000000000       7.18956357711042026E-010
 Atom=           8 Dimension=           2
  2.56471557837950641E-009  7.42108162724335746E-004
   0.0000000000000000       5.92362713330028022E-010
 Atom=           8 Dimension=           3
  4.17997882390140747E-012 -3.07684589344097629E-005
   0.0000000000000000       1.43910699508605590E-010
 Atom=           9 Dimension=           1
  4.95626060548309696E-010  6.87856820232294881E-004
   0.0000000000000000       1.98250424219323889E-010
 Atom=           9 Dimension=           2
  3.03645604564837946E-009  1.70304944926675606E-003
   0.0000000000000000       1.63616313964140820E-010
 Atom=           9 Dimension=           3
  5.37425848787323748E-012 -7.06169708065991752E-005
   0.0000000000000000       4.06055085750422366E-011
 Atom=          10 Dimension=           1
 -4.61122216347474336E-006  1.51395682432614639E-002
   0.0000000000000000      -6.78994088163014969E-006
 Atom=          10 Dimension=           2
 -9.70799305569320240E-006  8.00797749965989928E-004
   0.0000000000000000      -6.88375572921396209E-006
 Atom=          10 Dimension=           3
 -3.26942656825869256E-006 -4.69826630375234282E-004
   0.0000000000000000      -3.12577144459817675E-006
 Atom=          11 Dimension=           1
  7.58367586622112486E-010 -1.38129333028173172E-004
   0.0000000000000000       7.33287713678703993E-010
 Atom=          11 Dimension=           2
  3.01376473203291456E-009 -2.75462313024125744E-004
   0.0000000000000000       7.76878921413675817E-010
 Atom=          11 Dimension=           3
  6.21025425265351930E-011 -3.94310108474607224E-005
   0.0000000000000000       6.74768010144084305E-011
 Atom=          12 Dimension=           1
  7.25524895862887086E-010 -1.95158983735748814E-003
   0.0000000000000000       1.14053707909309822E-010
 Atom=          12 Dimension=           2
  2.88179682916402714E-009 -3.89097484550344954E-003
   0.0000000000000000       1.20622246061154894E-010
 Atom=          12 Dimension=           3
  5.85197035346197013E-011 -5.57193954747343565E-004
   0.0000000000000000       1.01513771437605591E-011
 Atom=           1 Dimension=           1
 -4.22262147501326972E-006   0.0000000000000000     
  6.92556442879461564E-003 -6.91513184454582970E-006
 Atom=           1 Dimension=           2
 -1.01503605131966045E-005   0.0000000000000000     
  1.80500874397123475E-003 -6.37186775962117963E-006
 Atom=           1 Dimension=           3
 -3.17514953444492375E-006   0.0000000000000000     
  4.55391163600362943E-004 -3.54733962604376139E-006
 Atom=           2 Dimension=           1
  4.17997882390140727E-010   0.0000000000000000     
 -3.23163566633891889E-004  7.18956357711042026E-010
 Atom=           2 Dimension=           2
  2.56471557837950641E-009   0.0000000000000000     
 -2.93369651960043490E-004  5.92362713330028022E-010
 Atom=           2 Dimension=           3
  4.17997882390140747E-012   0.0000000000000000     
 -1.44720711293415589E-004  1.43910699508605590E-010
 Atom=           3 Dimension=           1
  4.95626060548309696E-010   0.0000000000000000     
  1.98428429893926115E-003  1.98250424219323889E-010
 Atom=           3 Dimension=           2
  3.03645604564837946E-009   0.0000000000000000     
  1.80159478276698524E-003  1.63616313964140820E-010
 Atom=           3 Dimension=           3
  5.37425848787323748E-012   0.0000000000000000     
  8.88593890602825450E-004  4.06055085750422366E-011
 Atom=           4 Dimension=           1
 -4.61122216347474336E-006   0.0000000000000000     
  1.01678186739966644E-002 -6.78994088163014969E-006
 Atom=           4 Dimension=           2
 -9.70799305569320240E-006   0.0000000000000000     
  9.54178917995392238E-004 -6.88375572921396209E-006
 Atom=           4 Dimension=           3
 -3.26942656825869256E-006   0.0000000000000000     
 -1.04935962284930700E-003 -3.12577144459817675E-006
 Atom=           5 Dimension=           1
  7.58367586622112486E-010   0.0000000000000000     
  1.68952186101660852E-003  7.33287713678703993E-010
 Atom=           5 Dimension=           2
  3.01376473203291456E-009   0.0000000000000000     
  1.73898728905767948E-003  7.76878921413675817E-010
 Atom=           5 Dimension=           3
  6.21025425265351930E-011   0.0000000000000000     
  5.12061174367634659E-004  6.74768010144084305E-011
 Atom=           6 Dimension=           1
  7.25524895862887086E-010   0.0000000000000000     
 -1.96062717359881669E-003  1.14053707909309822E-010
 Atom=           6 Dimension=           2
  2.88179682916402714E-009   0.0000000000000000     
 -2.01772990394729007E-003  1.20622246061154894E-010
 Atom=           6 Dimension=           3
  5.85197035346197013E-011   0.0000000000000000     
 -5.94226345692292607E-004  1.01513771437605591E-011
 Atom=           7 Dimension=           1
 -4.22262147501326972E-006  4.44777196489208517E-003
   0.0000000000000000      -6.91513184454582970E-006
 Atom=           7 Dimension=           2
 -1.01503605131966045E-005  4.90765556924267852E-003
   0.0000000000000000      -6.37186775962117963E-006
 Atom=           7 Dimension=           3
 -3.17514953444492375E-006  1.23507835220892383E-003
   0.0000000000000000      -3.54733962604376139E-006
 Atom=           8 Dimension=           1
  4.17997882390140727E-010  2.99723239627273051E-004
   0.0000000000000000       7.18956357711042026E-010
 Atom=           8 Dimension=           2
  2.56471557837950641E-009  7.42108162724335746E-004
   0.0000000000000000       5.92362713330028022E-010
 Atom=           8 Dimension=           3
  4.17997882390140747E-012 -3.07684589344097629E-005
   0.0000000000000000       1.43910699508605590E-010
 Atom=           9 Dimension=           1
  4.95626060548309696E-010  6.87856820232294881E-004
   0.0000000000000000       1.98250424219323889E-010
 Atom=           9 Dimension=           2
  3.03645604564837946E-009  1.70304944926675606E-003
   0.0000000000000000       1.63616313964140820E-010
 Atom=           9 Dimension=           3
  5.37425848787323748E-012 -7.06169708065991752E-005
   0.0000000000000000       4.06055085750422366E-011
 Atom=          10 Dimension=           1
 -4.61122216347474336E-006  1.51395682432614639E-002
   0.0000000000000000      -6.78994088163014969E-006
 Atom=          10 Dimension=           2
 -9.70799305569320240E-006  8.00797749965989928E-004
   0.0000000000000000      -6.88375572921396209E-006
 Atom=          10 Dimension=           3
 -3.26942656825869256E-006 -4.69826630375234282E-004
   0.0000000000000000      -3.12577144459817675E-006
 Atom=          11 Dimension=           1
  7.58367586622112486E-010 -1.38129333028173172E-004
   0.0000000000000000       7.33287713678703993E-010
 Atom=          11 Dimension=           2
  3.01376473203291456E-009 -2.75462313024125744E-004
   0.0000000000000000       7.76878921413675817E-010
 Atom=          11 Dimension=           3
  6.21025425265351930E-011 -3.94310108474607224E-005
   0.0000000000000000       6.74768010144084305E-011
 Atom=          12 Dimension=           1
  7.25524895862887086E-010 -1.95158983735748814E-003
   0.0000000000000000       1.14053707909309822E-010
 Atom=          12 Dimension=           2
  2.88179682916402714E-009 -3.89097484550344954E-003
   0.0000000000000000       1.20622246061154894E-010
 Atom=          12 Dimension=           3
  5.85197035346197013E-011 -5.57193954747343565E-004
   0.0000000000000000       1.01513771437605591E-011
