 Atom=           1 Dimension=           1
 -3.98521181489197340E-006   0.0000000000000000     
 -5.47166007015190744E-003 -1.04225532699611628E-005
 Atom=           1 Dimension=           2
 -2.96530056469902171E-006   0.0000000000000000     
 -1.93030754685103475E-003 -3.09673492312802954E-006
 Atom=           1 Dimension=           3
 -1.04180824840390853E-005   0.0000000000000000     
 -1.43960196643876039E-003 -3.44998314211644167E-006
 Atom=           2 Dimension=           1
  1.19427966397183062E-012   0.0000000000000000     
  4.20789661117397073E-004  4.45466314661492813E-010
 Atom=           2 Dimension=           2
   0.0000000000000000        0.0000000000000000     
 -3.04049612767208030E-005  2.38855932794366124E-012
 Atom=           2 Dimension=           3
  1.37342161356760508E-011   0.0000000000000000     
  1.18671017670783608E-004  3.52312500871689991E-011
 Atom=           3 Dimension=           1
   0.0000000000000000        0.0000000000000000     
 -1.56815096546504529E-003  1.43850985525407008E-009
 Atom=           3 Dimension=           2
   0.0000000000000000        0.0000000000000000     
  1.13269825862570946E-004  7.76281781581689912E-012
 Atom=           3 Dimension=           3
   0.0000000000000000        0.0000000000000000     
 -4.42160085152448550E-004  1.14053707909309822E-010
 Atom=           4 Dimension=           1
 -4.01029288211504547E-006   0.0000000000000000     
 -6.10991445924523573E-003 -1.02957440581008027E-005
 Atom=           4 Dimension=           2
 -2.93628165885391796E-006   0.0000000000000000     
 -2.69561681577809662E-003 -3.23766679058477329E-006
 Atom=           4 Dimension=           3
 -1.04693278301404527E-005   0.0000000000000000     
 -5.71120569577607436E-003 -3.47717957719432404E-006
 Atom=           5 Dimension=           1
  1.19427966397183062E-012   0.0000000000000000     
 -2.88049849336846197E-003  1.07007457891876031E-009
 Atom=           5 Dimension=           2
 -5.97139831985915309E-013   0.0000000000000000     
  5.00663600730059813E-004  3.16484110952535139E-011
 Atom=           5 Dimension=           3
  9.55423731177464495E-012   0.0000000000000000     
 -8.23083166084638074E-004  8.71824154699436346E-011
 Atom=           6 Dimension=           1
   0.0000000000000000        0.0000000000000000     
  9.53848812229162379E-004  7.54784747630196943E-010
 Atom=           6 Dimension=           2
   0.0000000000000000        0.0000000000000000     
 -1.65826492919701903E-004  2.20941737834788674E-011
 Atom=           6 Dimension=           3
   0.0000000000000000        0.0000000000000000     
  2.72584705410792419E-004  6.15054026945492691E-011
 Atom=           7 Dimension=           1
 -3.98521181489197340E-006  7.79779076039918174E-003
   0.0000000000000000      -1.04225532699611628E-005
 Atom=           7 Dimension=           2
 -2.96530056469902171E-006  2.91892397073065853E-003
   0.0000000000000000      -3.09673492312802954E-006
 Atom=           7 Dimension=           3
 -1.04180824840390853E-005  7.82207395804146617E-003
   0.0000000000000000      -3.44998314211644167E-006
 Atom=           8 Dimension=           1
  1.19427966397183062E-012 -3.16408448234009078E-003
   0.0000000000000000       4.45466314661492813E-010
 Atom=           8 Dimension=           2
   0.0000000000000000       8.66238573482051312E-004
   0.0000000000000000       2.38855932794366124E-012
 Atom=           8 Dimension=           3
  1.37342161356760508E-011  9.38296524655076250E-003
   0.0000000000000000       3.52312500871689991E-011
 Atom=           9 Dimension=           1
   0.0000000000000000       3.30464187782867095E-003
   0.0000000000000000       1.43850985525407008E-009
 Atom=           9 Dimension=           2
   0.0000000000000000      -9.04643541666184893E-004
   0.0000000000000000       7.76281781581689912E-012
 Atom=           9 Dimension=           3
   0.0000000000000000      -9.79941560154311969E-003
   0.0000000000000000       1.14053707909309822E-010
 Atom=          10 Dimension=           1
 -4.01029288211504547E-006  5.60626511761143885E-003
   0.0000000000000000      -1.02957440581008027E-005
 Atom=          10 Dimension=           2
 -2.93628165885391796E-006  1.53762743069170557E-003
   0.0000000000000000      -3.23766679058477329E-006
 Atom=          10 Dimension=           3
 -1.04693278301404527E-005  3.86522337728444900E-003
   0.0000000000000000      -3.47717957719432404E-006
 Atom=          11 Dimension=           1
  1.19427966397183062E-012  2.96415605893530229E-003
   0.0000000000000000       1.07007457891876031E-009
 Atom=          11 Dimension=           2
 -5.97139831985915309E-013 -5.60285390950172510E-004
   0.0000000000000000       3.16484110952535139E-011
 Atom=          11 Dimension=           3
  9.55423731177464495E-012 -8.65444397250311748E-003
   0.0000000000000000       8.71824154699436346E-011
 Atom=          12 Dimension=           1
   0.0000000000000000      -1.85177989657207224E-003
   0.0000000000000000       7.54784747630196943E-010
 Atom=          12 Dimension=           2
   0.0000000000000000       3.50055019764247471E-004
   0.0000000000000000       2.20941737834788674E-011
 Atom=          12 Dimension=           3
   0.0000000000000000       5.40687162772440430E-003
   0.0000000000000000       6.15054026945492691E-011
 Atom=           1 Dimension=           1
 -3.98521181489197340E-006   0.0000000000000000     
 -5.47166007015190744E-003 -1.04225532699611628E-005
 Atom=           1 Dimension=           2
 -2.96530056469902171E-006   0.0000000000000000     
 -1.93030754685103475E-003 -3.09673492312802954E-006
 Atom=           1 Dimension=           3
 -1.04180824840390853E-005   0.0000000000000000     
 -1.43960196643876039E-003 -3.44998314211644167E-006
 Atom=           2 Dimension=           1
  1.19427966397183062E-012   0.0000000000000000     
  4.20789661117397073E-004  4.45466314661492813E-010
 Atom=           2 Dimension=           2
   0.0000000000000000        0.0000000000000000     
 -3.04049612767208030E-005  2.38855932794366124E-012
 Atom=           2 Dimension=           3
  1.37342161356760508E-011   0.0000000000000000     
  1.18671017670783608E-004  3.52312500871689991E-011
 Atom=           3 Dimension=           1
   0.0000000000000000        0.0000000000000000     
 -1.56815096546504529E-003  1.43850985525407008E-009
 Atom=           3 Dimension=           2
   0.0000000000000000        0.0000000000000000     
  1.13269825862570946E-004  7.76281781581689912E-012
 Atom=           3 Dimension=           3
   0.0000000000000000        0.0000000000000000     
 -4.42160085152448550E-004  1.14053707909309822E-010
 Atom=           4 Dimension=           1
 -4.01029288211504547E-006   0.0000000000000000     
 -6.10991445924523573E-003 -1.02957440581008027E-005
 Atom=           4 Dimension=           2
 -2.93628165885391796E-006   0.0000000000000000     
 -2.69561681577809662E-003 -3.23766679058477329E-006
 Atom=           4 Dimension=           3
 -1.04693278301404527E-005   0.0000000000000000     
 -5.71120569577607436E-003 -3.47717957719432404E-006
 Atom=           5 Dimension=           1
  1.19427966397183062E-012   0.0000000000000000     
 -2.88049849336846197E-003  1.07007457891876031E-009
 Atom=           5 Dimension=           2
 -5.97139831985915309E-013   0.0000000000000000     
  5.00663600730059813E-004  3.16484110952535139E-011
 Atom=           5 Dimension=           3
  9.55423731177464495E-012   0.0000000000000000     
 -8.23083166084638074E-004  8.71824154699436346E-011
 Atom=           6 Dimension=           1
   0.0000000000000000        0.0000000000000000     
  9.53848812229162379E-004  7.54784747630196943E-010
 Atom=           6 Dimension=           2
   0.0000000000000000        0.0000000000000000     
 -1.65826492919701903E-004  2.20941737834788674E-011
 Atom=           6 Dimension=           3
   0.0000000000000000        0.0000000000000000     
  2.72584705410792419E-004  6.15054026945492691E-011
 Atom=           7 Dimension=           1
 -3.98521181489197340E-006  7.79779076039918174E-003
   0.0000000000000000      -1.04225532699611628E-005
 Atom=           7 Dimension=           2
 -2.96530056469902171E-006  2.91892397073065853E-003
   0.0000000000000000      -3.09673492312802954E-006
 Atom=           7 Dimension=           3
 -1.04180824840390853E-005  7.82207395804146617E-003
   0.0000000000000000      -3.44998314211644167E-006
 Atom=           8 Dimension=           1
  1.19427966397183062E-012 -3.16408448234009078E-003
   0.0000000000000000       4.45466314661492813E-010
 Atom=           8 Dimension=           2
   0.0000000000000000       8.66238573482051312E-004
   0.0000000000000000       2.38855932794366124E-012
 Atom=           8 Dimension=           3
  1.37342161356760508E-011  9.38296524655076250E-003
   0.0000000000000000       3.52312500871689991E-011
 Atom=           9 Dimension=           1
   0.0000000000000000       3.30464187782867095E-003
   0.0000000000000000       1.43850985525407008E-009
 Atom=           9 Dimension=           2
   0.0000000000000000      -9.04643541666184893E-004
   0.0000000000000000       7.76281781581689912E-012
 Atom=           9 Dimension=           3
   0.0000000000000000      -9.79941560154311969E-003
   0.0000000000000000       1.14053707909309822E-010
 Atom=          10 Dimension=           1
 -4.01029288211504547E-006  5.60626511761143885E-003
   0.0000000000000000      -1.02957440581008027E-005
 Atom=          10 Dimension=           2
 -2.93628165885391796E-006  1.53762743069170557E-003
   0.0000000000000000      -3.23766679058477329E-006
 Atom=          10 Dimension=           3
 -1.04693278301404527E-005  3.86522337728444900E-003
   0.0000000000000000      -3.47717957719432404E-006
 Atom=          11 Dimension=           1
  1.19427966397183062E-012  2.96415605893530229E-003
   0.0000000000000000       1.07007457891876031E-009
 Atom=          11 Dimension=           2
 -5.97139831985915309E-013 -5.60285390950172510E-004
   0.0000000000000000       3.16484110952535139E-011
 Atom=          11 Dimension=           3
  9.55423731177464495E-012 -8.65444397250311748E-003
   0.0000000000000000       8.71824154699436346E-011
 Atom=          12 Dimension=           1
   0.0000000000000000      -1.85177989657207224E-003
   0.0000000000000000       7.54784747630196943E-010
 Atom=          12 Dimension=           2
   0.0000000000000000       3.50055019764247471E-004
   0.0000000000000000       2.20941737834788674E-011
 Atom=          12 Dimension=           3
   0.0000000000000000       5.40687162772440430E-003
   0.0000000000000000       6.15054026945492691E-011
 Atom=           1 Dimension=           1
 -3.98524555329248042E-006   0.0000000000000000     
 -5.47172618342143657E-003 -1.04224986316665365E-005
 Atom=           1 Dimension=           2
 -2.96528892047229821E-006   0.0000000000000000     
 -1.93030456001357683E-003 -3.09675552445223276E-006
 Atom=           1 Dimension=           3
 -1.04180538213271499E-005   0.0000000000000000     
 -1.43955749357272409E-003 -3.45000702770972105E-006
 Atom=           2 Dimension=           1
  1.79141949595774603E-012   0.0000000000000000     
  4.20780347919310542E-004  4.45466314661492813E-010
 Atom=           2 Dimension=           2
 -5.97139831985915309E-013   0.0000000000000000     
 -3.04129965955668231E-005  2.38855932794366124E-012
 Atom=           2 Dimension=           3
  1.31370763036901366E-011   0.0000000000000000     
  1.18671342962707078E-004  3.52312500871689991E-011
 Atom=           3 Dimension=           1
 -5.97139831985915309E-013   0.0000000000000000     
 -1.56822952019895594E-003  1.43791271542208405E-009
 Atom=           3 Dimension=           2
   0.0000000000000000        0.0000000000000000     
  1.13307942940181155E-004  7.16567798383098412E-012
 Atom=           3 Dimension=           3
   0.0000000000000000        0.0000000000000000     
 -4.42193233485498689E-004  1.14650847741295746E-010
 Atom=           4 Dimension=           1
 -4.01033080049437616E-006   0.0000000000000000     
 -6.11013756378621983E-003 -1.02957700336834952E-005
 Atom=           4 Dimension=           2
 -2.93627120890685836E-006   0.0000000000000000     
 -2.69568513394913452E-003 -3.23765634063771370E-006
 Atom=           4 Dimension=           3
 -1.04692955845895256E-005   0.0000000000000000     
 -5.71115360191293275E-003 -3.47716673868793620E-006
 Atom=           5 Dimension=           1
  5.97139831985915309E-013   0.0000000000000000     
 -2.88050908244910251E-003  1.06947743908677428E-009
 Atom=           5 Dimension=           2
   0.0000000000000000        0.0000000000000000     
  5.00643318987630198E-004  3.28426907592253423E-011
 Atom=           5 Dimension=           3
  9.55423731177464495E-012   0.0000000000000000     
 -8.23078083323691245E-004  8.71824154699436346E-011
 Atom=           6 Dimension=           1
   0.0000000000000000        0.0000000000000000     
  9.53945925378608148E-004  7.54784747630196943E-010
 Atom=           6 Dimension=           2
 -5.97139831985915309E-013   0.0000000000000000     
 -1.65836047735492902E-004  2.26913136154647816E-011
 Atom=           6 Dimension=           3
   0.0000000000000000        0.0000000000000000     
  2.72609772351926330E-004  6.21025425265351930E-011
 Atom=           7 Dimension=           1
 -3.98524555329248042E-006  7.79783684468437609E-003
   0.0000000000000000      -1.04224986316665365E-005
 Atom=           7 Dimension=           2
 -2.96528892047229821E-006  2.91893096540272274E-003
   0.0000000000000000      -3.09675552445223276E-006
 Atom=           7 Dimension=           3
 -1.04180538213271499E-005  7.82207755564100909E-003
   0.0000000000000000      -3.45000702770972105E-006
 Atom=           8 Dimension=           1
  1.79141949595774603E-012 -3.16405247079333497E-003
   0.0000000000000000       4.45466314661492813E-010
 Atom=           8 Dimension=           2
 -5.97139831985915309E-013  8.66160256857648582E-004
   0.0000000000000000       2.38855932794366124E-012
 Atom=           8 Dimension=           3
  1.31370763036901366E-011  9.38264594330534031E-003
   0.0000000000000000       3.52312500871689991E-011
 Atom=           9 Dimension=           1
 -5.97139831985915309E-013  3.30467635367820986E-003
   0.0000000000000000       1.43791271542208405E-009
 Atom=           9 Dimension=           2
   0.0000000000000000      -9.04580342681623626E-004
   0.0000000000000000       7.16567798383098412E-012
 Atom=           9 Dimension=           3
   0.0000000000000000      -9.79928352009037766E-003
   0.0000000000000000       1.14650847741295746E-010
 Atom=          10 Dimension=           1
 -4.01033080049437616E-006  5.60638334415115500E-003
   0.0000000000000000      -1.02957700336834952E-005
 Atom=          10 Dimension=           2
 -2.93627120890685836E-006  1.53768590786768772E-003
   0.0000000000000000      -3.23765634063771370E-006
 Atom=          10 Dimension=           3
 -1.04692955845895256E-005  3.86539881194737991E-003
   0.0000000000000000      -3.47716673868793620E-006
 Atom=          11 Dimension=           1
  5.97139831985915309E-013  2.96420017560742851E-003
   0.0000000000000000       1.06947743908677428E-009
 Atom=          11 Dimension=           2
   0.0000000000000000      -5.60224375202140090E-004
   0.0000000000000000       3.28426907592253423E-011
 Atom=          11 Dimension=           3
  9.55423731177464495E-012 -8.65433613257631830E-003
   0.0000000000000000       8.71824154699436346E-011
 Atom=          12 Dimension=           1
   0.0000000000000000      -1.85176424738447715E-003
   0.0000000000000000       7.54784747630196943E-010
 Atom=          12 Dimension=           2
 -5.97139831985915309E-013  3.50008729950987418E-004
   0.0000000000000000       2.26913136154647816E-011
 Atom=          12 Dimension=           3
   0.0000000000000000       5.40667807380496371E-003
   0.0000000000000000       6.21025425265351930E-011
 Atom=           1 Dimension=           1
 -3.98524555329248042E-006   0.0000000000000000     
 -5.47172618342143657E-003 -1.04224986316665365E-005
 Atom=           1 Dimension=           2
 -2.96528892047229821E-006   0.0000000000000000     
 -1.93030456001357683E-003 -3.09675552445223276E-006
 Atom=           1 Dimension=           3
 -1.04180538213271499E-005   0.0000000000000000     
 -1.43955749357272409E-003 -3.45000702770972105E-006
 Atom=           2 Dimension=           1
  1.79141949595774603E-012   0.0000000000000000     
  4.20780347919310542E-004  4.45466314661492813E-010
 Atom=           2 Dimension=           2
 -5.97139831985915309E-013   0.0000000000000000     
 -3.04129965955668231E-005  2.38855932794366124E-012
 Atom=           2 Dimension=           3
  1.31370763036901366E-011   0.0000000000000000     
  1.18671342962707078E-004  3.52312500871689991E-011
 Atom=           3 Dimension=           1
 -5.97139831985915309E-013   0.0000000000000000     
 -1.56822952019895594E-003  1.43791271542208405E-009
 Atom=           3 Dimension=           2
   0.0000000000000000        0.0000000000000000     
  1.13307942940181155E-004  7.16567798383098412E-012
 Atom=           3 Dimension=           3
   0.0000000000000000        0.0000000000000000     
 -4.42193233485498689E-004  1.14650847741295746E-010
 Atom=           4 Dimension=           1
 -4.01033080049437616E-006   0.0000000000000000     
 -6.11013756378621983E-003 -1.02957700336834952E-005
 Atom=           4 Dimension=           2
 -2.93627120890685836E-006   0.0000000000000000     
 -2.69568513394913452E-003 -3.23765634063771370E-006
 Atom=           4 Dimension=           3
 -1.04692955845895256E-005   0.0000000000000000     
 -5.71115360191293275E-003 -3.47716673868793620E-006
 Atom=           5 Dimension=           1
  5.97139831985915309E-013   0.0000000000000000     
 -2.88050908244910251E-003  1.06947743908677428E-009
 Atom=           5 Dimension=           2
   0.0000000000000000        0.0000000000000000     
  5.00643318987630198E-004  3.28426907592253423E-011
 Atom=           5 Dimension=           3
  9.55423731177464495E-012   0.0000000000000000     
 -8.23078083323691245E-004  8.71824154699436346E-011
 Atom=           6 Dimension=           1
   0.0000000000000000        0.0000000000000000     
  9.53945925378608148E-004  7.54784747630196943E-010
 Atom=           6 Dimension=           2
 -5.97139831985915309E-013   0.0000000000000000     
 -1.65836047735492902E-004  2.26913136154647816E-011
 Atom=           6 Dimension=           3
   0.0000000000000000        0.0000000000000000     
  2.72609772351926330E-004  6.21025425265351930E-011
 Atom=           7 Dimension=           1
 -3.98524555329248042E-006  7.79783684468437609E-003
   0.0000000000000000      -1.04224986316665365E-005
 Atom=           7 Dimension=           2
 -2.96528892047229821E-006  2.91893096540272274E-003
   0.0000000000000000      -3.09675552445223276E-006
 Atom=           7 Dimension=           3
 -1.04180538213271499E-005  7.82207755564100909E-003
   0.0000000000000000      -3.45000702770972105E-006
 Atom=           8 Dimension=           1
  1.79141949595774603E-012 -3.16405247079333497E-003
   0.0000000000000000       4.45466314661492813E-010
 Atom=           8 Dimension=           2
 -5.97139831985915309E-013  8.66160256857648582E-004
   0.0000000000000000       2.38855932794366124E-012
 Atom=           8 Dimension=           3
  1.31370763036901366E-011  9.38264594330534031E-003
   0.0000000000000000       3.52312500871689991E-011
 Atom=           9 Dimension=           1
 -5.97139831985915309E-013  3.30467635367820986E-003
   0.0000000000000000       1.43791271542208405E-009
 Atom=           9 Dimension=           2
   0.0000000000000000      -9.04580342681623626E-004
   0.0000000000000000       7.16567798383098412E-012
 Atom=           9 Dimension=           3
   0.0000000000000000      -9.79928352009037766E-003
   0.0000000000000000       1.14650847741295746E-010
 Atom=          10 Dimension=           1
 -4.01033080049437616E-006  5.60638334415115500E-003
   0.0000000000000000      -1.02957700336834952E-005
 Atom=          10 Dimension=           2
 -2.93627120890685836E-006  1.53768590786768772E-003
   0.0000000000000000      -3.23765634063771370E-006
 Atom=          10 Dimension=           3
 -1.04692955845895256E-005  3.86539881194737991E-003
   0.0000000000000000      -3.47716673868793620E-006
 Atom=          11 Dimension=           1
  5.97139831985915309E-013  2.96420017560742851E-003
   0.0000000000000000       1.06947743908677428E-009
 Atom=          11 Dimension=           2
   0.0000000000000000      -5.60224375202140090E-004
   0.0000000000000000       3.28426907592253423E-011
 Atom=          11 Dimension=           3
  9.55423731177464495E-012 -8.65433613257631830E-003
   0.0000000000000000       8.71824154699436346E-011
 Atom=          12 Dimension=           1
   0.0000000000000000      -1.85176424738447715E-003
   0.0000000000000000       7.54784747630196943E-010
 Atom=          12 Dimension=           2
 -5.97139831985915309E-013  3.50008729950987418E-004
   0.0000000000000000       2.26913136154647816E-011
 Atom=          12 Dimension=           3
   0.0000000000000000       5.40667807380496371E-003
   0.0000000000000000       6.21025425265351930E-011
 Atom=           1 Dimension=           1
 -3.98524555329248042E-006   0.0000000000000000     
 -5.47172618342143657E-003 -1.04224986316665365E-005
 Atom=           1 Dimension=           2
 -2.96528892047229821E-006   0.0000000000000000     
 -1.93030456001357683E-003 -3.09675552445223276E-006
 Atom=           1 Dimension=           3
 -1.04180538213271499E-005   0.0000000000000000     
 -1.43955749357272409E-003 -3.45000702770972105E-006
 Atom=           2 Dimension=           1
  1.79141949595774603E-012   0.0000000000000000     
  4.20780347919310542E-004  4.45466314661492813E-010
 Atom=           2 Dimension=           2
 -5.97139831985915309E-013   0.0000000000000000     
 -3.04129965955668231E-005  2.38855932794366124E-012
 Atom=           2 Dimension=           3
  1.31370763036901366E-011   0.0000000000000000     
  1.18671342962707078E-004  3.52312500871689991E-011
 Atom=           3 Dimension=           1
 -5.97139831985915309E-013   0.0000000000000000     
 -1.56822952019895594E-003  1.43791271542208405E-009
 Atom=           3 Dimension=           2
   0.0000000000000000        0.0000000000000000     
  1.13307942940181155E-004  7.16567798383098412E-012
 Atom=           3 Dimension=           3
   0.0000000000000000        0.0000000000000000     
 -4.42193233485498689E-004  1.14650847741295746E-010
 Atom=           4 Dimension=           1
 -4.01033080049437616E-006   0.0000000000000000     
 -6.11013756378621983E-003 -1.02957700336834952E-005
 Atom=           4 Dimension=           2
 -2.93627120890685836E-006   0.0000000000000000     
 -2.69568513394913452E-003 -3.23765634063771370E-006
 Atom=           4 Dimension=           3
 -1.04692955845895256E-005   0.0000000000000000     
 -5.71115360191293275E-003 -3.47716673868793620E-006
 Atom=           5 Dimension=           1
  5.97139831985915309E-013   0.0000000000000000     
 -2.88050908244910251E-003  1.06947743908677428E-009
 Atom=           5 Dimension=           2
   0.0000000000000000        0.0000000000000000     
  5.00643318987630198E-004  3.28426907592253423E-011
 Atom=           5 Dimension=           3
  9.55423731177464495E-012   0.0000000000000000     
 -8.23078083323691245E-004  8.71824154699436346E-011
 Atom=           6 Dimension=           1
   0.0000000000000000        0.0000000000000000     
  9.53945925378608148E-004  7.54784747630196943E-010
 Atom=           6 Dimension=           2
 -5.97139831985915309E-013   0.0000000000000000     
 -1.65836047735492902E-004  2.26913136154647816E-011
 Atom=           6 Dimension=           3
   0.0000000000000000        0.0000000000000000     
  2.72609772351926330E-004  6.21025425265351930E-011
 Atom=           7 Dimension=           1
 -3.98524555329248042E-006  7.79783684468437609E-003
   0.0000000000000000      -1.04224986316665365E-005
 Atom=           7 Dimension=           2
 -2.96528892047229821E-006  2.91893096540272274E-003
   0.0000000000000000      -3.09675552445223276E-006
 Atom=           7 Dimension=           3
 -1.04180538213271499E-005  7.82207755564100909E-003
   0.0000000000000000      -3.45000702770972105E-006
 Atom=           8 Dimension=           1
  1.79141949595774603E-012 -3.16405247079333497E-003
   0.0000000000000000       4.45466314661492813E-010
 Atom=           8 Dimension=           2
 -5.97139831985915309E-013  8.66160256857648582E-004
   0.0000000000000000       2.38855932794366124E-012
 Atom=           8 Dimension=           3
  1.31370763036901366E-011  9.38264594330534031E-003
   0.0000000000000000       3.52312500871689991E-011
 Atom=           9 Dimension=           1
 -5.97139831985915309E-013  3.30467635367820986E-003
   0.0000000000000000       1.43791271542208405E-009
 Atom=           9 Dimension=           2
   0.0000000000000000      -9.04580342681623626E-004
   0.0000000000000000       7.16567798383098412E-012
 Atom=           9 Dimension=           3
   0.0000000000000000      -9.79928352009037766E-003
   0.0000000000000000       1.14650847741295746E-010
 Atom=          10 Dimension=           1
 -4.01033080049437616E-006  5.60638334415115500E-003
   0.0000000000000000      -1.02957700336834952E-005
 Atom=          10 Dimension=           2
 -2.93627120890685836E-006  1.53768590786768772E-003
   0.0000000000000000      -3.23765634063771370E-006
 Atom=          10 Dimension=           3
 -1.04692955845895256E-005  3.86539881194737991E-003
   0.0000000000000000      -3.47716673868793620E-006
 Atom=          11 Dimension=           1
  5.97139831985915309E-013  2.96420017560742851E-003
   0.0000000000000000       1.06947743908677428E-009
 Atom=          11 Dimension=           2
   0.0000000000000000      -5.60224375202140090E-004
   0.0000000000000000       3.28426907592253423E-011
 Atom=          11 Dimension=           3
  9.55423731177464495E-012 -8.65433613257631830E-003
   0.0000000000000000       8.71824154699436346E-011
 Atom=          12 Dimension=           1
   0.0000000000000000      -1.85176424738447715E-003
   0.0000000000000000       7.54784747630196943E-010
 Atom=          12 Dimension=           2
 -5.97139831985915309E-013  3.50008729950987418E-004
   0.0000000000000000       2.26913136154647816E-011
 Atom=          12 Dimension=           3
   0.0000000000000000       5.40667807380496371E-003
   0.0000000000000000       6.21025425265351930E-011
