 Atom=           1 Dimension=           1
 -3.40848371521291609E-006   0.0000000000000000     
  2.11657466081162214E-004 -5.27009162416211856E-006
 Atom=           1 Dimension=           2
 -2.96389459896461065E-006   0.0000000000000000     
 -1.36861665125811928E-003 -8.19688711964511024E-006
 Atom=           1 Dimension=           3
 -1.09499310467956614E-005   0.0000000000000000     
 -3.67873565014239232E-004 -3.51061881064570311E-006
 Atom=           2 Dimension=           1
  5.97139831985915330E-012   0.0000000000000000     
 -4.11052485085275354E-004  8.65255616547591312E-010
 Atom=           2 Dimension=           2
  1.19427966397183062E-012   0.0000000000000000     
  6.29899773207710052E-004  2.03087256858409810E-009
 Atom=           2 Dimension=           3
  1.79739089427760507E-010   0.0000000000000000     
 -1.98488335173668985E-004  2.01236123379253457E-010
 Atom=           3 Dimension=           1
  8.35995764780281494E-012   0.0000000000000000     
  3.93332074052438804E-004  2.34078814138478805E-010
 Atom=           3 Dimension=           2
  1.79141949595774603E-012   0.0000000000000000     
 -6.02776673018963005E-004  5.50562925091013970E-010
 Atom=           3 Dimension=           3
  2.74087182881535086E-010   0.0000000000000000     
  1.89939225435526094E-004  5.43397247107182922E-011
 Atom=           4 Dimension=           1
 -3.52154617100112948E-006   0.0000000000000000     
  1.16074693123502707E-003 -6.18109651179747955E-006
 Atom=           4 Dimension=           2
 -2.99119344352367884E-006   0.0000000000000000     
 -2.61207420789206926E-004 -7.28027150614840882E-006
 Atom=           4 Dimension=           3
 -1.08574705123507940E-005   0.0000000000000000     
 -2.94564574450409400E-003 -3.55865363444039833E-006
 Atom=           5 Dimension=           1
  1.91084746235492899E-011   0.0000000000000000     
  1.59960788532045303E-004  9.21386760754267331E-010
 Atom=           5 Dimension=           2
  4.77711865588732248E-012   0.0000000000000000     
 -1.79284477300771701E-004  1.15665985455671793E-009
 Atom=           5 Dimension=           3
  3.86946611126873099E-010   0.0000000000000000     
  7.07319791078420823E-005  1.79739089427760507E-010
 Atom=           6 Dimension=           1
  3.58283899191549206E-012   0.0000000000000000     
 -1.12148650206009412E-003  6.93876484767633637E-010
 Atom=           6 Dimension=           2
  5.97139831985915309E-013   0.0000000000000000     
  1.25701072322009950E-003  8.72421294531422295E-010
 Atom=           6 Dimension=           3
  6.86710806783802653E-011   0.0000000000000000     
 -4.95892240385126032E-004  1.35550741860802785E-010
 Atom=           7 Dimension=           1
 -3.40848371521291609E-006 -4.28510073566169217E-004
   0.0000000000000000      -5.27009162416211856E-006
 Atom=           7 Dimension=           2
 -2.96389459896461065E-006  3.15604648565898181E-004
   0.0000000000000000      -8.19688711964511024E-006
 Atom=           7 Dimension=           3
 -1.09499310467956614E-005  2.62812750737571096E-003
   0.0000000000000000      -3.51061881064570311E-006
 Atom=           8 Dimension=           1
  5.97139831985915330E-012  8.30637535147514690E-004
   0.0000000000000000       8.65255616547591312E-010
 Atom=           8 Dimension=           2
  1.19427966397183062E-012 -3.96566840296353547E-004
   0.0000000000000000       2.03087256858409810E-009
 Atom=           8 Dimension=           3
  1.79739089427760507E-010 -4.78868222528480974E-003
   0.0000000000000000       2.01236123379253457E-010
 Atom=           9 Dimension=           1
  8.35995764780281494E-012 -6.94146421345256080E-004
   0.0000000000000000       2.34078814138478805E-010
 Atom=           9 Dimension=           2
  1.79141949595774603E-012  3.31434199313928994E-004
   0.0000000000000000       5.50562925091013970E-010
 Atom=           9 Dimension=           3
  2.74087182881535086E-010  4.00215533853963846E-003
   0.0000000000000000       5.43397247107182922E-011
 Atom=          10 Dimension=           1
 -3.52154617100112948E-006 -2.44802964083079284E-004
   0.0000000000000000      -6.18109651179747955E-006
 Atom=          10 Dimension=           2
 -2.99119344352367884E-006  3.40720457705124917E-004
   0.0000000000000000      -7.28027150614840882E-006
 Atom=          10 Dimension=           3
 -1.08574705123507940E-005  2.55317794469192344E-003
   0.0000000000000000      -3.55865363444039833E-006
 Atom=          11 Dimension=           1
  1.91084746235492899E-011 -7.04168457797308008E-004
   0.0000000000000000       9.21386760754267331E-010
 Atom=          11 Dimension=           2
  4.77711865588732248E-012  3.24967451336079086E-004
   0.0000000000000000       1.15665985455671793E-009
 Atom=          11 Dimension=           3
  3.86946611126873099E-010  3.17485558433827078E-003
   0.0000000000000000       1.79739089427760507E-010
 Atom=          12 Dimension=           1
  3.58283899191549206E-012  8.47852332355182722E-004
   0.0000000000000000       6.93876484767633637E-010
 Atom=          12 Dimension=           2
  5.97139831985915309E-013 -3.91241458799165018E-004
   0.0000000000000000       8.72421294531422295E-010
 Atom=          12 Dimension=           3
  6.86710806783802653E-011 -3.82236860424284503E-003
   0.0000000000000000       1.35550741860802785E-010
 Atom=           1 Dimension=           1
 -3.40848371521291609E-006   0.0000000000000000     
  2.11657466081162214E-004 -5.27009162416211856E-006
 Atom=           1 Dimension=           2
 -2.96389459896461065E-006   0.0000000000000000     
 -1.36861665125811928E-003 -8.19688711964511024E-006
 Atom=           1 Dimension=           3
 -1.09499310467956614E-005   0.0000000000000000     
 -3.67873565014239232E-004 -3.51061881064570311E-006
 Atom=           2 Dimension=           1
  5.97139831985915330E-012   0.0000000000000000     
 -4.11052485085275354E-004  8.65255616547591312E-010
 Atom=           2 Dimension=           2
  1.19427966397183062E-012   0.0000000000000000     
  6.29899773207710052E-004  2.03087256858409810E-009
 Atom=           2 Dimension=           3
  1.79739089427760507E-010   0.0000000000000000     
 -1.98488335173668985E-004  2.01236123379253457E-010
 Atom=           3 Dimension=           1
  8.35995764780281494E-012   0.0000000000000000     
  3.93332074052438804E-004  2.34078814138478805E-010
 Atom=           3 Dimension=           2
  1.79141949595774603E-012   0.0000000000000000     
 -6.02776673018963005E-004  5.50562925091013970E-010
 Atom=           3 Dimension=           3
  2.74087182881535086E-010   0.0000000000000000     
  1.89939225435526094E-004  5.43397247107182922E-011
 Atom=           4 Dimension=           1
 -3.52154617100112948E-006   0.0000000000000000     
  1.16074693123502707E-003 -6.18109651179747955E-006
 Atom=           4 Dimension=           2
 -2.99119344352367884E-006   0.0000000000000000     
 -2.61207420789206926E-004 -7.28027150614840882E-006
 Atom=           4 Dimension=           3
 -1.08574705123507940E-005   0.0000000000000000     
 -2.94564574450409400E-003 -3.55865363444039833E-006
 Atom=           5 Dimension=           1
  1.91084746235492899E-011   0.0000000000000000     
  1.59960788532045303E-004  9.21386760754267331E-010
 Atom=           5 Dimension=           2
  4.77711865588732248E-012   0.0000000000000000     
 -1.79284477300771701E-004  1.15665985455671793E-009
 Atom=           5 Dimension=           3
  3.86946611126873099E-010   0.0000000000000000     
  7.07319791078420823E-005  1.79739089427760507E-010
 Atom=           6 Dimension=           1
  3.58283899191549206E-012   0.0000000000000000     
 -1.12148650206009412E-003  6.93876484767633637E-010
 Atom=           6 Dimension=           2
  5.97139831985915309E-013   0.0000000000000000     
  1.25701072322009950E-003  8.72421294531422295E-010
 Atom=           6 Dimension=           3
  6.86710806783802653E-011   0.0000000000000000     
 -4.95892240385126032E-004  1.35550741860802785E-010
 Atom=           7 Dimension=           1
 -3.40848371521291609E-006 -4.28510073566169217E-004
   0.0000000000000000      -5.27009162416211856E-006
 Atom=           7 Dimension=           2
 -2.96389459896461065E-006  3.15604648565898181E-004
   0.0000000000000000      -8.19688711964511024E-006
 Atom=           7 Dimension=           3
 -1.09499310467956614E-005  2.62812750737571096E-003
   0.0000000000000000      -3.51061881064570311E-006
 Atom=           8 Dimension=           1
  5.97139831985915330E-012  8.30637535147514690E-004
   0.0000000000000000       8.65255616547591312E-010
 Atom=           8 Dimension=           2
  1.19427966397183062E-012 -3.96566840296353547E-004
   0.0000000000000000       2.03087256858409810E-009
 Atom=           8 Dimension=           3
  1.79739089427760507E-010 -4.78868222528480974E-003
   0.0000000000000000       2.01236123379253457E-010
 Atom=           9 Dimension=           1
  8.35995764780281494E-012 -6.94146421345256080E-004
   0.0000000000000000       2.34078814138478805E-010
 Atom=           9 Dimension=           2
  1.79141949595774603E-012  3.31434199313928994E-004
   0.0000000000000000       5.50562925091013970E-010
 Atom=           9 Dimension=           3
  2.74087182881535086E-010  4.00215533853963846E-003
   0.0000000000000000       5.43397247107182922E-011
 Atom=          10 Dimension=           1
 -3.52154617100112948E-006 -2.44802964083079284E-004
   0.0000000000000000      -6.18109651179747955E-006
 Atom=          10 Dimension=           2
 -2.99119344352367884E-006  3.40720457705124917E-004
   0.0000000000000000      -7.28027150614840882E-006
 Atom=          10 Dimension=           3
 -1.08574705123507940E-005  2.55317794469192344E-003
   0.0000000000000000      -3.55865363444039833E-006
 Atom=          11 Dimension=           1
  1.91084746235492899E-011 -7.04168457797308008E-004
   0.0000000000000000       9.21386760754267331E-010
 Atom=          11 Dimension=           2
  4.77711865588732248E-012  3.24967451336079086E-004
   0.0000000000000000       1.15665985455671793E-009
 Atom=          11 Dimension=           3
  3.86946611126873099E-010  3.17485558433827078E-003
   0.0000000000000000       1.79739089427760507E-010
 Atom=          12 Dimension=           1
  3.58283899191549206E-012  8.47852332355182722E-004
   0.0000000000000000       6.93876484767633637E-010
 Atom=          12 Dimension=           2
  5.97139831985915309E-013 -3.91241458799165018E-004
   0.0000000000000000       8.72421294531422295E-010
 Atom=          12 Dimension=           3
  6.86710806783802653E-011 -3.82236860424284503E-003
   0.0000000000000000       1.35550741860802785E-010
 Atom=           1 Dimension=           1
 -3.40846818957728447E-006   0.0000000000000000     
  2.11673498416765899E-004 -5.27002205737169268E-006
 Atom=           1 Dimension=           2
 -2.96389937608326670E-006   0.0000000000000000     
 -1.36861309336487689E-003 -8.19694026509015573E-006
 Atom=           1 Dimension=           3
 -1.09499668751855803E-005   0.0000000000000000     
 -3.67868991862571821E-004 -3.51063105201225899E-006
 Atom=           2 Dimension=           1
  5.37425848787323748E-012   0.0000000000000000     
 -4.11057692149275386E-004  8.65255616547591312E-010
 Atom=           2 Dimension=           2
  1.19427966397183062E-012   0.0000000000000000     
  6.29920042665037369E-004  2.03146970841608392E-009
 Atom=           2 Dimension=           3
  1.79141949595774583E-010   0.0000000000000000     
 -1.98496039188956244E-004  2.01833263211239355E-010
 Atom=           3 Dimension=           1
  7.76281781581689912E-012   0.0000000000000000     
  3.93336519913021153E-004  2.34675953970464729E-010
 Atom=           3 Dimension=           2
  1.79141949595774603E-012   0.0000000000000000     
 -6.02795246345499600E-004  5.50562925091013970E-010
 Atom=           3 Dimension=           3
  2.74087182881535086E-010   0.0000000000000000     
  1.89946338299290844E-004  5.43397247107182922E-011
 Atom=           4 Dimension=           1
 -3.52158438795037699E-006   0.0000000000000000     
  1.16083168134134616E-003 -6.18110128891613517E-006
 Atom=           4 Dimension=           2
 -2.99121464198771443E-006   0.0000000000000000     
 -2.61261981014215220E-004 -7.28027031186874491E-006
 Atom=           4 Dimension=           3
 -1.08574299068422195E-005   0.0000000000000000     
 -2.94564356784776660E-003 -3.55863631738527085E-006
 Atom=           5 Dimension=           1
  1.85113347915633757E-011   0.0000000000000000     
  1.60000559990225157E-004  9.21983900586253255E-010
 Atom=           5 Dimension=           2
  4.17997882390140747E-012   0.0000000000000000     
 -1.79328638267378052E-004  1.15725699438870396E-009
 Atom=           5 Dimension=           3
  3.86946611126873099E-010   0.0000000000000000     
  7.07484471677506573E-005  1.80336229259746405E-010
 Atom=           6 Dimension=           1
  2.98569915992957665E-012   0.0000000000000000     
 -1.12151402576337179E-003  6.93876484767633637E-010
 Atom=           6 Dimension=           2
  5.97139831985915309E-013   0.0000000000000000     
  1.25703865542183772E-003  8.73018434363408219E-010
 Atom=           6 Dimension=           3
  6.86710806783802653E-011   0.0000000000000000     
 -4.95896571302705349E-004  1.36147881692788683E-010
 Atom=           7 Dimension=           1
 -3.40846818957728447E-006 -4.28636327456938064E-004
   0.0000000000000000      -5.27002205737169268E-006
 Atom=           7 Dimension=           2
 -2.96389937608326670E-006  3.15612122513529865E-004
   0.0000000000000000      -8.19694026509015573E-006
 Atom=           7 Dimension=           3
 -1.09499668751855803E-005  2.62810881549621622E-003
   0.0000000000000000      -3.51063105201225899E-006
 Atom=           8 Dimension=           1
  5.37425848787323748E-012  8.30616070660016742E-004
   0.0000000000000000       8.65255616547591312E-010
 Atom=           8 Dimension=           2
  1.19427966397183062E-012 -3.96584101682478853E-004
   0.0000000000000000       2.03146970841608392E-009
 Atom=           8 Dimension=           3
  1.79141949595774583E-010 -4.78881634208312701E-003
   0.0000000000000000       2.01833263211239355E-010
 Atom=           9 Dimension=           1
  7.76281781581689912E-012 -6.94126734253506725E-004
   0.0000000000000000       2.34675953970464729E-010
 Atom=           9 Dimension=           2
  1.79141949595774603E-012  3.31447791066729496E-004
   0.0000000000000000       5.50562925091013970E-010
 Atom=           9 Dimension=           3
  2.74087182881535086E-010  4.00225735113772518E-003
   0.0000000000000000       5.43397247107182922E-011
 Atom=          10 Dimension=           1
 -3.52158438795037699E-006 -2.44792255050225538E-004
   0.0000000000000000      -6.18110128891613517E-006
 Atom=          10 Dimension=           2
 -2.99121464198771443E-006  3.40788751259306301E-004
   0.0000000000000000      -7.28027031186874491E-006
 Atom=          10 Dimension=           3
 -1.08574299068422195E-005  2.55319383339032207E-003
   0.0000000000000000      -3.55863631738527085E-006
 Atom=          11 Dimension=           1
  1.85113347915633757E-011 -7.04194137177358015E-004
   0.0000000000000000       9.21983900586253255E-010
 Atom=          11 Dimension=           2
  4.17997882390140747E-012  3.25000069361723706E-004
   0.0000000000000000       1.15725699438870396E-009
 Atom=          11 Dimension=           3
  3.86946611126873099E-010  3.17477844881767710E-003
   0.0000000000000000       1.80336229259746405E-010
 Atom=          12 Dimension=           1
  2.98569915992957665E-012  8.47883053208392024E-004
   0.0000000000000000       6.93876484767633637E-010
 Atom=          12 Dimension=           2
  5.97139831985915309E-013 -3.91280637799287486E-004
   0.0000000000000000       8.73018434363408219E-010
 Atom=          12 Dimension=           3
  6.86710806783802653E-011 -3.82227485199843281E-003
   0.0000000000000000       1.36147881692788683E-010
 Atom=           1 Dimension=           1
 -3.40846818957728447E-006   0.0000000000000000     
  2.11673498416765899E-004 -5.27002205737169268E-006
 Atom=           1 Dimension=           2
 -2.96389937608326670E-006   0.0000000000000000     
 -1.36861309336487689E-003 -8.19694026509015573E-006
 Atom=           1 Dimension=           3
 -1.09499668751855803E-005   0.0000000000000000     
 -3.67868991862571821E-004 -3.51063105201225899E-006
 Atom=           2 Dimension=           1
  5.37425848787323748E-012   0.0000000000000000     
 -4.11057692149275386E-004  8.65255616547591312E-010
 Atom=           2 Dimension=           2
  1.19427966397183062E-012   0.0000000000000000     
  6.29920042665037369E-004  2.03146970841608392E-009
 Atom=           2 Dimension=           3
  1.79141949595774583E-010   0.0000000000000000     
 -1.98496039188956244E-004  2.01833263211239355E-010
 Atom=           3 Dimension=           1
  7.76281781581689912E-012   0.0000000000000000     
  3.93336519913021153E-004  2.34675953970464729E-010
 Atom=           3 Dimension=           2
  1.79141949595774603E-012   0.0000000000000000     
 -6.02795246345499600E-004  5.50562925091013970E-010
 Atom=           3 Dimension=           3
  2.74087182881535086E-010   0.0000000000000000     
  1.89946338299290844E-004  5.43397247107182922E-011
 Atom=           4 Dimension=           1
 -3.52158438795037699E-006   0.0000000000000000     
  1.16083168134134616E-003 -6.18110128891613517E-006
 Atom=           4 Dimension=           2
 -2.99121464198771443E-006   0.0000000000000000     
 -2.61261981014215220E-004 -7.28027031186874491E-006
 Atom=           4 Dimension=           3
 -1.08574299068422195E-005   0.0000000000000000     
 -2.94564356784776660E-003 -3.55863631738527085E-006
 Atom=           5 Dimension=           1
  1.85113347915633757E-011   0.0000000000000000     
  1.60000559990225157E-004  9.21983900586253255E-010
 Atom=           5 Dimension=           2
  4.17997882390140747E-012   0.0000000000000000     
 -1.79328638267378052E-004  1.15725699438870396E-009
 Atom=           5 Dimension=           3
  3.86946611126873099E-010   0.0000000000000000     
  7.07484471677506573E-005  1.80336229259746405E-010
 Atom=           6 Dimension=           1
  2.98569915992957665E-012   0.0000000000000000     
 -1.12151402576337179E-003  6.93876484767633637E-010
 Atom=           6 Dimension=           2
  5.97139831985915309E-013   0.0000000000000000     
  1.25703865542183772E-003  8.73018434363408219E-010
 Atom=           6 Dimension=           3
  6.86710806783802653E-011   0.0000000000000000     
 -4.95896571302705349E-004  1.36147881692788683E-010
 Atom=           7 Dimension=           1
 -3.40846818957728447E-006 -4.28636327456938064E-004
   0.0000000000000000      -5.27002205737169268E-006
 Atom=           7 Dimension=           2
 -2.96389937608326670E-006  3.15612122513529865E-004
   0.0000000000000000      -8.19694026509015573E-006
 Atom=           7 Dimension=           3
 -1.09499668751855803E-005  2.62810881549621622E-003
   0.0000000000000000      -3.51063105201225899E-006
 Atom=           8 Dimension=           1
  5.37425848787323748E-012  8.30616070660016742E-004
   0.0000000000000000       8.65255616547591312E-010
 Atom=           8 Dimension=           2
  1.19427966397183062E-012 -3.96584101682478853E-004
   0.0000000000000000       2.03146970841608392E-009
 Atom=           8 Dimension=           3
  1.79141949595774583E-010 -4.78881634208312701E-003
   0.0000000000000000       2.01833263211239355E-010
 Atom=           9 Dimension=           1
  7.76281781581689912E-012 -6.94126734253506725E-004
   0.0000000000000000       2.34675953970464729E-010
 Atom=           9 Dimension=           2
  1.79141949595774603E-012  3.31447791066729496E-004
   0.0000000000000000       5.50562925091013970E-010
 Atom=           9 Dimension=           3
  2.74087182881535086E-010  4.00225735113772518E-003
   0.0000000000000000       5.43397247107182922E-011
 Atom=          10 Dimension=           1
 -3.52158438795037699E-006 -2.44792255050225538E-004
   0.0000000000000000      -6.18110128891613517E-006
 Atom=          10 Dimension=           2
 -2.99121464198771443E-006  3.40788751259306301E-004
   0.0000000000000000      -7.28027031186874491E-006
 Atom=          10 Dimension=           3
 -1.08574299068422195E-005  2.55319383339032207E-003
   0.0000000000000000      -3.55863631738527085E-006
 Atom=          11 Dimension=           1
  1.85113347915633757E-011 -7.04194137177358015E-004
   0.0000000000000000       9.21983900586253255E-010
 Atom=          11 Dimension=           2
  4.17997882390140747E-012  3.25000069361723706E-004
   0.0000000000000000       1.15725699438870396E-009
 Atom=          11 Dimension=           3
  3.86946611126873099E-010  3.17477844881767710E-003
   0.0000000000000000       1.80336229259746405E-010
 Atom=          12 Dimension=           1
  2.98569915992957665E-012  8.47883053208392024E-004
   0.0000000000000000       6.93876484767633637E-010
 Atom=          12 Dimension=           2
  5.97139831985915309E-013 -3.91280637799287486E-004
   0.0000000000000000       8.73018434363408219E-010
 Atom=          12 Dimension=           3
  6.86710806783802653E-011 -3.82227485199843281E-003
   0.0000000000000000       1.36147881692788683E-010
 Atom=           1 Dimension=           1
 -3.40846818957728447E-006   0.0000000000000000     
  2.11673498416765899E-004 -5.27002205737169268E-006
 Atom=           1 Dimension=           2
 -2.96389937608326670E-006   0.0000000000000000     
 -1.36861309336487689E-003 -8.19694026509015573E-006
 Atom=           1 Dimension=           3
 -1.09499668751855803E-005   0.0000000000000000     
 -3.67868991862571821E-004 -3.51063105201225899E-006
 Atom=           2 Dimension=           1
  5.37425848787323748E-012   0.0000000000000000     
 -4.11057692149275386E-004  8.65255616547591312E-010
 Atom=           2 Dimension=           2
  1.19427966397183062E-012   0.0000000000000000     
  6.29920042665037369E-004  2.03146970841608392E-009
 Atom=           2 Dimension=           3
  1.79141949595774583E-010   0.0000000000000000     
 -1.98496039188956244E-004  2.01833263211239355E-010
 Atom=           3 Dimension=           1
  7.76281781581689912E-012   0.0000000000000000     
  3.93336519913021153E-004  2.34675953970464729E-010
 Atom=           3 Dimension=           2
  1.79141949595774603E-012   0.0000000000000000     
 -6.02795246345499600E-004  5.50562925091013970E-010
 Atom=           3 Dimension=           3
  2.74087182881535086E-010   0.0000000000000000     
  1.89946338299290844E-004  5.43397247107182922E-011
 Atom=           4 Dimension=           1
 -3.52158438795037699E-006   0.0000000000000000     
  1.16083168134134616E-003 -6.18110128891613517E-006
 Atom=           4 Dimension=           2
 -2.99121464198771443E-006   0.0000000000000000     
 -2.61261981014215220E-004 -7.28027031186874491E-006
 Atom=           4 Dimension=           3
 -1.08574299068422195E-005   0.0000000000000000     
 -2.94564356784776660E-003 -3.55863631738527085E-006
 Atom=           5 Dimension=           1
  1.85113347915633757E-011   0.0000000000000000     
  1.60000559990225157E-004  9.21983900586253255E-010
 Atom=           5 Dimension=           2
  4.17997882390140747E-012   0.0000000000000000     
 -1.79328638267378052E-004  1.15725699438870396E-009
 Atom=           5 Dimension=           3
  3.86946611126873099E-010   0.0000000000000000     
  7.07484471677506573E-005  1.80336229259746405E-010
 Atom=           6 Dimension=           1
  2.98569915992957665E-012   0.0000000000000000     
 -1.12151402576337179E-003  6.93876484767633637E-010
 Atom=           6 Dimension=           2
  5.97139831985915309E-013   0.0000000000000000     
  1.25703865542183772E-003  8.73018434363408219E-010
 Atom=           6 Dimension=           3
  6.86710806783802653E-011   0.0000000000000000     
 -4.95896571302705349E-004  1.36147881692788683E-010
 Atom=           7 Dimension=           1
 -3.40846818957728447E-006 -4.28636327456938064E-004
   0.0000000000000000      -5.27002205737169268E-006
 Atom=           7 Dimension=           2
 -2.96389937608326670E-006  3.15612122513529865E-004
   0.0000000000000000      -8.19694026509015573E-006
 Atom=           7 Dimension=           3
 -1.09499668751855803E-005  2.62810881549621622E-003
   0.0000000000000000      -3.51063105201225899E-006
 Atom=           8 Dimension=           1
  5.37425848787323748E-012  8.30616070660016742E-004
   0.0000000000000000       8.65255616547591312E-010
 Atom=           8 Dimension=           2
  1.19427966397183062E-012 -3.96584101682478853E-004
   0.0000000000000000       2.03146970841608392E-009
 Atom=           8 Dimension=           3
  1.79141949595774583E-010 -4.78881634208312701E-003
   0.0000000000000000       2.01833263211239355E-010
 Atom=           9 Dimension=           1
  7.76281781581689912E-012 -6.94126734253506725E-004
   0.0000000000000000       2.34675953970464729E-010
 Atom=           9 Dimension=           2
  1.79141949595774603E-012  3.31447791066729496E-004
   0.0000000000000000       5.50562925091013970E-010
 Atom=           9 Dimension=           3
  2.74087182881535086E-010  4.00225735113772518E-003
   0.0000000000000000       5.43397247107182922E-011
 Atom=          10 Dimension=           1
 -3.52158438795037699E-006 -2.44792255050225538E-004
   0.0000000000000000      -6.18110128891613517E-006
 Atom=          10 Dimension=           2
 -2.99121464198771443E-006  3.40788751259306301E-004
   0.0000000000000000      -7.28027031186874491E-006
 Atom=          10 Dimension=           3
 -1.08574299068422195E-005  2.55319383339032207E-003
   0.0000000000000000      -3.55863631738527085E-006
 Atom=          11 Dimension=           1
  1.85113347915633757E-011 -7.04194137177358015E-004
   0.0000000000000000       9.21983900586253255E-010
 Atom=          11 Dimension=           2
  4.17997882390140747E-012  3.25000069361723706E-004
   0.0000000000000000       1.15725699438870396E-009
 Atom=          11 Dimension=           3
  3.86946611126873099E-010  3.17477844881767710E-003
   0.0000000000000000       1.80336229259746405E-010
 Atom=          12 Dimension=           1
  2.98569915992957665E-012  8.47883053208392024E-004
   0.0000000000000000       6.93876484767633637E-010
 Atom=          12 Dimension=           2
  5.97139831985915309E-013 -3.91280637799287486E-004
   0.0000000000000000       8.73018434363408219E-010
 Atom=          12 Dimension=           3
  6.86710806783802653E-011 -3.82227485199843281E-003
   0.0000000000000000       1.36147881692788683E-010
