 Atom=           1 Dimension=           1
 -3.14157773595084397E-006   0.0000000000000000     
  3.38559548970415215E-003 -2.98402716840001598E-006
 Atom=           1 Dimension=           2
 -9.75591651290923208E-006   0.0000000000000000     
 -9.79328021203610495E-004 -3.24131501638829138E-006
 Atom=           1 Dimension=           3
 -4.50450401983146458E-006   0.0000000000000000     
  1.82676035027732990E-003 -1.06624756944954576E-005
 Atom=           2 Dimension=           1
  5.97139831985915309E-013   0.0000000000000000     
 -1.07223740492823295E-004  2.38855932794366124E-012
 Atom=           2 Dimension=           2
  4.89654662228450548E-011   0.0000000000000000     
  3.48365426217900277E-004  2.74684322713521016E-011
 Atom=           2 Dimension=           3
  1.07485169757464750E-011   0.0000000000000000     
 -1.57097695383410433E-003  5.49368645427042123E-010
 Atom=           3 Dimension=           1
  5.97139831985915309E-013   0.0000000000000000     
  2.14099177812231218E-005  1.19427966397183062E-012
 Atom=           3 Dimension=           2
  4.06055085750422366E-011   0.0000000000000000     
 -6.95560350702662536E-005  4.77711865588732248E-012
 Atom=           3 Dimension=           3
  8.95709747978872914E-012   0.0000000000000000     
  3.13697659029810638E-004  9.25566739578168850E-011
 Atom=           4 Dimension=           1
 -3.07492319648507995E-006   0.0000000000000000     
  4.17013218969995605E-004 -3.05660712641857605E-006
 Atom=           4 Dimension=           2
 -9.60326279055060439E-006   0.0000000000000000     
 -7.66177111138764905E-004 -3.25954450117915747E-006
 Atom=           4 Dimension=           3
 -4.73023840195777224E-006   0.0000000000000000     
  2.13090413817737219E-003 -1.05650099339788829E-005
 Atom=           5 Dimension=           1
   0.0000000000000000        0.0000000000000000     
  1.34005238487139788E-004   0.0000000000000000     
 Atom=           5 Dimension=           2
  1.80933369091732354E-010   0.0000000000000000     
 -2.32293466061762757E-004   0.0000000000000000     
 Atom=           5 Dimension=           3
  4.71740467268873089E-011   0.0000000000000000     
  1.04595501022367921E-003  5.97139831985915309E-013
 Atom=           6 Dimension=           1
   0.0000000000000000        0.0000000000000000     
 -1.59527812479285747E-004  1.31370763036901366E-011
 Atom=           6 Dimension=           2
  5.97139831985915309E-013   0.0000000000000000     
  2.76538735292761629E-004  4.00083687430563256E-011
 Atom=           6 Dimension=           3
 -5.97139831985915309E-013   0.0000000000000000     
 -1.24526076194933261E-003  8.01361654525098386E-010
 Atom=           7 Dimension=           1
 -3.14157773595084397E-006  7.73945113826439868E-004
   0.0000000000000000      -2.98402716840001598E-006
 Atom=           7 Dimension=           2
 -9.75591651290923208E-006  2.20940951004625248E-003
   0.0000000000000000      -3.24131501638829138E-006
 Atom=           7 Dimension=           3
 -4.50450401983146458E-006 -5.22660064984681251E-004
   0.0000000000000000      -1.06624756944954576E-005
 Atom=           8 Dimension=           1
  5.97139831985915309E-013 -7.17052081212719579E-005
   0.0000000000000000       2.38855932794366124E-012
 Atom=           8 Dimension=           2
  4.89654662228450548E-011  6.01870576211962376E-004
   0.0000000000000000       2.74684322713521016E-011
 Atom=           8 Dimension=           3
  1.07485169757464750E-011 -2.83855761362038911E-004
   0.0000000000000000       5.49368645427042123E-010
 Atom=           9 Dimension=           1
  5.97139831985915309E-013 -2.46329101450112883E-005
   0.0000000000000000       1.19427966397183062E-012
 Atom=           9 Dimension=           2
  4.06055085750422366E-011  2.06765852223430338E-004
   0.0000000000000000       4.77711865588732248E-012
 Atom=           9 Dimension=           3
  8.95709747978872914E-012 -9.75153086886385381E-005
   0.0000000000000000       9.25566739578168850E-011
 Atom=          10 Dimension=           1
 -3.07492319648507995E-006  2.89262777164137367E-003
   0.0000000000000000      -3.05660712641857605E-006
 Atom=          10 Dimension=           2
 -9.60326279055060439E-006 -2.11155200983573644E-003
   0.0000000000000000      -3.25954450117915747E-006
 Atom=          10 Dimension=           3
 -4.73023840195777224E-006  2.21094611984785049E-003
   0.0000000000000000      -1.05650099339788829E-005
 Atom=          11 Dimension=           1
   0.0000000000000000       1.91139717192987887E-004
   0.0000000000000000        0.0000000000000000     
 Atom=          11 Dimension=           2
  1.80933369091732354E-010 -3.66374158023566755E-003
   0.0000000000000000        0.0000000000000000     
 Atom=          11 Dimension=           3
  4.71740467268873089E-011  1.87823441140295543E-003
   0.0000000000000000       5.97139831985915309E-013
 Atom=          12 Dimension=           1
   0.0000000000000000      -6.96334919346048025E-005
   0.0000000000000000       1.31370763036901366E-011
 Atom=          12 Dimension=           2
  5.97139831985915309E-013  1.33464419017578296E-003
   0.0000000000000000       4.00083687430563256E-011
 Atom=          12 Dimension=           3
 -5.97139831985915309E-013 -6.84250954642078458E-004
   0.0000000000000000       8.01361654525098386E-010
 Atom=           1 Dimension=           1
 -3.14157773595084397E-006   0.0000000000000000     
  3.38559548970415215E-003 -2.98402716840001598E-006
 Atom=           1 Dimension=           2
 -9.75591651290923208E-006   0.0000000000000000     
 -9.79328021203610495E-004 -3.24131501638829138E-006
 Atom=           1 Dimension=           3
 -4.50450401983146458E-006   0.0000000000000000     
  1.82676035027732990E-003 -1.06624756944954576E-005
 Atom=           2 Dimension=           1
  5.97139831985915309E-013   0.0000000000000000     
 -1.07223740492823295E-004  2.38855932794366124E-012
 Atom=           2 Dimension=           2
  4.89654662228450548E-011   0.0000000000000000     
  3.48365426217900277E-004  2.74684322713521016E-011
 Atom=           2 Dimension=           3
  1.07485169757464750E-011   0.0000000000000000     
 -1.57097695383410433E-003  5.49368645427042123E-010
 Atom=           3 Dimension=           1
  5.97139831985915309E-013   0.0000000000000000     
  2.14099177812231218E-005  1.19427966397183062E-012
 Atom=           3 Dimension=           2
  4.06055085750422366E-011   0.0000000000000000     
 -6.95560350702662536E-005  4.77711865588732248E-012
 Atom=           3 Dimension=           3
  8.95709747978872914E-012   0.0000000000000000     
  3.13697659029810638E-004  9.25566739578168850E-011
 Atom=           4 Dimension=           1
 -3.07492319648507995E-006   0.0000000000000000     
  4.17013218969995605E-004 -3.05660712641857605E-006
 Atom=           4 Dimension=           2
 -9.60326279055060439E-006   0.0000000000000000     
 -7.66177111138764905E-004 -3.25954450117915747E-006
 Atom=           4 Dimension=           3
 -4.73023840195777224E-006   0.0000000000000000     
  2.13090413817737219E-003 -1.05650099339788829E-005
 Atom=           5 Dimension=           1
   0.0000000000000000        0.0000000000000000     
  1.34005238487139788E-004   0.0000000000000000     
 Atom=           5 Dimension=           2
  1.80933369091732354E-010   0.0000000000000000     
 -2.32293466061762757E-004   0.0000000000000000     
 Atom=           5 Dimension=           3
  4.71740467268873089E-011   0.0000000000000000     
  1.04595501022367921E-003  5.97139831985915309E-013
 Atom=           6 Dimension=           1
   0.0000000000000000        0.0000000000000000     
 -1.59527812479285747E-004  1.31370763036901366E-011
 Atom=           6 Dimension=           2
  5.97139831985915309E-013   0.0000000000000000     
  2.76538735292761629E-004  4.00083687430563256E-011
 Atom=           6 Dimension=           3
 -5.97139831985915309E-013   0.0000000000000000     
 -1.24526076194933261E-003  8.01361654525098386E-010
 Atom=           7 Dimension=           1
 -3.14157773595084397E-006  7.73945113826439868E-004
   0.0000000000000000      -2.98402716840001598E-006
 Atom=           7 Dimension=           2
 -9.75591651290923208E-006  2.20940951004625248E-003
   0.0000000000000000      -3.24131501638829138E-006
 Atom=           7 Dimension=           3
 -4.50450401983146458E-006 -5.22660064984681251E-004
   0.0000000000000000      -1.06624756944954576E-005
 Atom=           8 Dimension=           1
  5.97139831985915309E-013 -7.17052081212719579E-005
   0.0000000000000000       2.38855932794366124E-012
 Atom=           8 Dimension=           2
  4.89654662228450548E-011  6.01870576211962376E-004
   0.0000000000000000       2.74684322713521016E-011
 Atom=           8 Dimension=           3
  1.07485169757464750E-011 -2.83855761362038911E-004
   0.0000000000000000       5.49368645427042123E-010
 Atom=           9 Dimension=           1
  5.97139831985915309E-013 -2.46329101450112883E-005
   0.0000000000000000       1.19427966397183062E-012
 Atom=           9 Dimension=           2
  4.06055085750422366E-011  2.06765852223430338E-004
   0.0000000000000000       4.77711865588732248E-012
 Atom=           9 Dimension=           3
  8.95709747978872914E-012 -9.75153086886385381E-005
   0.0000000000000000       9.25566739578168850E-011
 Atom=          10 Dimension=           1
 -3.07492319648507995E-006  2.89262777164137367E-003
   0.0000000000000000      -3.05660712641857605E-006
 Atom=          10 Dimension=           2
 -9.60326279055060439E-006 -2.11155200983573644E-003
   0.0000000000000000      -3.25954450117915747E-006
 Atom=          10 Dimension=           3
 -4.73023840195777224E-006  2.21094611984785049E-003
   0.0000000000000000      -1.05650099339788829E-005
 Atom=          11 Dimension=           1
   0.0000000000000000       1.91139717192987887E-004
   0.0000000000000000        0.0000000000000000     
 Atom=          11 Dimension=           2
  1.80933369091732354E-010 -3.66374158023566755E-003
   0.0000000000000000        0.0000000000000000     
 Atom=          11 Dimension=           3
  4.71740467268873089E-011  1.87823441140295543E-003
   0.0000000000000000       5.97139831985915309E-013
 Atom=          12 Dimension=           1
   0.0000000000000000      -6.96334919346048025E-005
   0.0000000000000000       1.31370763036901366E-011
 Atom=          12 Dimension=           2
  5.97139831985915309E-013  1.33464419017578296E-003
   0.0000000000000000       4.00083687430563256E-011
 Atom=          12 Dimension=           3
 -5.97139831985915309E-013 -6.84250954642078458E-004
   0.0000000000000000       8.01361654525098386E-010
 Atom=           1 Dimension=           1
 -3.14158609590849173E-006   0.0000000000000000     
  3.38565972966205567E-003 -2.98400477565631649E-006
 Atom=           1 Dimension=           2
 -9.75593532281393944E-006   0.0000000000000000     
 -9.79208489927357222E-004 -3.24134845621888285E-006
 Atom=           1 Dimension=           3
 -4.50448550849667235E-006   0.0000000000000000     
  1.82672647162826973E-003 -1.06624482260631861E-005
 Atom=           2 Dimension=           1
  5.97139831985915309E-013   0.0000000000000000     
 -1.07188384907026734E-004  2.38855932794366124E-012
 Atom=           2 Dimension=           2
  4.89654662228450548E-011   0.0000000000000000     
  3.48386544777161975E-004  2.68712924393661874E-011
 Atom=           2 Dimension=           3
  1.07485169757464750E-011   0.0000000000000000     
 -1.57096787764921452E-003  5.49368645427042123E-010
 Atom=           3 Dimension=           1
   0.0000000000000000        0.0000000000000000     
  2.14006621091621835E-005   0.0000000000000000     
 Atom=           3 Dimension=           2
  4.12026484070281605E-011   0.0000000000000000     
 -6.95531140768053104E-005  4.17997882390140747E-012
 Atom=           3 Dimension=           3
  9.55423731177464495E-012   0.0000000000000000     
  3.13663665762558901E-004  9.25566739578168850E-011
 Atom=           4 Dimension=           1
 -3.07492140506558409E-006   0.0000000000000000     
  4.16955986975182892E-004 -3.05660712641857605E-006
 Atom=           4 Dimension=           2
 -9.60329533467144835E-006   0.0000000000000000     
 -7.66205473797264931E-004 -3.25950837421932221E-006
 Atom=           4 Dimension=           3
 -4.73022556345138441E-006   0.0000000000000000     
  2.13092595525028305E-003 -1.05650478523582162E-005
 Atom=           5 Dimension=           1
  1.19427966397183062E-012   0.0000000000000000     
  1.34006832705871396E-004   0.0000000000000000     
 Atom=           5 Dimension=           2
  1.80933369091732354E-010   0.0000000000000000     
 -2.32276374571541573E-004  5.97139831985915309E-013
 Atom=           5 Dimension=           3
  4.77711865588732264E-011   0.0000000000000000     
  1.04594025214598940E-003   0.0000000000000000     
 Atom=           6 Dimension=           1
   0.0000000000000000        0.0000000000000000     
 -1.59531094490426688E-004  1.31370763036901366E-011
 Atom=           6 Dimension=           2
  1.19427966397183062E-012   0.0000000000000000     
  2.76520787014180106E-004  4.00083687430563256E-011
 Atom=           6 Dimension=           3
   0.0000000000000000        0.0000000000000000     
 -1.24525399531937183E-003  8.01361654525098386E-010
 Atom=           7 Dimension=           1
 -3.14158609590849173E-006  7.73947082344547503E-004
   0.0000000000000000      -2.98400477565631649E-006
 Atom=           7 Dimension=           2
 -9.75593532281393944E-006  2.20938367715198996E-003
   0.0000000000000000      -3.24134845621888285E-006
 Atom=           7 Dimension=           3
 -4.50448550849667235E-006 -5.22628076096583161E-004
   0.0000000000000000      -1.06624482260631861E-005
 Atom=           8 Dimension=           1
  5.97139831985915309E-013 -7.16998264358574170E-005
   0.0000000000000000       2.38855932794366124E-012
 Atom=           8 Dimension=           2
  4.89654662228450548E-011  6.01796996114702478E-004
   0.0000000000000000       2.68712924393661874E-011
 Atom=           8 Dimension=           3
  1.07485169757464750E-011 -2.83819113383704919E-004
   0.0000000000000000       5.49368645427042123E-010
 Atom=           9 Dimension=           1
   0.0000000000000000      -2.46390867121801396E-005
   0.0000000000000000        0.0000000000000000     
 Atom=           9 Dimension=           2
  4.12026484070281605E-011  2.06807936684088786E-004
   0.0000000000000000       4.17997882390140747E-012
 Atom=           9 Dimension=           3
  9.55423731177464495E-012 -9.75344870612785211E-005
   0.0000000000000000       9.25566739578168850E-011
 Atom=          10 Dimension=           1
 -3.07492140506558409E-006  2.89267196465409606E-003
   0.0000000000000000      -3.05660712641857605E-006
 Atom=          10 Dimension=           2
 -9.60329533467144835E-006 -2.11144018833915245E-003
   0.0000000000000000      -3.25950837421932221E-006
 Atom=          10 Dimension=           3
 -4.73022556345138441E-006  2.21089088586891996E-003
   0.0000000000000000      -1.05650478523582162E-005
 Atom=          11 Dimension=           1
  1.19427966397183062E-012  1.91117622165481061E-004
   0.0000000000000000        0.0000000000000000     
 Atom=          11 Dimension=           2
  1.80933369091732354E-010 -3.66364424329407475E-003
   0.0000000000000000       5.97139831985915309E-013
 Atom=          11 Dimension=           3
  4.77711865588732264E-011  1.87817111326985626E-003
   0.0000000000000000        0.0000000000000000     
 Atom=          12 Dimension=           1
   0.0000000000000000      -6.96253372717651749E-005
   0.0000000000000000       1.31370763036901366E-011
 Atom=          12 Dimension=           2
  1.19427966397183062E-012  1.33460671013440973E-003
   0.0000000000000000       4.00083687430563256E-011
 Atom=          12 Dimension=           3
   0.0000000000000000      -6.84226861024875331E-004
   0.0000000000000000       8.01361654525098386E-010
 Atom=           1 Dimension=           1
 -3.14158609590849173E-006   0.0000000000000000     
  3.38565972966205567E-003 -2.98400477565631649E-006
 Atom=           1 Dimension=           2
 -9.75593532281393944E-006   0.0000000000000000     
 -9.79208489927357222E-004 -3.24134845621888285E-006
 Atom=           1 Dimension=           3
 -4.50448550849667235E-006   0.0000000000000000     
  1.82672647162826973E-003 -1.06624482260631861E-005
 Atom=           2 Dimension=           1
  5.97139831985915309E-013   0.0000000000000000     
 -1.07188384907026734E-004  2.38855932794366124E-012
 Atom=           2 Dimension=           2
  4.89654662228450548E-011   0.0000000000000000     
  3.48386544777161975E-004  2.68712924393661874E-011
 Atom=           2 Dimension=           3
  1.07485169757464750E-011   0.0000000000000000     
 -1.57096787764921452E-003  5.49368645427042123E-010
 Atom=           3 Dimension=           1
   0.0000000000000000        0.0000000000000000     
  2.14006621091621835E-005   0.0000000000000000     
 Atom=           3 Dimension=           2
  4.12026484070281605E-011   0.0000000000000000     
 -6.95531140768053104E-005  4.17997882390140747E-012
 Atom=           3 Dimension=           3
  9.55423731177464495E-012   0.0000000000000000     
  3.13663665762558901E-004  9.25566739578168850E-011
 Atom=           4 Dimension=           1
 -3.07492140506558409E-006   0.0000000000000000     
  4.16955986975182892E-004 -3.05660712641857605E-006
 Atom=           4 Dimension=           2
 -9.60329533467144835E-006   0.0000000000000000     
 -7.66205473797264931E-004 -3.25950837421932221E-006
 Atom=           4 Dimension=           3
 -4.73022556345138441E-006   0.0000000000000000     
  2.13092595525028305E-003 -1.05650478523582162E-005
 Atom=           5 Dimension=           1
  1.19427966397183062E-012   0.0000000000000000     
  1.34006832705871396E-004   0.0000000000000000     
 Atom=           5 Dimension=           2
  1.80933369091732354E-010   0.0000000000000000     
 -2.32276374571541573E-004  5.97139831985915309E-013
 Atom=           5 Dimension=           3
  4.77711865588732264E-011   0.0000000000000000     
  1.04594025214598940E-003   0.0000000000000000     
 Atom=           6 Dimension=           1
   0.0000000000000000        0.0000000000000000     
 -1.59531094490426688E-004  1.31370763036901366E-011
 Atom=           6 Dimension=           2
  1.19427966397183062E-012   0.0000000000000000     
  2.76520787014180106E-004  4.00083687430563256E-011
 Atom=           6 Dimension=           3
   0.0000000000000000        0.0000000000000000     
 -1.24525399531937183E-003  8.01361654525098386E-010
 Atom=           7 Dimension=           1
 -3.14158609590849173E-006  7.73947082344547503E-004
   0.0000000000000000      -2.98400477565631649E-006
 Atom=           7 Dimension=           2
 -9.75593532281393944E-006  2.20938367715198996E-003
   0.0000000000000000      -3.24134845621888285E-006
 Atom=           7 Dimension=           3
 -4.50448550849667235E-006 -5.22628076096583161E-004
   0.0000000000000000      -1.06624482260631861E-005
 Atom=           8 Dimension=           1
  5.97139831985915309E-013 -7.16998264358574170E-005
   0.0000000000000000       2.38855932794366124E-012
 Atom=           8 Dimension=           2
  4.89654662228450548E-011  6.01796996114702478E-004
   0.0000000000000000       2.68712924393661874E-011
 Atom=           8 Dimension=           3
  1.07485169757464750E-011 -2.83819113383704919E-004
   0.0000000000000000       5.49368645427042123E-010
 Atom=           9 Dimension=           1
   0.0000000000000000      -2.46390867121801396E-005
   0.0000000000000000        0.0000000000000000     
 Atom=           9 Dimension=           2
  4.12026484070281605E-011  2.06807936684088786E-004
   0.0000000000000000       4.17997882390140747E-012
 Atom=           9 Dimension=           3
  9.55423731177464495E-012 -9.75344870612785211E-005
   0.0000000000000000       9.25566739578168850E-011
 Atom=          10 Dimension=           1
 -3.07492140506558409E-006  2.89267196465409606E-003
   0.0000000000000000      -3.05660712641857605E-006
 Atom=          10 Dimension=           2
 -9.60329533467144835E-006 -2.11144018833915245E-003
   0.0000000000000000      -3.25950837421932221E-006
 Atom=          10 Dimension=           3
 -4.73022556345138441E-006  2.21089088586891996E-003
   0.0000000000000000      -1.05650478523582162E-005
 Atom=          11 Dimension=           1
  1.19427966397183062E-012  1.91117622165481061E-004
   0.0000000000000000        0.0000000000000000     
 Atom=          11 Dimension=           2
  1.80933369091732354E-010 -3.66364424329407475E-003
   0.0000000000000000       5.97139831985915309E-013
 Atom=          11 Dimension=           3
  4.77711865588732264E-011  1.87817111326985626E-003
   0.0000000000000000        0.0000000000000000     
 Atom=          12 Dimension=           1
   0.0000000000000000      -6.96253372717651749E-005
   0.0000000000000000       1.31370763036901366E-011
 Atom=          12 Dimension=           2
  1.19427966397183062E-012  1.33460671013440973E-003
   0.0000000000000000       4.00083687430563256E-011
 Atom=          12 Dimension=           3
   0.0000000000000000      -6.84226861024875331E-004
   0.0000000000000000       8.01361654525098386E-010
 Atom=           1 Dimension=           1
 -3.14158609590849173E-006   0.0000000000000000     
  3.38565972966205567E-003 -2.98400477565631649E-006
 Atom=           1 Dimension=           2
 -9.75593532281393944E-006   0.0000000000000000     
 -9.79208489927357222E-004 -3.24134845621888285E-006
 Atom=           1 Dimension=           3
 -4.50448550849667235E-006   0.0000000000000000     
  1.82672647162826973E-003 -1.06624482260631861E-005
 Atom=           2 Dimension=           1
  5.97139831985915309E-013   0.0000000000000000     
 -1.07188384907026734E-004  2.38855932794366124E-012
 Atom=           2 Dimension=           2
  4.89654662228450548E-011   0.0000000000000000     
  3.48386544777161975E-004  2.68712924393661874E-011
 Atom=           2 Dimension=           3
  1.07485169757464750E-011   0.0000000000000000     
 -1.57096787764921452E-003  5.49368645427042123E-010
 Atom=           3 Dimension=           1
   0.0000000000000000        0.0000000000000000     
  2.14006621091621835E-005   0.0000000000000000     
 Atom=           3 Dimension=           2
  4.12026484070281605E-011   0.0000000000000000     
 -6.95531140768053104E-005  4.17997882390140747E-012
 Atom=           3 Dimension=           3
  9.55423731177464495E-012   0.0000000000000000     
  3.13663665762558901E-004  9.25566739578168850E-011
 Atom=           4 Dimension=           1
 -3.07492140506558409E-006   0.0000000000000000     
  4.16955986975182892E-004 -3.05660712641857605E-006
 Atom=           4 Dimension=           2
 -9.60329533467144835E-006   0.0000000000000000     
 -7.66205473797264931E-004 -3.25950837421932221E-006
 Atom=           4 Dimension=           3
 -4.73022556345138441E-006   0.0000000000000000     
  2.13092595525028305E-003 -1.05650478523582162E-005
 Atom=           5 Dimension=           1
  1.19427966397183062E-012   0.0000000000000000     
  1.34006832705871396E-004   0.0000000000000000     
 Atom=           5 Dimension=           2
  1.80933369091732354E-010   0.0000000000000000     
 -2.32276374571541573E-004  5.97139831985915309E-013
 Atom=           5 Dimension=           3
  4.77711865588732264E-011   0.0000000000000000     
  1.04594025214598940E-003   0.0000000000000000     
 Atom=           6 Dimension=           1
   0.0000000000000000        0.0000000000000000     
 -1.59531094490426688E-004  1.31370763036901366E-011
 Atom=           6 Dimension=           2
  1.19427966397183062E-012   0.0000000000000000     
  2.76520787014180106E-004  4.00083687430563256E-011
 Atom=           6 Dimension=           3
   0.0000000000000000        0.0000000000000000     
 -1.24525399531937183E-003  8.01361654525098386E-010
 Atom=           7 Dimension=           1
 -3.14158609590849173E-006  7.73947082344547503E-004
   0.0000000000000000      -2.98400477565631649E-006
 Atom=           7 Dimension=           2
 -9.75593532281393944E-006  2.20938367715198996E-003
   0.0000000000000000      -3.24134845621888285E-006
 Atom=           7 Dimension=           3
 -4.50448550849667235E-006 -5.22628076096583161E-004
   0.0000000000000000      -1.06624482260631861E-005
 Atom=           8 Dimension=           1
  5.97139831985915309E-013 -7.16998264358574170E-005
   0.0000000000000000       2.38855932794366124E-012
 Atom=           8 Dimension=           2
  4.89654662228450548E-011  6.01796996114702478E-004
   0.0000000000000000       2.68712924393661874E-011
 Atom=           8 Dimension=           3
  1.07485169757464750E-011 -2.83819113383704919E-004
   0.0000000000000000       5.49368645427042123E-010
 Atom=           9 Dimension=           1
   0.0000000000000000      -2.46390867121801396E-005
   0.0000000000000000        0.0000000000000000     
 Atom=           9 Dimension=           2
  4.12026484070281605E-011  2.06807936684088786E-004
   0.0000000000000000       4.17997882390140747E-012
 Atom=           9 Dimension=           3
  9.55423731177464495E-012 -9.75344870612785211E-005
   0.0000000000000000       9.25566739578168850E-011
 Atom=          10 Dimension=           1
 -3.07492140506558409E-006  2.89267196465409606E-003
   0.0000000000000000      -3.05660712641857605E-006
 Atom=          10 Dimension=           2
 -9.60329533467144835E-006 -2.11144018833915245E-003
   0.0000000000000000      -3.25950837421932221E-006
 Atom=          10 Dimension=           3
 -4.73022556345138441E-006  2.21089088586891996E-003
   0.0000000000000000      -1.05650478523582162E-005
 Atom=          11 Dimension=           1
  1.19427966397183062E-012  1.91117622165481061E-004
   0.0000000000000000        0.0000000000000000     
 Atom=          11 Dimension=           2
  1.80933369091732354E-010 -3.66364424329407475E-003
   0.0000000000000000       5.97139831985915309E-013
 Atom=          11 Dimension=           3
  4.77711865588732264E-011  1.87817111326985626E-003
   0.0000000000000000        0.0000000000000000     
 Atom=          12 Dimension=           1
   0.0000000000000000      -6.96253372717651749E-005
   0.0000000000000000       1.31370763036901366E-011
 Atom=          12 Dimension=           2
  1.19427966397183062E-012  1.33460671013440973E-003
   0.0000000000000000       4.00083687430563256E-011
 Atom=          12 Dimension=           3
   0.0000000000000000      -6.84226861024875331E-004
   0.0000000000000000       8.01361654525098386E-010
