 Atom=           1 Dimension=           1
 -9.76581440419431603E-006   0.0000000000000000     
  4.48696356898257813E-003 -3.40389170990494504E-006
 Atom=           1 Dimension=           2
 -3.03585144156849374E-006   0.0000000000000000     
  3.40071465019481964E-004 -3.90303343121407104E-006
 Atom=           1 Dimension=           3
 -4.37634228625165540E-006   0.0000000000000000     
  8.66080654068690460E-004 -9.57709224170407357E-006
 Atom=           2 Dimension=           1
  5.91168433666056123E-011   0.0000000000000000     
  9.92081653811731226E-004  1.19427966397183062E-012
 Atom=           2 Dimension=           2
  5.97139831985915309E-013   0.0000000000000000     
  1.66796032138931708E-003  3.58283899191549206E-012
 Atom=           2 Dimension=           3
  1.19427966397183066E-011   0.0000000000000000     
  4.07135964621043248E-003  2.03027542875211183E-011
 Atom=           3 Dimension=           1
  5.97139831985915309E-013   0.0000000000000000     
 -4.80551430188455185E-004  1.01513771437605591E-011
 Atom=           3 Dimension=           2
  5.97139831985915309E-013   0.0000000000000000     
 -8.07832707229473091E-004  2.80655721033380223E-011
 Atom=           3 Dimension=           3
   0.0000000000000000        0.0000000000000000     
 -1.97186217451758702E-003  1.64810593628112642E-010
 Atom=           4 Dimension=           1
 -9.99670449162998904E-006   0.0000000000000000     
  8.09639754111823699E-003 -3.40249917981675376E-006
 Atom=           4 Dimension=           2
 -3.02334046637864063E-006   0.0000000000000000     
  6.95152910103216844E-004 -3.63828820243403974E-006
 Atom=           4 Dimension=           3
 -4.23745084560080722E-006   0.0000000000000000     
 -4.21748261305919785E-003 -9.86667042610698788E-006
 Atom=           5 Dimension=           1
  1.49284957996478808E-011   0.0000000000000000     
 -1.60954652205942835E-003  5.97139831985915309E-013
 Atom=           5 Dimension=           2
 -5.97139831985915309E-013   0.0000000000000000     
 -2.31263966044647270E-003  1.19427966397183062E-012
 Atom=           5 Dimension=           3
  2.38855932794366124E-012   0.0000000000000000     
 -6.69766507254159274E-003  1.31370763036901366E-011
 Atom=           6 Dimension=           1
  1.61227754636197157E-011   0.0000000000000000     
  1.22693214759376731E-003  2.38855932794366124E-012
 Atom=           6 Dimension=           2
   0.0000000000000000        0.0000000000000000     
  1.76311600824890320E-003  3.58283899191549206E-012
 Atom=           6 Dimension=           3
  2.38855932794366124E-012   0.0000000000000000     
  5.10620924243509414E-003  3.22455509272394314E-011
 Atom=           7 Dimension=           1
 -9.76581440419431603E-006  5.13606411116496620E-003
   0.0000000000000000      -3.40389170990494504E-006
 Atom=           7 Dimension=           2
 -3.03585144156849374E-006  9.78351392346556202E-004
   0.0000000000000000      -3.90303343121407104E-006
 Atom=           7 Dimension=           3
 -4.37634228625165540E-006 -8.49041988647094236E-004
   0.0000000000000000      -9.57709224170407357E-006
 Atom=           8 Dimension=           1
  5.91168433666056123E-011  7.21555476381204150E-004
   0.0000000000000000       1.19427966397183062E-012
 Atom=           8 Dimension=           2
  5.97139831985915309E-013  5.51820309746005238E-005
   0.0000000000000000       3.58283899191549206E-012
 Atom=           8 Dimension=           3
  1.19427966397183066E-011 -3.28257081247964070E-004
   0.0000000000000000       2.03027542875211183E-011
 Atom=           9 Dimension=           1
  5.97139831985915309E-013 -2.12596480090193561E-005
   0.0000000000000000       1.01513771437605591E-011
 Atom=           9 Dimension=           2
  5.97139831985915309E-013 -1.62250927613437342E-006
   0.0000000000000000       2.80655721033380223E-011
 Atom=           9 Dimension=           3
   0.0000000000000000       9.64049679165239427E-006
   0.0000000000000000       1.64810593628112642E-010
 Atom=          10 Dimension=           1
 -9.99670449162998904E-006  6.50467918607947840E-003
   0.0000000000000000      -3.40249917981675376E-006
 Atom=          10 Dimension=           2
 -3.02334046637864063E-006  2.90221792555648238E-004
   0.0000000000000000      -3.63828820243403974E-006
 Atom=          10 Dimension=           3
 -4.23745084560080722E-006 -1.52020242927178198E-003
   0.0000000000000000      -9.86667042610698788E-006
 Atom=          11 Dimension=           1
  1.49284957996478808E-011  1.97656770900210739E-004
   0.0000000000000000       5.97139831985915309E-013
 Atom=          11 Dimension=           2
 -5.97139831985915309E-013  1.24030745040754771E-005
   0.0000000000000000       1.19427966397183062E-012
 Atom=          11 Dimension=           3
  2.38855932794366124E-012 -8.29973224979330403E-005
   0.0000000000000000       1.31370763036901366E-011
 Atom=          12 Dimension=           1
  1.61227754636197157E-011  1.74956104414181874E-004
   0.0000000000000000       2.38855932794366124E-012
 Atom=          12 Dimension=           2
   0.0000000000000000       1.09798424714227659E-005
   0.0000000000000000       3.58283899191549206E-012
 Atom=          12 Dimension=           3
  2.38855932794366124E-012 -7.34756551332993728E-005
   0.0000000000000000       3.22455509272394314E-011
 Atom=           1 Dimension=           1
 -9.76581440419431603E-006   0.0000000000000000     
  4.48696356898257813E-003 -3.40389170990494504E-006
 Atom=           1 Dimension=           2
 -3.03585144156849374E-006   0.0000000000000000     
  3.40071465019481964E-004 -3.90303343121407104E-006
 Atom=           1 Dimension=           3
 -4.37634228625165540E-006   0.0000000000000000     
  8.66080654068690460E-004 -9.57709224170407357E-006
 Atom=           2 Dimension=           1
  5.91168433666056123E-011   0.0000000000000000     
  9.92081653811731226E-004  1.19427966397183062E-012
 Atom=           2 Dimension=           2
  5.97139831985915309E-013   0.0000000000000000     
  1.66796032138931708E-003  3.58283899191549206E-012
 Atom=           2 Dimension=           3
  1.19427966397183066E-011   0.0000000000000000     
  4.07135964621043248E-003  2.03027542875211183E-011
 Atom=           3 Dimension=           1
  5.97139831985915309E-013   0.0000000000000000     
 -4.80551430188455185E-004  1.01513771437605591E-011
 Atom=           3 Dimension=           2
  5.97139831985915309E-013   0.0000000000000000     
 -8.07832707229473091E-004  2.80655721033380223E-011
 Atom=           3 Dimension=           3
   0.0000000000000000        0.0000000000000000     
 -1.97186217451758702E-003  1.64810593628112642E-010
 Atom=           4 Dimension=           1
 -9.99670449162998904E-006   0.0000000000000000     
  8.09639754111823699E-003 -3.40249917981675376E-006
 Atom=           4 Dimension=           2
 -3.02334046637864063E-006   0.0000000000000000     
  6.95152910103216844E-004 -3.63828820243403974E-006
 Atom=           4 Dimension=           3
 -4.23745084560080722E-006   0.0000000000000000     
 -4.21748261305919785E-003 -9.86667042610698788E-006
 Atom=           5 Dimension=           1
  1.49284957996478808E-011   0.0000000000000000     
 -1.60954652205942835E-003  5.97139831985915309E-013
 Atom=           5 Dimension=           2
 -5.97139831985915309E-013   0.0000000000000000     
 -2.31263966044647270E-003  1.19427966397183062E-012
 Atom=           5 Dimension=           3
  2.38855932794366124E-012   0.0000000000000000     
 -6.69766507254159274E-003  1.31370763036901366E-011
 Atom=           6 Dimension=           1
  1.61227754636197157E-011   0.0000000000000000     
  1.22693214759376731E-003  2.38855932794366124E-012
 Atom=           6 Dimension=           2
   0.0000000000000000        0.0000000000000000     
  1.76311600824890320E-003  3.58283899191549206E-012
 Atom=           6 Dimension=           3
  2.38855932794366124E-012   0.0000000000000000     
  5.10620924243509414E-003  3.22455509272394314E-011
 Atom=           7 Dimension=           1
 -9.76581440419431603E-006  5.13606411116496620E-003
   0.0000000000000000      -3.40389170990494504E-006
 Atom=           7 Dimension=           2
 -3.03585144156849374E-006  9.78351392346556202E-004
   0.0000000000000000      -3.90303343121407104E-006
 Atom=           7 Dimension=           3
 -4.37634228625165540E-006 -8.49041988647094236E-004
   0.0000000000000000      -9.57709224170407357E-006
 Atom=           8 Dimension=           1
  5.91168433666056123E-011  7.21555476381204150E-004
   0.0000000000000000       1.19427966397183062E-012
 Atom=           8 Dimension=           2
  5.97139831985915309E-013  5.51820309746005238E-005
   0.0000000000000000       3.58283899191549206E-012
 Atom=           8 Dimension=           3
  1.19427966397183066E-011 -3.28257081247964070E-004
   0.0000000000000000       2.03027542875211183E-011
 Atom=           9 Dimension=           1
  5.97139831985915309E-013 -2.12596480090193561E-005
   0.0000000000000000       1.01513771437605591E-011
 Atom=           9 Dimension=           2
  5.97139831985915309E-013 -1.62250927613437342E-006
   0.0000000000000000       2.80655721033380223E-011
 Atom=           9 Dimension=           3
   0.0000000000000000       9.64049679165239427E-006
   0.0000000000000000       1.64810593628112642E-010
 Atom=          10 Dimension=           1
 -9.99670449162998904E-006  6.50467918607947840E-003
   0.0000000000000000      -3.40249917981675376E-006
 Atom=          10 Dimension=           2
 -3.02334046637864063E-006  2.90221792555648238E-004
   0.0000000000000000      -3.63828820243403974E-006
 Atom=          10 Dimension=           3
 -4.23745084560080722E-006 -1.52020242927178198E-003
   0.0000000000000000      -9.86667042610698788E-006
 Atom=          11 Dimension=           1
  1.49284957996478808E-011  1.97656770900210739E-004
   0.0000000000000000       5.97139831985915309E-013
 Atom=          11 Dimension=           2
 -5.97139831985915309E-013  1.24030745040754771E-005
   0.0000000000000000       1.19427966397183062E-012
 Atom=          11 Dimension=           3
  2.38855932794366124E-012 -8.29973224979330403E-005
   0.0000000000000000       1.31370763036901366E-011
 Atom=          12 Dimension=           1
  1.61227754636197157E-011  1.74956104414181874E-004
   0.0000000000000000       2.38855932794366124E-012
 Atom=          12 Dimension=           2
   0.0000000000000000       1.09798424714227659E-005
   0.0000000000000000       3.58283899191549206E-012
 Atom=          12 Dimension=           3
  2.38855932794366124E-012 -7.34756551332993728E-005
   0.0000000000000000       3.22455509272394314E-011
 Atom=           1 Dimension=           1
 -9.76588337384490911E-006   0.0000000000000000     
  4.48685258110252932E-003 -3.40386304719300962E-006
 Atom=           1 Dimension=           2
 -3.03584576874008976E-006   0.0000000000000000     
  3.40076914405624978E-004 -3.90300864991104416E-006
 Atom=           1 Dimension=           3
 -4.37627570516038843E-006   0.0000000000000000     
  8.66107073755471315E-004 -9.57715673280592785E-006
 Atom=           2 Dimension=           1
  5.85197035346197013E-011   0.0000000000000000     
  9.92055656732005950E-004  5.97139831985915309E-013
 Atom=           2 Dimension=           2
   0.0000000000000000        0.0000000000000000     
  1.66795267893249865E-003  2.98569915992957665E-012
 Atom=           2 Dimension=           3
  1.19427966397183066E-011   0.0000000000000000     
  4.07142400855401137E-003  1.97056144555352041E-011
 Atom=           3 Dimension=           1
 -5.97139831985915309E-013   0.0000000000000000     
 -4.80554243426167360E-004  8.95709747978872914E-012
 Atom=           3 Dimension=           2
 -5.97139831985915309E-013   0.0000000000000000     
 -8.07854903868719556E-004  2.74684322713521016E-011
 Atom=           3 Dimension=           3
 -5.97139831985915309E-013   0.0000000000000000     
 -1.97195656340315570E-003  1.64213453796126718E-010
 Atom=           4 Dimension=           1
 -9.99673196006225887E-006   0.0000000000000000     
  8.09634324879150019E-003 -3.40247827992263415E-006
 Atom=           4 Dimension=           2
 -3.02333479355023708E-006   0.0000000000000000     
  6.95101733334893188E-004 -3.63832343368412707E-006
 Atom=           4 Dimension=           3
 -4.23741412150114128E-006   0.0000000000000000     
 -4.21748909051486518E-003 -9.86665012335269979E-006
 Atom=           5 Dimension=           1
  1.43313559676619682E-011   0.0000000000000000     
 -1.60949447568756350E-003  5.97139831985915309E-013
 Atom=           5 Dimension=           2
 -5.97139831985915309E-013   0.0000000000000000     
 -2.31267021750988268E-003  1.19427966397183062E-012
 Atom=           5 Dimension=           3
  2.38855932794366124E-012   0.0000000000000000     
 -6.69761811393172063E-003  1.25399364717042208E-011
 Atom=           6 Dimension=           1
  1.61227754636197157E-011   0.0000000000000000     
  1.22688400147803636E-003  1.79141949595774603E-012
 Atom=           6 Dimension=           2
   0.0000000000000000        0.0000000000000000     
  1.76312712768301777E-003  3.58283899191549206E-012
 Atom=           6 Dimension=           3
  2.38855932794366124E-012   0.0000000000000000     
  5.10613817269969360E-003  3.16484110952535139E-011
 Atom=           7 Dimension=           1
 -9.76588247813516203E-006  5.13600267320175104E-003
   0.0000000000000000      -3.40386304719300962E-006
 Atom=           7 Dimension=           2
 -3.03584487303034183E-006  9.78314483674699127E-004
   0.0000000000000000      -3.90300864991104416E-006
 Atom=           7 Dimension=           3
 -4.37627451088072538E-006 -8.49074105495727072E-004
   0.0000000000000000      -9.57715673280592785E-006
 Atom=           8 Dimension=           1
  5.94154132825985742E-011  7.21513852450645678E-004
   0.0000000000000000       5.97139831985915309E-013
 Atom=           8 Dimension=           2
  8.95709747978873015E-013  5.51775935911877967E-005
   0.0000000000000000       2.98569915992957665E-012
 Atom=           8 Dimension=           3
  1.28385063876971795E-011 -3.28228255292927168E-004
   0.0000000000000000       1.97056144555352041E-011
 Atom=           9 Dimension=           1
  2.98569915992957655E-013 -2.12478688473542229E-005
   0.0000000000000000       8.95709747978872914E-012
 Atom=           9 Dimension=           2
  2.98569915992957655E-013 -1.62157156133133846E-006
   0.0000000000000000       2.74684322713521016E-011
 Atom=           9 Dimension=           3
 -2.98569915992957655E-013  9.63484753161127255E-006
   0.0000000000000000       1.64213453796126718E-010
 Atom=          10 Dimension=           1
 -9.99673076578259665E-006  6.50457682509724289E-003
   0.0000000000000000      -3.40247827992263415E-006
 Atom=          10 Dimension=           2
 -3.02333419641040470E-006  2.90168233796534640E-004
   0.0000000000000000      -3.63832343368412707E-006
 Atom=          10 Dimension=           3
 -4.23741322579139250E-006 -1.52022843232290554E-003
   0.0000000000000000      -9.86665012335269979E-006
 Atom=          11 Dimension=           1
  1.58242055476267570E-011  1.97698101000650663E-004
   0.0000000000000000       5.97139831985915309E-013
 Atom=          11 Dimension=           2
  2.98569915992957655E-013  1.24050054303646818E-005
   0.0000000000000000       1.19427966397183062E-012
 Atom=          11 Dimension=           3
  3.28426907592253415E-012 -8.30134990719634021E-005
   0.0000000000000000       1.25399364717042208E-011
 Atom=          12 Dimension=           1
  1.70184852115985854E-011  1.74918202922711655E-004
   0.0000000000000000       1.79141949595774603E-012
 Atom=          12 Dimension=           2
  2.98569915992957655E-013  1.09768791090246760E-005
   0.0000000000000000       3.58283899191549206E-012
 Atom=          12 Dimension=           3
  2.68712924393661874E-012 -7.34587102828932929E-005
   0.0000000000000000       3.16484110952535139E-011
 Atom=           1 Dimension=           1
 -9.76588337384490911E-006   0.0000000000000000     
  4.48685258110252932E-003 -3.40386304719300962E-006
 Atom=           1 Dimension=           2
 -3.03584576874008976E-006   0.0000000000000000     
  3.40076914405624978E-004 -3.90300864991104416E-006
 Atom=           1 Dimension=           3
 -4.37627570516038843E-006   0.0000000000000000     
  8.66107073755471315E-004 -9.57715673280592785E-006
 Atom=           2 Dimension=           1
  5.85197035346197013E-011   0.0000000000000000     
  9.92055656732005950E-004  5.97139831985915309E-013
 Atom=           2 Dimension=           2
   0.0000000000000000        0.0000000000000000     
  1.66795267893249865E-003  2.98569915992957665E-012
 Atom=           2 Dimension=           3
  1.19427966397183066E-011   0.0000000000000000     
  4.07142400855401137E-003  1.97056144555352041E-011
 Atom=           3 Dimension=           1
 -5.97139831985915309E-013   0.0000000000000000     
 -4.80554243426167360E-004  8.95709747978872914E-012
 Atom=           3 Dimension=           2
 -5.97139831985915309E-013   0.0000000000000000     
 -8.07854903868719556E-004  2.74684322713521016E-011
 Atom=           3 Dimension=           3
 -5.97139831985915309E-013   0.0000000000000000     
 -1.97195656340315570E-003  1.64213453796126718E-010
 Atom=           4 Dimension=           1
 -9.99673196006225887E-006   0.0000000000000000     
  8.09634324879150019E-003 -3.40247827992263415E-006
 Atom=           4 Dimension=           2
 -3.02333479355023708E-006   0.0000000000000000     
  6.95101733334893188E-004 -3.63832343368412707E-006
 Atom=           4 Dimension=           3
 -4.23741412150114128E-006   0.0000000000000000     
 -4.21748909051486518E-003 -9.86665012335269979E-006
 Atom=           5 Dimension=           1
  1.43313559676619682E-011   0.0000000000000000     
 -1.60949447568756350E-003  5.97139831985915309E-013
 Atom=           5 Dimension=           2
 -5.97139831985915309E-013   0.0000000000000000     
 -2.31267021750988268E-003  1.19427966397183062E-012
 Atom=           5 Dimension=           3
  2.38855932794366124E-012   0.0000000000000000     
 -6.69761811393172063E-003  1.25399364717042208E-011
 Atom=           6 Dimension=           1
  1.61227754636197157E-011   0.0000000000000000     
  1.22688400147803636E-003  1.79141949595774603E-012
 Atom=           6 Dimension=           2
   0.0000000000000000        0.0000000000000000     
  1.76312712768301777E-003  3.58283899191549206E-012
 Atom=           6 Dimension=           3
  2.38855932794366124E-012   0.0000000000000000     
  5.10613817269969360E-003  3.16484110952535139E-011
 Atom=           7 Dimension=           1
 -9.76588247813516203E-006  5.13600267320175104E-003
   0.0000000000000000      -3.40386304719300962E-006
 Atom=           7 Dimension=           2
 -3.03584487303034183E-006  9.78314483674699127E-004
   0.0000000000000000      -3.90300864991104416E-006
 Atom=           7 Dimension=           3
 -4.37627451088072538E-006 -8.49074105495727072E-004
   0.0000000000000000      -9.57715673280592785E-006
 Atom=           8 Dimension=           1
  5.94154132825985742E-011  7.21513852450645678E-004
   0.0000000000000000       5.97139831985915309E-013
 Atom=           8 Dimension=           2
  8.95709747978873015E-013  5.51775935911877967E-005
   0.0000000000000000       2.98569915992957665E-012
 Atom=           8 Dimension=           3
  1.28385063876971795E-011 -3.28228255292927168E-004
   0.0000000000000000       1.97056144555352041E-011
 Atom=           9 Dimension=           1
  2.98569915992957655E-013 -2.12478688473542229E-005
   0.0000000000000000       8.95709747978872914E-012
 Atom=           9 Dimension=           2
  2.98569915992957655E-013 -1.62157156133133846E-006
   0.0000000000000000       2.74684322713521016E-011
 Atom=           9 Dimension=           3
 -2.98569915992957655E-013  9.63484753161127255E-006
   0.0000000000000000       1.64213453796126718E-010
 Atom=          10 Dimension=           1
 -9.99673076578259665E-006  6.50457682509724289E-003
   0.0000000000000000      -3.40247827992263415E-006
 Atom=          10 Dimension=           2
 -3.02333419641040470E-006  2.90168233796534640E-004
   0.0000000000000000      -3.63832343368412707E-006
 Atom=          10 Dimension=           3
 -4.23741322579139250E-006 -1.52022843232290554E-003
   0.0000000000000000      -9.86665012335269979E-006
 Atom=          11 Dimension=           1
  1.58242055476267570E-011  1.97698101000650663E-004
   0.0000000000000000       5.97139831985915309E-013
 Atom=          11 Dimension=           2
  2.98569915992957655E-013  1.24050054303646818E-005
   0.0000000000000000       1.19427966397183062E-012
 Atom=          11 Dimension=           3
  3.28426907592253415E-012 -8.30134990719634021E-005
   0.0000000000000000       1.25399364717042208E-011
 Atom=          12 Dimension=           1
  1.70184852115985854E-011  1.74918202922711655E-004
   0.0000000000000000       1.79141949595774603E-012
 Atom=          12 Dimension=           2
  2.98569915992957655E-013  1.09768791090246760E-005
   0.0000000000000000       3.58283899191549206E-012
 Atom=          12 Dimension=           3
  2.68712924393661874E-012 -7.34587102828932929E-005
   0.0000000000000000       3.16484110952535139E-011
 Atom=           1 Dimension=           1
 -9.76588337384490911E-006   0.0000000000000000     
  4.48685258110252932E-003 -3.40386304719300962E-006
 Atom=           1 Dimension=           2
 -3.03584576874008976E-006   0.0000000000000000     
  3.40076914405624978E-004 -3.90300864991104416E-006
 Atom=           1 Dimension=           3
 -4.37627570516038843E-006   0.0000000000000000     
  8.66107073755471315E-004 -9.57715673280592785E-006
 Atom=           2 Dimension=           1
  5.85197035346197013E-011   0.0000000000000000     
  9.92055656732005950E-004  5.97139831985915309E-013
 Atom=           2 Dimension=           2
   0.0000000000000000        0.0000000000000000     
  1.66795267893249865E-003  2.98569915992957665E-012
 Atom=           2 Dimension=           3
  1.19427966397183066E-011   0.0000000000000000     
  4.07142400855401137E-003  1.97056144555352041E-011
 Atom=           3 Dimension=           1
 -5.97139831985915309E-013   0.0000000000000000     
 -4.80554243426167360E-004  8.95709747978872914E-012
 Atom=           3 Dimension=           2
 -5.97139831985915309E-013   0.0000000000000000     
 -8.07854903868719556E-004  2.74684322713521016E-011
 Atom=           3 Dimension=           3
 -5.97139831985915309E-013   0.0000000000000000     
 -1.97195656340315570E-003  1.64213453796126718E-010
 Atom=           4 Dimension=           1
 -9.99673196006225887E-006   0.0000000000000000     
  8.09634324879150019E-003 -3.40247827992263415E-006
 Atom=           4 Dimension=           2
 -3.02333479355023708E-006   0.0000000000000000     
  6.95101733334893188E-004 -3.63832343368412707E-006
 Atom=           4 Dimension=           3
 -4.23741412150114128E-006   0.0000000000000000     
 -4.21748909051486518E-003 -9.86665012335269979E-006
 Atom=           5 Dimension=           1
  1.43313559676619682E-011   0.0000000000000000     
 -1.60949447568756350E-003  5.97139831985915309E-013
 Atom=           5 Dimension=           2
 -5.97139831985915309E-013   0.0000000000000000     
 -2.31267021750988268E-003  1.19427966397183062E-012
 Atom=           5 Dimension=           3
  2.38855932794366124E-012   0.0000000000000000     
 -6.69761811393172063E-003  1.25399364717042208E-011
 Atom=           6 Dimension=           1
  1.61227754636197157E-011   0.0000000000000000     
  1.22688400147803636E-003  1.79141949595774603E-012
 Atom=           6 Dimension=           2
   0.0000000000000000        0.0000000000000000     
  1.76312712768301777E-003  3.58283899191549206E-012
 Atom=           6 Dimension=           3
  2.38855932794366124E-012   0.0000000000000000     
  5.10613817269969360E-003  3.16484110952535139E-011
 Atom=           7 Dimension=           1
 -9.76588247813516203E-006  5.13600267320175104E-003
   0.0000000000000000      -3.40386304719300962E-006
 Atom=           7 Dimension=           2
 -3.03584487303034183E-006  9.78314483674699127E-004
   0.0000000000000000      -3.90300864991104416E-006
 Atom=           7 Dimension=           3
 -4.37627451088072538E-006 -8.49074105495727072E-004
   0.0000000000000000      -9.57715673280592785E-006
 Atom=           8 Dimension=           1
  5.94154132825985742E-011  7.21513852450645678E-004
   0.0000000000000000       5.97139831985915309E-013
 Atom=           8 Dimension=           2
  8.95709747978873015E-013  5.51775935911877967E-005
   0.0000000000000000       2.98569915992957665E-012
 Atom=           8 Dimension=           3
  1.28385063876971795E-011 -3.28228255292927168E-004
   0.0000000000000000       1.97056144555352041E-011
 Atom=           9 Dimension=           1
  2.98569915992957655E-013 -2.12478688473542229E-005
   0.0000000000000000       8.95709747978872914E-012
 Atom=           9 Dimension=           2
  2.98569915992957655E-013 -1.62157156133133846E-006
   0.0000000000000000       2.74684322713521016E-011
 Atom=           9 Dimension=           3
 -2.98569915992957655E-013  9.63484753161127255E-006
   0.0000000000000000       1.64213453796126718E-010
 Atom=          10 Dimension=           1
 -9.99673076578259665E-006  6.50457682509724289E-003
   0.0000000000000000      -3.40247827992263415E-006
 Atom=          10 Dimension=           2
 -3.02333419641040470E-006  2.90168233796534640E-004
   0.0000000000000000      -3.63832343368412707E-006
 Atom=          10 Dimension=           3
 -4.23741322579139250E-006 -1.52022843232290554E-003
   0.0000000000000000      -9.86665012335269979E-006
 Atom=          11 Dimension=           1
  1.58242055476267570E-011  1.97698101000650663E-004
   0.0000000000000000       5.97139831985915309E-013
 Atom=          11 Dimension=           2
  2.98569915992957655E-013  1.24050054303646818E-005
   0.0000000000000000       1.19427966397183062E-012
 Atom=          11 Dimension=           3
  3.28426907592253415E-012 -8.30134990719634021E-005
   0.0000000000000000       1.25399364717042208E-011
 Atom=          12 Dimension=           1
  1.70184852115985854E-011  1.74918202922711655E-004
   0.0000000000000000       1.79141949595774603E-012
 Atom=          12 Dimension=           2
  2.98569915992957655E-013  1.09768791090246760E-005
   0.0000000000000000       3.58283899191549206E-012
 Atom=          12 Dimension=           3
  2.68712924393661874E-012 -7.34587102828932929E-005
   0.0000000000000000       3.16484110952535139E-011
