 Atom=           1 Dimension=           1
 -1.08456501293766324E-005   0.0000000000000000     
 -1.61449034595525613E-002 -9.82405255629815300E-006
 Atom=           1 Dimension=           2
 -3.51839566124757194E-006   0.0000000000000000     
  2.57010596412139193E-004 -3.08711619471440044E-006
 Atom=           1 Dimension=           3
 -3.08169446360988405E-006   0.0000000000000000     
  3.89411437609477138E-003 -4.05846086809227335E-006
 Atom=           2 Dimension=           1
  1.55017500383543609E-009   0.0000000000000000     
 -1.52154879356519203E-003  1.64034311846530925E-009
 Atom=           2 Dimension=           2
  8.41967163100140668E-011   0.0000000000000000     
 -3.08059794917205478E-004  6.68796611824225195E-011
 Atom=           2 Dimension=           3
  5.97139831985915330E-012   0.0000000000000000     
  6.19270624623165906E-004  2.71101483721605570E-010
 Atom=           3 Dimension=           1
  1.47493538500521092E-009   0.0000000000000000     
 -3.99466714942622587E-004  1.21040243943545026E-009
 Atom=           3 Dimension=           2
  8.00167374861126513E-011   0.0000000000000000     
 -8.08403069202742622E-005  4.95626060548309722E-011
 Atom=           3 Dimension=           3
  5.37425848787323748E-012   0.0000000000000000     
  1.62465083752791361E-004  2.00638983547267533E-010
 Atom=           4 Dimension=           1
 -1.04039332557201792E-005   0.0000000000000000     
 -1.42927048695421586E-002 -1.00938340624211540E-005
 Atom=           4 Dimension=           2
 -3.99923952525507030E-006   0.0000000000000000     
 -1.27823746657577150E-003 -3.13114361309663767E-006
 Atom=           4 Dimension=           3
 -3.11508323874546100E-006   0.0000000000000000     
  6.61923282678975045E-003 -3.64054927240785455E-006
 Atom=           5 Dimension=           1
  9.38106676049872890E-010   0.0000000000000000     
 -2.89854140282649712E-003  1.25220222767446451E-009
 Atom=           5 Dimension=           2
  1.31370763036901369E-010   0.0000000000000000     
 -6.29461618411939817E-004  5.91168433666056123E-011
 Atom=           5 Dimension=           3
  1.07485169757464750E-011   0.0000000000000000     
  8.12680464821694459E-004  9.79309324456901095E-011
 Atom=           6 Dimension=           1
  2.00877839480061902E-009   0.0000000000000000     
 -2.06112473403784061E-003  1.54898072417146424E-009
 Atom=           6 Dimension=           2
  2.82447140529337917E-010   0.0000000000000000     
 -4.47593142077533585E-004  7.22539196702957570E-011
 Atom=           6 Dimension=           3
  2.38855932794366132E-011   0.0000000000000000     
  5.77819937690934589E-004  1.21219385893140818E-010
 Atom=           7 Dimension=           1
 -1.08456501293766324E-005  1.66687506768381476E-002
   0.0000000000000000      -9.82405255629815300E-006
 Atom=           7 Dimension=           2
 -3.51839566124757194E-006  9.71075749513833656E-004
   0.0000000000000000      -3.08711619471440044E-006
 Atom=           7 Dimension=           3
 -3.08169446360988405E-006 -6.85245312731895366E-003
   0.0000000000000000      -4.05846086809227335E-006
 Atom=           8 Dimension=           1
  1.55017500383543609E-009 -3.24623720889743745E-003
   0.0000000000000000       1.64034311846530925E-009
 Atom=           8 Dimension=           2
  8.41967163100140668E-011 -7.56778032784201837E-004
   0.0000000000000000       6.68796611824225195E-011
 Atom=           8 Dimension=           3
  5.97139831985915330E-012 -2.08261688622192231E-004
   0.0000000000000000       2.71101483721605570E-010
 Atom=           9 Dimension=           1
  1.47493538500521092E-009  4.86689554748916207E-003
   0.0000000000000000       1.21040243943545026E-009
 Atom=           9 Dimension=           2
  8.00167374861126513E-011  1.13465030220525460E-003
   0.0000000000000000       4.95626060548309722E-011
 Atom=           9 Dimension=           3
  5.37425848787323748E-012  3.12262045190777986E-004
   0.0000000000000000       2.00638983547267533E-010
 Atom=          10 Dimension=           1
 -1.04039332557201792E-005  1.41742553873714684E-002
   0.0000000000000000      -1.00938340624211540E-005
 Atom=          10 Dimension=           2
 -3.99923952525507030E-006 -6.83183860602658332E-004
   0.0000000000000000      -3.13114361309663767E-006
 Atom=          10 Dimension=           3
 -3.11508323874546100E-006 -6.47191795917013979E-003
   0.0000000000000000      -3.64054927240785455E-006
 Atom=          11 Dimension=           1
  9.38106676049872890E-010  6.67193063924780960E-003
   0.0000000000000000       1.25220222767446451E-009
 Atom=          11 Dimension=           2
  1.31370763036901369E-010  2.50118361133097556E-003
   0.0000000000000000       5.91168433666056123E-011
 Atom=          11 Dimension=           3
  1.07485169757464750E-011  7.33249518151848304E-004
   0.0000000000000000       9.79309324456901095E-011
 Atom=          12 Dimension=           1
  2.00877839480061902E-009 -1.81884391827705585E-003
   0.0000000000000000       1.54898072417146424E-009
 Atom=          12 Dimension=           2
  2.82447140529337917E-010 -6.81852384852661177E-004
   0.0000000000000000       7.22539196702957570E-011
 Atom=          12 Dimension=           3
  2.38855932794366132E-011 -1.99883075878183304E-004
   0.0000000000000000       1.21219385893140818E-010
 Atom=           1 Dimension=           1
 -1.08456501293766324E-005   0.0000000000000000     
 -1.61449034595525613E-002 -9.82405255629815300E-006
 Atom=           1 Dimension=           2
 -3.51839566124757194E-006   0.0000000000000000     
  2.57010596412139193E-004 -3.08711619471440044E-006
 Atom=           1 Dimension=           3
 -3.08169446360988405E-006   0.0000000000000000     
  3.89411437609477138E-003 -4.05846086809227335E-006
 Atom=           2 Dimension=           1
  1.55017500383543609E-009   0.0000000000000000     
 -1.52154879356519203E-003  1.64034311846530925E-009
 Atom=           2 Dimension=           2
  8.41967163100140668E-011   0.0000000000000000     
 -3.08059794917205478E-004  6.68796611824225195E-011
 Atom=           2 Dimension=           3
  5.97139831985915330E-012   0.0000000000000000     
  6.19270624623165906E-004  2.71101483721605570E-010
 Atom=           3 Dimension=           1
  1.47493538500521092E-009   0.0000000000000000     
 -3.99466714942622587E-004  1.21040243943545026E-009
 Atom=           3 Dimension=           2
  8.00167374861126513E-011   0.0000000000000000     
 -8.08403069202742622E-005  4.95626060548309722E-011
 Atom=           3 Dimension=           3
  5.37425848787323748E-012   0.0000000000000000     
  1.62465083752791361E-004  2.00638983547267533E-010
 Atom=           4 Dimension=           1
 -1.04039332557201792E-005   0.0000000000000000     
 -1.42927048695421586E-002 -1.00938340624211540E-005
 Atom=           4 Dimension=           2
 -3.99923952525507030E-006   0.0000000000000000     
 -1.27823746657577150E-003 -3.13114361309663767E-006
 Atom=           4 Dimension=           3
 -3.11508323874546100E-006   0.0000000000000000     
  6.61923282678975045E-003 -3.64054927240785455E-006
 Atom=           5 Dimension=           1
  9.38106676049872890E-010   0.0000000000000000     
 -2.89854140282649712E-003  1.25220222767446451E-009
 Atom=           5 Dimension=           2
  1.31370763036901369E-010   0.0000000000000000     
 -6.29461618411939817E-004  5.91168433666056123E-011
 Atom=           5 Dimension=           3
  1.07485169757464750E-011   0.0000000000000000     
  8.12680464821694459E-004  9.79309324456901095E-011
 Atom=           6 Dimension=           1
  2.00877839480061902E-009   0.0000000000000000     
 -2.06112473403784061E-003  1.54898072417146424E-009
 Atom=           6 Dimension=           2
  2.82447140529337917E-010   0.0000000000000000     
 -4.47593142077533585E-004  7.22539196702957570E-011
 Atom=           6 Dimension=           3
  2.38855932794366132E-011   0.0000000000000000     
  5.77819937690934589E-004  1.21219385893140818E-010
 Atom=           7 Dimension=           1
 -1.08456501293766324E-005  1.66687506768381476E-002
   0.0000000000000000      -9.82405255629815300E-006
 Atom=           7 Dimension=           2
 -3.51839566124757194E-006  9.71075749513833656E-004
   0.0000000000000000      -3.08711619471440044E-006
 Atom=           7 Dimension=           3
 -3.08169446360988405E-006 -6.85245312731895366E-003
   0.0000000000000000      -4.05846086809227335E-006
 Atom=           8 Dimension=           1
  1.55017500383543609E-009 -3.24623720889743745E-003
   0.0000000000000000       1.64034311846530925E-009
 Atom=           8 Dimension=           2
  8.41967163100140668E-011 -7.56778032784201837E-004
   0.0000000000000000       6.68796611824225195E-011
 Atom=           8 Dimension=           3
  5.97139831985915330E-012 -2.08261688622192231E-004
   0.0000000000000000       2.71101483721605570E-010
 Atom=           9 Dimension=           1
  1.47493538500521092E-009  4.86689554748916207E-003
   0.0000000000000000       1.21040243943545026E-009
 Atom=           9 Dimension=           2
  8.00167374861126513E-011  1.13465030220525460E-003
   0.0000000000000000       4.95626060548309722E-011
 Atom=           9 Dimension=           3
  5.37425848787323748E-012  3.12262045190777986E-004
   0.0000000000000000       2.00638983547267533E-010
 Atom=          10 Dimension=           1
 -1.04039332557201792E-005  1.41742553873714684E-002
   0.0000000000000000      -1.00938340624211540E-005
 Atom=          10 Dimension=           2
 -3.99923952525507030E-006 -6.83183860602658332E-004
   0.0000000000000000      -3.13114361309663767E-006
 Atom=          10 Dimension=           3
 -3.11508323874546100E-006 -6.47191795917013979E-003
   0.0000000000000000      -3.64054927240785455E-006
 Atom=          11 Dimension=           1
  9.38106676049872890E-010  6.67193063924780960E-003
   0.0000000000000000       1.25220222767446451E-009
 Atom=          11 Dimension=           2
  1.31370763036901369E-010  2.50118361133097556E-003
   0.0000000000000000       5.91168433666056123E-011
 Atom=          11 Dimension=           3
  1.07485169757464750E-011  7.33249518151848304E-004
   0.0000000000000000       9.79309324456901095E-011
 Atom=          12 Dimension=           1
  2.00877839480061902E-009 -1.81884391827705585E-003
   0.0000000000000000       1.54898072417146424E-009
 Atom=          12 Dimension=           2
  2.82447140529337917E-010 -6.81852384852661177E-004
   0.0000000000000000       7.22539196702957570E-011
 Atom=          12 Dimension=           3
  2.38855932794366132E-011 -1.99883075878183304E-004
   0.0000000000000000       1.21219385893140818E-010
 Atom=           1 Dimension=           1
 -1.08456465465376407E-005   0.0000000000000000     
 -1.61446848106823956E-002 -9.82404150921126103E-006
 Atom=           1 Dimension=           2
 -3.51838013561194033E-006   0.0000000000000000     
  2.57338151420934244E-004 -3.08714605170599977E-006
 Atom=           1 Dimension=           3
 -3.08169237362047264E-006   0.0000000000000000     
  3.89419692552621247E-003 -4.05842593541210242E-006
 Atom=           2 Dimension=           1
  1.55136928349940794E-009   0.0000000000000000     
 -1.52134387099905986E-003  1.64094025829729528E-009
 Atom=           2 Dimension=           2
  8.41967163100140668E-011   0.0000000000000000     
 -3.08039499328595964E-004  6.68796611824225195E-011
 Atom=           2 Dimension=           3
  6.56853815184506830E-012   0.0000000000000000     
  6.19179444356520847E-004  2.71698623553591442E-010
 Atom=           3 Dimension=           1
  1.47553252483719674E-009   0.0000000000000000     
 -3.99498756644939659E-004  1.21099957926743628E-009
 Atom=           3 Dimension=           2
  8.00167374861126513E-011   0.0000000000000000     
 -8.08523618299174322E-005  4.95626060548309722E-011
 Atom=           3 Dimension=           3
  5.97139831985915330E-012   0.0000000000000000     
  1.62476099937696784E-004  2.01236123379253457E-010
 Atom=           4 Dimension=           1
 -1.04039045930082438E-005   0.0000000000000000     
 -1.42928762338200843E-002 -1.00938116696774533E-005
 Atom=           4 Dimension=           2
 -3.99925684231019778E-006   0.0000000000000000     
 -1.27810067542519462E-003 -3.13116302014117740E-006
 Atom=           4 Dimension=           3
 -3.11508861300394858E-006   0.0000000000000000     
  6.61937552723610486E-003 -3.64052180397558303E-006
 Atom=           5 Dimension=           1
  9.38703815881858917E-010   0.0000000000000000     
 -2.89869147085874100E-003  1.25279936750645013E-009
 Atom=           5 Dimension=           2
  1.31370763036901369E-010   0.0000000000000000     
 -6.29519749078873841E-004  5.91168433666056123E-011
 Atom=           5 Dimension=           3
  1.13456568077323908E-011   0.0000000000000000     
  8.12709694667185212E-004  9.85280722776760205E-011
 Atom=           6 Dimension=           1
  2.00877839480061902E-009   0.0000000000000000     
 -2.06110142281843703E-003  1.54957786400345027E-009
 Atom=           6 Dimension=           2
  2.81850000697351993E-010   0.0000000000000000     
 -4.47606238175116372E-004  7.28510595022816680E-011
 Atom=           6 Dimension=           3
  2.44827331114225274E-011   0.0000000000000000     
  5.77804265606759039E-004  1.21816525725126716E-010
 Atom=           7 Dimension=           1
 -1.08456465465376407E-005  1.66689020421566768E-002
   0.0000000000000000      -9.82404150921126103E-006
 Atom=           7 Dimension=           2
 -3.51838013561194033E-006  9.70890884725373118E-004
   0.0000000000000000      -3.08714605170599977E-006
 Atom=           7 Dimension=           3
 -3.08169237362047264E-006 -6.85262676722213793E-003
   0.0000000000000000      -4.05842593541210242E-006
 Atom=           8 Dimension=           1
  1.55136928349940794E-009 -3.24635674039295283E-003
   0.0000000000000000       1.64094025829729528E-009
 Atom=           8 Dimension=           2
  8.41967163100140668E-011 -7.56794923929344251E-004
   0.0000000000000000       6.68796611824225195E-011
 Atom=           8 Dimension=           3
  6.56853815184506830E-012 -2.08273474669626063E-004
   0.0000000000000000       2.71698623553591442E-010
 Atom=           9 Dimension=           1
  1.47553252483719674E-009  4.86695813013211277E-003
   0.0000000000000000       1.21099957926743628E-009
 Atom=           9 Dimension=           2
  8.00167374861126513E-011  1.13464843517292746E-003
   0.0000000000000000       4.95626060548309722E-011
 Atom=           9 Dimension=           3
  5.97139831985915330E-012  3.12272232769524082E-004
   0.0000000000000000       2.01236123379253457E-010
 Atom=          10 Dimension=           1
 -1.04039045930082438E-005  1.41740447815269857E-002
   0.0000000000000000      -1.00938116696774533E-005
 Atom=          10 Dimension=           2
 -3.99925684231019778E-006 -6.83423145953634330E-004
   0.0000000000000000      -3.13116302014117740E-006
 Atom=          10 Dimension=           3
 -3.11508861300394858E-006 -6.47194481202588694E-003
   0.0000000000000000      -3.64052180397558303E-006
 Atom=          11 Dimension=           1
  9.38703815881858917E-010  6.67207498242584213E-003
   0.0000000000000000       1.25279936750645013E-009
 Atom=          11 Dimension=           2
  1.31370763036901369E-010  2.50128305571432593E-003
   0.0000000000000000       5.91168433666056123E-011
 Atom=          11 Dimension=           3
  1.13456568077323908E-011  7.33321700937236199E-004
   0.0000000000000000       9.85280722776760205E-011
 Atom=          12 Dimension=           1
  2.00877839480061902E-009 -1.81896544675745468E-003
   0.0000000000000000       1.54957786400345027E-009
 Atom=          12 Dimension=           2
  2.81850000697351993E-010 -6.81910308909213403E-004
   0.0000000000000000       7.28510595022816680E-011
 Atom=          12 Dimension=           3
  2.44827331114225274E-011 -1.99911787107729977E-004
   0.0000000000000000       1.21816525725126716E-010
 Atom=           1 Dimension=           1
 -1.08456465465376407E-005   0.0000000000000000     
 -1.61446848106823956E-002 -9.82404150921126103E-006
 Atom=           1 Dimension=           2
 -3.51838013561194033E-006   0.0000000000000000     
  2.57338151420934244E-004 -3.08714605170599977E-006
 Atom=           1 Dimension=           3
 -3.08169237362047264E-006   0.0000000000000000     
  3.89419692552621247E-003 -4.05842593541210242E-006
 Atom=           2 Dimension=           1
  1.55136928349940794E-009   0.0000000000000000     
 -1.52134387099905986E-003  1.64094025829729528E-009
 Atom=           2 Dimension=           2
  8.41967163100140668E-011   0.0000000000000000     
 -3.08039499328595964E-004  6.68796611824225195E-011
 Atom=           2 Dimension=           3
  6.56853815184506830E-012   0.0000000000000000     
  6.19179444356520847E-004  2.71698623553591442E-010
 Atom=           3 Dimension=           1
  1.47553252483719674E-009   0.0000000000000000     
 -3.99498756644939659E-004  1.21099957926743628E-009
 Atom=           3 Dimension=           2
  8.00167374861126513E-011   0.0000000000000000     
 -8.08523618299174322E-005  4.95626060548309722E-011
 Atom=           3 Dimension=           3
  5.97139831985915330E-012   0.0000000000000000     
  1.62476099937696784E-004  2.01236123379253457E-010
 Atom=           4 Dimension=           1
 -1.04039045930082438E-005   0.0000000000000000     
 -1.42928762338200843E-002 -1.00938116696774533E-005
 Atom=           4 Dimension=           2
 -3.99925684231019778E-006   0.0000000000000000     
 -1.27810067542519462E-003 -3.13116302014117740E-006
 Atom=           4 Dimension=           3
 -3.11508861300394858E-006   0.0000000000000000     
  6.61937552723610486E-003 -3.64052180397558303E-006
 Atom=           5 Dimension=           1
  9.38703815881858917E-010   0.0000000000000000     
 -2.89869147085874100E-003  1.25279936750645013E-009
 Atom=           5 Dimension=           2
  1.31370763036901369E-010   0.0000000000000000     
 -6.29519749078873841E-004  5.91168433666056123E-011
 Atom=           5 Dimension=           3
  1.13456568077323908E-011   0.0000000000000000     
  8.12709694667185212E-004  9.85280722776760205E-011
 Atom=           6 Dimension=           1
  2.00877839480061902E-009   0.0000000000000000     
 -2.06110142281843703E-003  1.54957786400345027E-009
 Atom=           6 Dimension=           2
  2.81850000697351993E-010   0.0000000000000000     
 -4.47606238175116372E-004  7.28510595022816680E-011
 Atom=           6 Dimension=           3
  2.44827331114225274E-011   0.0000000000000000     
  5.77804265606759039E-004  1.21816525725126716E-010
 Atom=           7 Dimension=           1
 -1.08456465465376407E-005  1.66689020421566768E-002
   0.0000000000000000      -9.82404150921126103E-006
 Atom=           7 Dimension=           2
 -3.51838013561194033E-006  9.70890884725373118E-004
   0.0000000000000000      -3.08714605170599977E-006
 Atom=           7 Dimension=           3
 -3.08169237362047264E-006 -6.85262676722213793E-003
   0.0000000000000000      -4.05842593541210242E-006
 Atom=           8 Dimension=           1
  1.55136928349940794E-009 -3.24635674039295283E-003
   0.0000000000000000       1.64094025829729528E-009
 Atom=           8 Dimension=           2
  8.41967163100140668E-011 -7.56794923929344251E-004
   0.0000000000000000       6.68796611824225195E-011
 Atom=           8 Dimension=           3
  6.56853815184506830E-012 -2.08273474669626063E-004
   0.0000000000000000       2.71698623553591442E-010
 Atom=           9 Dimension=           1
  1.47553252483719674E-009  4.86695813013211277E-003
   0.0000000000000000       1.21099957926743628E-009
 Atom=           9 Dimension=           2
  8.00167374861126513E-011  1.13464843517292746E-003
   0.0000000000000000       4.95626060548309722E-011
 Atom=           9 Dimension=           3
  5.97139831985915330E-012  3.12272232769524082E-004
   0.0000000000000000       2.01236123379253457E-010
 Atom=          10 Dimension=           1
 -1.04039045930082438E-005  1.41740447815269857E-002
   0.0000000000000000      -1.00938116696774533E-005
 Atom=          10 Dimension=           2
 -3.99925684231019778E-006 -6.83423145953634330E-004
   0.0000000000000000      -3.13116302014117740E-006
 Atom=          10 Dimension=           3
 -3.11508861300394858E-006 -6.47194481202588694E-003
   0.0000000000000000      -3.64052180397558303E-006
 Atom=          11 Dimension=           1
  9.38703815881858917E-010  6.67207498242584213E-003
   0.0000000000000000       1.25279936750645013E-009
 Atom=          11 Dimension=           2
  1.31370763036901369E-010  2.50128305571432593E-003
   0.0000000000000000       5.91168433666056123E-011
 Atom=          11 Dimension=           3
  1.13456568077323908E-011  7.33321700937236199E-004
   0.0000000000000000       9.85280722776760205E-011
 Atom=          12 Dimension=           1
  2.00877839480061902E-009 -1.81896544675745468E-003
   0.0000000000000000       1.54957786400345027E-009
 Atom=          12 Dimension=           2
  2.81850000697351993E-010 -6.81910308909213403E-004
   0.0000000000000000       7.28510595022816680E-011
 Atom=          12 Dimension=           3
  2.44827331114225274E-011 -1.99911787107729977E-004
   0.0000000000000000       1.21816525725126716E-010
 Atom=           1 Dimension=           1
 -1.08456465465376407E-005   0.0000000000000000     
 -1.61446848106823956E-002 -9.82404150921126103E-006
 Atom=           1 Dimension=           2
 -3.51838013561194033E-006   0.0000000000000000     
  2.57338151420934244E-004 -3.08714605170599977E-006
 Atom=           1 Dimension=           3
 -3.08169237362047264E-006   0.0000000000000000     
  3.89419692552621247E-003 -4.05842593541210242E-006
 Atom=           2 Dimension=           1
  1.55136928349940794E-009   0.0000000000000000     
 -1.52134387099905986E-003  1.64094025829729528E-009
 Atom=           2 Dimension=           2
  8.41967163100140668E-011   0.0000000000000000     
 -3.08039499328595964E-004  6.68796611824225195E-011
 Atom=           2 Dimension=           3
  6.56853815184506830E-012   0.0000000000000000     
  6.19179444356520847E-004  2.71698623553591442E-010
 Atom=           3 Dimension=           1
  1.47553252483719674E-009   0.0000000000000000     
 -3.99498756644939659E-004  1.21099957926743628E-009
 Atom=           3 Dimension=           2
  8.00167374861126513E-011   0.0000000000000000     
 -8.08523618299174322E-005  4.95626060548309722E-011
 Atom=           3 Dimension=           3
  5.97139831985915330E-012   0.0000000000000000     
  1.62476099937696784E-004  2.01236123379253457E-010
 Atom=           4 Dimension=           1
 -1.04039045930082438E-005   0.0000000000000000     
 -1.42928762338200843E-002 -1.00938116696774533E-005
 Atom=           4 Dimension=           2
 -3.99925684231019778E-006   0.0000000000000000     
 -1.27810067542519462E-003 -3.13116302014117740E-006
 Atom=           4 Dimension=           3
 -3.11508861300394858E-006   0.0000000000000000     
  6.61937552723610486E-003 -3.64052180397558303E-006
 Atom=           5 Dimension=           1
  9.38703815881858917E-010   0.0000000000000000     
 -2.89869147085874100E-003  1.25279936750645013E-009
 Atom=           5 Dimension=           2
  1.31370763036901369E-010   0.0000000000000000     
 -6.29519749078873841E-004  5.91168433666056123E-011
 Atom=           5 Dimension=           3
  1.13456568077323908E-011   0.0000000000000000     
  8.12709694667185212E-004  9.85280722776760205E-011
 Atom=           6 Dimension=           1
  2.00877839480061902E-009   0.0000000000000000     
 -2.06110142281843703E-003  1.54957786400345027E-009
 Atom=           6 Dimension=           2
  2.81850000697351993E-010   0.0000000000000000     
 -4.47606238175116372E-004  7.28510595022816680E-011
 Atom=           6 Dimension=           3
  2.44827331114225274E-011   0.0000000000000000     
  5.77804265606759039E-004  1.21816525725126716E-010
 Atom=           7 Dimension=           1
 -1.08456465465376407E-005  1.66689020421566768E-002
   0.0000000000000000      -9.82404150921126103E-006
 Atom=           7 Dimension=           2
 -3.51838013561194033E-006  9.70890884725373118E-004
   0.0000000000000000      -3.08714605170599977E-006
 Atom=           7 Dimension=           3
 -3.08169237362047264E-006 -6.85262676722213793E-003
   0.0000000000000000      -4.05842593541210242E-006
 Atom=           8 Dimension=           1
  1.55136928349940794E-009 -3.24635674039295283E-003
   0.0000000000000000       1.64094025829729528E-009
 Atom=           8 Dimension=           2
  8.41967163100140668E-011 -7.56794923929344251E-004
   0.0000000000000000       6.68796611824225195E-011
 Atom=           8 Dimension=           3
  6.56853815184506830E-012 -2.08273474669626063E-004
   0.0000000000000000       2.71698623553591442E-010
 Atom=           9 Dimension=           1
  1.47553252483719674E-009  4.86695813013211277E-003
   0.0000000000000000       1.21099957926743628E-009
 Atom=           9 Dimension=           2
  8.00167374861126513E-011  1.13464843517292746E-003
   0.0000000000000000       4.95626060548309722E-011
 Atom=           9 Dimension=           3
  5.97139831985915330E-012  3.12272232769524082E-004
   0.0000000000000000       2.01236123379253457E-010
 Atom=          10 Dimension=           1
 -1.04039045930082438E-005  1.41740447815269857E-002
   0.0000000000000000      -1.00938116696774533E-005
 Atom=          10 Dimension=           2
 -3.99925684231019778E-006 -6.83423145953634330E-004
   0.0000000000000000      -3.13116302014117740E-006
 Atom=          10 Dimension=           3
 -3.11508861300394858E-006 -6.47194481202588694E-003
   0.0000000000000000      -3.64052180397558303E-006
 Atom=          11 Dimension=           1
  9.38703815881858917E-010  6.67207498242584213E-003
   0.0000000000000000       1.25279936750645013E-009
 Atom=          11 Dimension=           2
  1.31370763036901369E-010  2.50128305571432593E-003
   0.0000000000000000       5.91168433666056123E-011
 Atom=          11 Dimension=           3
  1.13456568077323908E-011  7.33321700937236199E-004
   0.0000000000000000       9.85280722776760205E-011
 Atom=          12 Dimension=           1
  2.00877839480061902E-009 -1.81896544675745468E-003
   0.0000000000000000       1.54957786400345027E-009
 Atom=          12 Dimension=           2
  2.81850000697351993E-010 -6.81910308909213403E-004
   0.0000000000000000       7.28510595022816680E-011
 Atom=          12 Dimension=           3
  2.44827331114225274E-011 -1.99911787107729977E-004
   0.0000000000000000       1.21816525725126716E-010
