 Atom=           1 Dimension=           1
 -7.49265832018025185E-006   0.0000000000000000     
 -6.04664953352144173E-003 -5.77840392044096900E-006
 Atom=           1 Dimension=           2
 -4.52934055829333846E-006   0.0000000000000000     
  1.61397215002813768E-003 -7.56353224969882767E-006
 Atom=           1 Dimension=           3
 -5.13391269119806729E-006   0.0000000000000000     
  7.13010393312064699E-004 -3.74007426963503133E-006
 Atom=           2 Dimension=           1
  2.50798729434084416E-011   0.0000000000000000     
  5.23862787090905303E-004  6.56853815184506830E-012
 Atom=           2 Dimension=           2
  8.35995764780281494E-012   0.0000000000000000     
 -6.92390364617684112E-004  1.19427966397183066E-011
 Atom=           2 Dimension=           3
  1.19427966397183066E-011   0.0000000000000000     
 -2.87044356684750337E-004  2.38855932794366124E-012
 Atom=           3 Dimension=           1
  3.70823835663253412E-010   0.0000000000000000     
 -2.31005993420958441E-003  3.55298200031619598E-010
 Atom=           3 Dimension=           2
  1.24802224885056310E-010   0.0000000000000000     
  3.05318037927490484E-003  6.20428285433366032E-010
 Atom=           3 Dimension=           3
  1.78544809763788685E-010   0.0000000000000000     
  1.26574448837804793E-003  1.06290890093492928E-010
 Atom=           4 Dimension=           1
 -6.99681519930301529E-006   0.0000000000000000     
 -9.47339831678924334E-003 -6.02990817058654518E-006
 Atom=           4 Dimension=           2
 -4.40845825783535395E-006   0.0000000000000000     
 -7.31039820319314120E-003 -7.36061010200396147E-006
 Atom=           4 Dimension=           3
 -5.76004366202689849E-006   0.0000000000000000     
  5.71310031560894418E-004 -3.63300052922180479E-006
 Atom=           5 Dimension=           1
  8.47938561419999778E-011   0.0000000000000000     
 -2.14453273449149691E-003  3.83363772134957607E-010
 Atom=           5 Dimension=           2
  3.10512712632675965E-011   0.0000000000000000     
  2.59406069257112027E-003  5.61311442066760394E-010
 Atom=           5 Dimension=           3
  6.21025425265351930E-011   0.0000000000000000     
  1.00095479201293557E-003  8.35995764780281429E-011
 Atom=           6 Dimension=           1
  1.80933369091732354E-010   0.0000000000000000     
  4.36656523960990070E-003  5.97139831985915330E-012
 Atom=           6 Dimension=           2
  6.56853815184506846E-011   0.0000000000000000     
 -5.28212578536076290E-003  8.95709747978872914E-012
 Atom=           6 Dimension=           3
  1.32565042700873191E-010   0.0000000000000000     
 -2.03817990416554863E-003  1.19427966397183062E-012
 Atom=           7 Dimension=           1
 -7.49265832018025185E-006  1.01423259084178607E-002
   0.0000000000000000      -5.77840392044096900E-006
 Atom=           7 Dimension=           2
 -4.52934055829333846E-006  4.06264526657199813E-003
   0.0000000000000000      -7.56353224969882767E-006
 Atom=           7 Dimension=           3
 -5.13391269119806729E-006 -2.48397874481967075E-003
   0.0000000000000000      -3.74007426963503133E-006
 Atom=           8 Dimension=           1
  2.50798729434084416E-011  4.77766280758328606E-004
   0.0000000000000000       6.56853815184506830E-012
 Atom=           8 Dimension=           2
  8.35995764780281494E-012  2.76919550640039244E-004
   0.0000000000000000       1.19427966397183066E-011
 Atom=           8 Dimension=           3
  1.19427966397183066E-011  3.30989687019370225E-004
   0.0000000000000000       2.38855932794366124E-012
 Atom=           9 Dimension=           1
  3.70823835663253412E-010 -1.96195484157471152E-003
   0.0000000000000000       3.55298200031619598E-010
 Atom=           9 Dimension=           2
  1.24802224885056310E-010 -1.13723246658273703E-003
   0.0000000000000000       6.20428285433366032E-010
 Atom=           9 Dimension=           3
  1.78544809763788685E-010 -1.35925736546514751E-003
   0.0000000000000000       1.06290890093492928E-010
 Atom=          10 Dimension=           1
 -6.99681519930301529E-006  5.05523973614067576E-003
   0.0000000000000000      -6.02990817058654518E-006
 Atom=          10 Dimension=           2
 -4.40845825783535395E-006  1.99244774074209272E-003
   0.0000000000000000      -7.36061010200396147E-006
 Atom=          10 Dimension=           3
 -5.76004366202689849E-006  1.11168738403442046E-003
   0.0000000000000000      -3.63300052922180479E-006
 Atom=          11 Dimension=           1
  8.47938561419999778E-011  2.86067401266850514E-004
   0.0000000000000000       3.83363772134957607E-010
 Atom=          11 Dimension=           2
  3.10512712632675965E-011  1.72581206619259970E-004
   0.0000000000000000       5.61311442066760394E-010
 Atom=          11 Dimension=           3
  6.21025425265351930E-011  2.44724334681906087E-004
   0.0000000000000000       8.35995764780281429E-011
 Atom=          12 Dimension=           1
  1.80933369091732354E-010  1.08637661355798893E-003
   0.0000000000000000       5.97139831985915330E-012
 Atom=          12 Dimension=           2
  6.56853815184506846E-011  6.55292307381030704E-004
   0.0000000000000000       8.95709747978872914E-012
 Atom=          12 Dimension=           3
  1.32565042700873191E-010  9.29270952801800076E-004
   0.0000000000000000       1.19427966397183062E-012
 Atom=           1 Dimension=           1
 -7.49265832018025185E-006   0.0000000000000000     
 -6.04664953352144173E-003 -5.77840392044096900E-006
 Atom=           1 Dimension=           2
 -4.52934055829333846E-006   0.0000000000000000     
  1.61397215002813768E-003 -7.56353224969882767E-006
 Atom=           1 Dimension=           3
 -5.13391269119806729E-006   0.0000000000000000     
  7.13010393312064699E-004 -3.74007426963503133E-006
 Atom=           2 Dimension=           1
  2.50798729434084416E-011   0.0000000000000000     
  5.23862787090905303E-004  6.56853815184506830E-012
 Atom=           2 Dimension=           2
  8.35995764780281494E-012   0.0000000000000000     
 -6.92390364617684112E-004  1.19427966397183066E-011
 Atom=           2 Dimension=           3
  1.19427966397183066E-011   0.0000000000000000     
 -2.87044356684750337E-004  2.38855932794366124E-012
 Atom=           3 Dimension=           1
  3.70823835663253412E-010   0.0000000000000000     
 -2.31005993420958441E-003  3.55298200031619598E-010
 Atom=           3 Dimension=           2
  1.24802224885056310E-010   0.0000000000000000     
  3.05318037927490484E-003  6.20428285433366032E-010
 Atom=           3 Dimension=           3
  1.78544809763788685E-010   0.0000000000000000     
  1.26574448837804793E-003  1.06290890093492928E-010
 Atom=           4 Dimension=           1
 -6.99681519930301529E-006   0.0000000000000000     
 -9.47339831678924334E-003 -6.02990817058654518E-006
 Atom=           4 Dimension=           2
 -4.40845825783535395E-006   0.0000000000000000     
 -7.31039820319314120E-003 -7.36061010200396147E-006
 Atom=           4 Dimension=           3
 -5.76004366202689849E-006   0.0000000000000000     
  5.71310031560894418E-004 -3.63300052922180479E-006
 Atom=           5 Dimension=           1
  8.47938561419999778E-011   0.0000000000000000     
 -2.14453273449149691E-003  3.83363772134957607E-010
 Atom=           5 Dimension=           2
  3.10512712632675965E-011   0.0000000000000000     
  2.59406069257112027E-003  5.61311442066760394E-010
 Atom=           5 Dimension=           3
  6.21025425265351930E-011   0.0000000000000000     
  1.00095479201293557E-003  8.35995764780281429E-011
 Atom=           6 Dimension=           1
  1.80933369091732354E-010   0.0000000000000000     
  4.36656523960990070E-003  5.97139831985915330E-012
 Atom=           6 Dimension=           2
  6.56853815184506846E-011   0.0000000000000000     
 -5.28212578536076290E-003  8.95709747978872914E-012
 Atom=           6 Dimension=           3
  1.32565042700873191E-010   0.0000000000000000     
 -2.03817990416554863E-003  1.19427966397183062E-012
 Atom=           7 Dimension=           1
 -7.49265832018025185E-006  1.01423259084178607E-002
   0.0000000000000000      -5.77840392044096900E-006
 Atom=           7 Dimension=           2
 -4.52934055829333846E-006  4.06264526657199813E-003
   0.0000000000000000      -7.56353224969882767E-006
 Atom=           7 Dimension=           3
 -5.13391269119806729E-006 -2.48397874481967075E-003
   0.0000000000000000      -3.74007426963503133E-006
 Atom=           8 Dimension=           1
  2.50798729434084416E-011  4.77766280758328606E-004
   0.0000000000000000       6.56853815184506830E-012
 Atom=           8 Dimension=           2
  8.35995764780281494E-012  2.76919550640039244E-004
   0.0000000000000000       1.19427966397183066E-011
 Atom=           8 Dimension=           3
  1.19427966397183066E-011  3.30989687019370225E-004
   0.0000000000000000       2.38855932794366124E-012
 Atom=           9 Dimension=           1
  3.70823835663253412E-010 -1.96195484157471152E-003
   0.0000000000000000       3.55298200031619598E-010
 Atom=           9 Dimension=           2
  1.24802224885056310E-010 -1.13723246658273703E-003
   0.0000000000000000       6.20428285433366032E-010
 Atom=           9 Dimension=           3
  1.78544809763788685E-010 -1.35925736546514751E-003
   0.0000000000000000       1.06290890093492928E-010
 Atom=          10 Dimension=           1
 -6.99681519930301529E-006  5.05523973614067576E-003
   0.0000000000000000      -6.02990817058654518E-006
 Atom=          10 Dimension=           2
 -4.40845825783535395E-006  1.99244774074209272E-003
   0.0000000000000000      -7.36061010200396147E-006
 Atom=          10 Dimension=           3
 -5.76004366202689849E-006  1.11168738403442046E-003
   0.0000000000000000      -3.63300052922180479E-006
 Atom=          11 Dimension=           1
  8.47938561419999778E-011  2.86067401266850514E-004
   0.0000000000000000       3.83363772134957607E-010
 Atom=          11 Dimension=           2
  3.10512712632675965E-011  1.72581206619259970E-004
   0.0000000000000000       5.61311442066760394E-010
 Atom=          11 Dimension=           3
  6.21025425265351930E-011  2.44724334681906087E-004
   0.0000000000000000       8.35995764780281429E-011
 Atom=          12 Dimension=           1
  1.80933369091732354E-010  1.08637661355798893E-003
   0.0000000000000000       5.97139831985915330E-012
 Atom=          12 Dimension=           2
  6.56853815184506846E-011  6.55292307381030704E-004
   0.0000000000000000       8.95709747978872914E-012
 Atom=          12 Dimension=           3
  1.32565042700873191E-010  9.29270952801800076E-004
   0.0000000000000000       1.19427966397183062E-012
 Atom=           1 Dimension=           1
 -7.49265294592176343E-006   0.0000000000000000     
 -6.04659127099856867E-003 -5.77828031249574886E-006
 Atom=           1 Dimension=           2
 -4.52932473408779086E-006   0.0000000000000000     
  1.61391379256003130E-003 -7.56363764487917326E-006
 Atom=           1 Dimension=           3
 -5.13393030682311074E-006   0.0000000000000000     
  7.12858205489399501E-004 -3.74013398361822999E-006
 Atom=           2 Dimension=           1
  2.50798729434084416E-011   0.0000000000000000     
  5.23865719719262689E-004  7.16567798383098412E-012
 Atom=           2 Dimension=           2
  8.35995764780281494E-012   0.0000000000000000     
 -6.92424053716834010E-004  1.19427966397183066E-011
 Atom=           2 Dimension=           3
  1.19427966397183066E-011   0.0000000000000000     
 -2.87067141189500854E-004  1.79141949595774603E-012
 Atom=           3 Dimension=           1
  3.71420975495239336E-010   0.0000000000000000     
 -2.30998606902004140E-003  3.55895339863605522E-010
 Atom=           3 Dimension=           2
  1.24802224885056310E-010   0.0000000000000000     
  3.05321423452821310E-003  6.21025425265351956E-010
 Atom=           3 Dimension=           3
  1.77947669931802761E-010   0.0000000000000000     
  1.26579740321515585E-003  1.06888029925478839E-010
 Atom=           4 Dimension=           1
 -6.99674055682401696E-006   0.0000000000000000     
 -9.47365884288921788E-003 -6.02998699304436717E-006
 Atom=           4 Dimension=           2
 -4.40848751768712133E-006   0.0000000000000000     
 -7.31033055637522137E-003 -7.36058860497001117E-006
 Atom=           4 Dimension=           3
 -5.76008964179396139E-006   0.0000000000000000     
  5.71354620141433802E-004 -3.63296738796112929E-006
 Atom=           5 Dimension=           1
  8.41967163100140668E-011   0.0000000000000000     
 -2.14452994293742481E-003  3.83363772134957607E-010
 Atom=           5 Dimension=           2
  3.10512712632675965E-011   0.0000000000000000     
  2.59399727884014695E-003  5.62505721730732241E-010
 Atom=           5 Dimension=           3
  6.15054026945492691E-011   0.0000000000000000     
  1.00089552151802594E-003  8.35995764780281429E-011
 Atom=           6 Dimension=           1
  1.80336229259746405E-010   0.0000000000000000     
  4.36657756858806635E-003  6.56853815184506830E-012
 Atom=           6 Dimension=           2
  6.56853815184506846E-011   0.0000000000000000     
 -5.28201846893898951E-003  9.55423731177464495E-012
 Atom=           6 Dimension=           3
  1.32565042700873191E-010   0.0000000000000000     
 -2.03806762661274841E-003  1.19427966397183062E-012
 Atom=           7 Dimension=           1
 -7.49265294592176343E-006  1.01424636284940875E-002
   0.0000000000000000      -5.77828031249574886E-006
 Atom=           7 Dimension=           2
 -4.52932473408779086E-006  4.06264286942878590E-003
   0.0000000000000000      -7.56363764487917326E-006
 Atom=           7 Dimension=           3
 -5.13393030682311074E-006 -2.48394212145002912E-003
   0.0000000000000000      -3.74013398361822999E-006
 Atom=           8 Dimension=           1
  2.50798729434084416E-011  4.77844127415022815E-004
   0.0000000000000000       7.16567798383098412E-012
 Atom=           8 Dimension=           2
  8.35995764780281494E-012  2.76962286258358714E-004
   0.0000000000000000       1.19427966397183066E-011
 Atom=           8 Dimension=           3
  1.19427966397183066E-011  3.31043980353780192E-004
   0.0000000000000000       1.79141949595774603E-012
 Atom=           9 Dimension=           1
  3.71420975495239336E-010 -1.96199723169165636E-003
   0.0000000000000000       3.55895339863605522E-010
 Atom=           9 Dimension=           2
  1.24802224885056310E-010 -1.13724725392960898E-003
   0.0000000000000000       6.21025425265351956E-010
 Atom=           9 Dimension=           3
  1.77947669931802761E-010 -1.35928823263073623E-003
   0.0000000000000000       1.06888029925478839E-010
 Atom=          10 Dimension=           1
 -6.99674055682401696E-006  5.05519286256724855E-003
   0.0000000000000000      -6.02998699304436717E-006
 Atom=          10 Dimension=           2
 -4.40848751768712133E-006  1.99235893108325960E-003
   0.0000000000000000      -7.36058860497001117E-006
 Atom=          10 Dimension=           3
 -5.76008964179396139E-006  1.11164329199431203E-003
   0.0000000000000000      -3.63296738796112929E-006
 Atom=          11 Dimension=           1
  8.41967163100140668E-011  2.86050636006248955E-004
   0.0000000000000000       3.83363772134957607E-010
 Atom=          11 Dimension=           2
  3.10512712632675965E-011  1.72575163377554114E-004
   0.0000000000000000       5.62505721730732241E-010
 Atom=          11 Dimension=           3
  6.15054026945492691E-011  2.44714610950185125E-004
   0.0000000000000000       8.35995764780281429E-011
 Atom=          12 Dimension=           1
  1.80336229259746405E-010  1.08637741297893916E-003
   0.0000000000000000       6.56853815184506830E-012
 Atom=          12 Dimension=           2
  6.56853815184506846E-011  6.55308248663306588E-004
   0.0000000000000000       9.55423731177464495E-012
 Atom=          12 Dimension=           3
  1.32565042700873191E-010  9.29289176240550067E-004
   0.0000000000000000       1.19427966397183062E-012
 Atom=           1 Dimension=           1
 -7.49265294592176343E-006   0.0000000000000000     
 -6.04659127099856867E-003 -5.77828031249574886E-006
 Atom=           1 Dimension=           2
 -4.52932473408779086E-006   0.0000000000000000     
  1.61391379256003130E-003 -7.56363764487917326E-006
 Atom=           1 Dimension=           3
 -5.13393030682311074E-006   0.0000000000000000     
  7.12858205489399501E-004 -3.74013398361822999E-006
 Atom=           2 Dimension=           1
  2.50798729434084416E-011   0.0000000000000000     
  5.23865719719262689E-004  7.16567798383098412E-012
 Atom=           2 Dimension=           2
  8.35995764780281494E-012   0.0000000000000000     
 -6.92424053716834010E-004  1.19427966397183066E-011
 Atom=           2 Dimension=           3
  1.19427966397183066E-011   0.0000000000000000     
 -2.87067141189500854E-004  1.79141949595774603E-012
 Atom=           3 Dimension=           1
  3.71420975495239336E-010   0.0000000000000000     
 -2.30998606902004140E-003  3.55895339863605522E-010
 Atom=           3 Dimension=           2
  1.24802224885056310E-010   0.0000000000000000     
  3.05321423452821310E-003  6.21025425265351956E-010
 Atom=           3 Dimension=           3
  1.77947669931802761E-010   0.0000000000000000     
  1.26579740321515585E-003  1.06888029925478839E-010
 Atom=           4 Dimension=           1
 -6.99674055682401696E-006   0.0000000000000000     
 -9.47365884288921788E-003 -6.02998699304436717E-006
 Atom=           4 Dimension=           2
 -4.40848751768712133E-006   0.0000000000000000     
 -7.31033055637522137E-003 -7.36058860497001117E-006
 Atom=           4 Dimension=           3
 -5.76008964179396139E-006   0.0000000000000000     
  5.71354620141433802E-004 -3.63296738796112929E-006
 Atom=           5 Dimension=           1
  8.41967163100140668E-011   0.0000000000000000     
 -2.14452994293742481E-003  3.83363772134957607E-010
 Atom=           5 Dimension=           2
  3.10512712632675965E-011   0.0000000000000000     
  2.59399727884014695E-003  5.62505721730732241E-010
 Atom=           5 Dimension=           3
  6.15054026945492691E-011   0.0000000000000000     
  1.00089552151802594E-003  8.35995764780281429E-011
 Atom=           6 Dimension=           1
  1.80336229259746405E-010   0.0000000000000000     
  4.36657756858806635E-003  6.56853815184506830E-012
 Atom=           6 Dimension=           2
  6.56853815184506846E-011   0.0000000000000000     
 -5.28201846893898951E-003  9.55423731177464495E-012
 Atom=           6 Dimension=           3
  1.32565042700873191E-010   0.0000000000000000     
 -2.03806762661274841E-003  1.19427966397183062E-012
 Atom=           7 Dimension=           1
 -7.49265294592176343E-006  1.01424636284940875E-002
   0.0000000000000000      -5.77828031249574886E-006
 Atom=           7 Dimension=           2
 -4.52932473408779086E-006  4.06264286942878590E-003
   0.0000000000000000      -7.56363764487917326E-006
 Atom=           7 Dimension=           3
 -5.13393030682311074E-006 -2.48394212145002912E-003
   0.0000000000000000      -3.74013398361822999E-006
 Atom=           8 Dimension=           1
  2.50798729434084416E-011  4.77844127415022815E-004
   0.0000000000000000       7.16567798383098412E-012
 Atom=           8 Dimension=           2
  8.35995764780281494E-012  2.76962286258358714E-004
   0.0000000000000000       1.19427966397183066E-011
 Atom=           8 Dimension=           3
  1.19427966397183066E-011  3.31043980353780192E-004
   0.0000000000000000       1.79141949595774603E-012
 Atom=           9 Dimension=           1
  3.71420975495239336E-010 -1.96199723169165636E-003
   0.0000000000000000       3.55895339863605522E-010
 Atom=           9 Dimension=           2
  1.24802224885056310E-010 -1.13724725392960898E-003
   0.0000000000000000       6.21025425265351956E-010
 Atom=           9 Dimension=           3
  1.77947669931802761E-010 -1.35928823263073623E-003
   0.0000000000000000       1.06888029925478839E-010
 Atom=          10 Dimension=           1
 -6.99674055682401696E-006  5.05519286256724855E-003
   0.0000000000000000      -6.02998699304436717E-006
 Atom=          10 Dimension=           2
 -4.40848751768712133E-006  1.99235893108325960E-003
   0.0000000000000000      -7.36058860497001117E-006
 Atom=          10 Dimension=           3
 -5.76008964179396139E-006  1.11164329199431203E-003
   0.0000000000000000      -3.63296738796112929E-006
 Atom=          11 Dimension=           1
  8.41967163100140668E-011  2.86050636006248955E-004
   0.0000000000000000       3.83363772134957607E-010
 Atom=          11 Dimension=           2
  3.10512712632675965E-011  1.72575163377554114E-004
   0.0000000000000000       5.62505721730732241E-010
 Atom=          11 Dimension=           3
  6.15054026945492691E-011  2.44714610950185125E-004
   0.0000000000000000       8.35995764780281429E-011
 Atom=          12 Dimension=           1
  1.80336229259746405E-010  1.08637741297893916E-003
   0.0000000000000000       6.56853815184506830E-012
 Atom=          12 Dimension=           2
  6.56853815184506846E-011  6.55308248663306588E-004
   0.0000000000000000       9.55423731177464495E-012
 Atom=          12 Dimension=           3
  1.32565042700873191E-010  9.29289176240550067E-004
   0.0000000000000000       1.19427966397183062E-012
 Atom=           1 Dimension=           1
 -7.49265294592176343E-006   0.0000000000000000     
 -6.04659127099856867E-003 -5.77828031249574886E-006
 Atom=           1 Dimension=           2
 -4.52932473408779086E-006   0.0000000000000000     
  1.61391379256003130E-003 -7.56363764487917326E-006
 Atom=           1 Dimension=           3
 -5.13393030682311074E-006   0.0000000000000000     
  7.12858205489399501E-004 -3.74013398361822999E-006
 Atom=           2 Dimension=           1
  2.50798729434084416E-011   0.0000000000000000     
  5.23865719719262689E-004  7.16567798383098412E-012
 Atom=           2 Dimension=           2
  8.35995764780281494E-012   0.0000000000000000     
 -6.92424053716834010E-004  1.19427966397183066E-011
 Atom=           2 Dimension=           3
  1.19427966397183066E-011   0.0000000000000000     
 -2.87067141189500854E-004  1.79141949595774603E-012
 Atom=           3 Dimension=           1
  3.71420975495239336E-010   0.0000000000000000     
 -2.30998606902004140E-003  3.55895339863605522E-010
 Atom=           3 Dimension=           2
  1.24802224885056310E-010   0.0000000000000000     
  3.05321423452821310E-003  6.21025425265351956E-010
 Atom=           3 Dimension=           3
  1.77947669931802761E-010   0.0000000000000000     
  1.26579740321515585E-003  1.06888029925478839E-010
 Atom=           4 Dimension=           1
 -6.99674055682401696E-006   0.0000000000000000     
 -9.47365884288921788E-003 -6.02998699304436717E-006
 Atom=           4 Dimension=           2
 -4.40848751768712133E-006   0.0000000000000000     
 -7.31033055637522137E-003 -7.36058860497001117E-006
 Atom=           4 Dimension=           3
 -5.76008964179396139E-006   0.0000000000000000     
  5.71354620141433802E-004 -3.63296738796112929E-006
 Atom=           5 Dimension=           1
  8.41967163100140668E-011   0.0000000000000000     
 -2.14452994293742481E-003  3.83363772134957607E-010
 Atom=           5 Dimension=           2
  3.10512712632675965E-011   0.0000000000000000     
  2.59399727884014695E-003  5.62505721730732241E-010
 Atom=           5 Dimension=           3
  6.15054026945492691E-011   0.0000000000000000     
  1.00089552151802594E-003  8.35995764780281429E-011
 Atom=           6 Dimension=           1
  1.80336229259746405E-010   0.0000000000000000     
  4.36657756858806635E-003  6.56853815184506830E-012
 Atom=           6 Dimension=           2
  6.56853815184506846E-011   0.0000000000000000     
 -5.28201846893898951E-003  9.55423731177464495E-012
 Atom=           6 Dimension=           3
  1.32565042700873191E-010   0.0000000000000000     
 -2.03806762661274841E-003  1.19427966397183062E-012
 Atom=           7 Dimension=           1
 -7.49265294592176343E-006  1.01424636284940875E-002
   0.0000000000000000      -5.77828031249574886E-006
 Atom=           7 Dimension=           2
 -4.52932473408779086E-006  4.06264286942878590E-003
   0.0000000000000000      -7.56363764487917326E-006
 Atom=           7 Dimension=           3
 -5.13393030682311074E-006 -2.48394212145002912E-003
   0.0000000000000000      -3.74013398361822999E-006
 Atom=           8 Dimension=           1
  2.50798729434084416E-011  4.77844127415022815E-004
   0.0000000000000000       7.16567798383098412E-012
 Atom=           8 Dimension=           2
  8.35995764780281494E-012  2.76962286258358714E-004
   0.0000000000000000       1.19427966397183066E-011
 Atom=           8 Dimension=           3
  1.19427966397183066E-011  3.31043980353780192E-004
   0.0000000000000000       1.79141949595774603E-012
 Atom=           9 Dimension=           1
  3.71420975495239336E-010 -1.96199723169165636E-003
   0.0000000000000000       3.55895339863605522E-010
 Atom=           9 Dimension=           2
  1.24802224885056310E-010 -1.13724725392960898E-003
   0.0000000000000000       6.21025425265351956E-010
 Atom=           9 Dimension=           3
  1.77947669931802761E-010 -1.35928823263073623E-003
   0.0000000000000000       1.06888029925478839E-010
 Atom=          10 Dimension=           1
 -6.99674055682401696E-006  5.05519286256724855E-003
   0.0000000000000000      -6.02998699304436717E-006
 Atom=          10 Dimension=           2
 -4.40848751768712133E-006  1.99235893108325960E-003
   0.0000000000000000      -7.36058860497001117E-006
 Atom=          10 Dimension=           3
 -5.76008964179396139E-006  1.11164329199431203E-003
   0.0000000000000000      -3.63296738796112929E-006
 Atom=          11 Dimension=           1
  8.41967163100140668E-011  2.86050636006248955E-004
   0.0000000000000000       3.83363772134957607E-010
 Atom=          11 Dimension=           2
  3.10512712632675965E-011  1.72575163377554114E-004
   0.0000000000000000       5.62505721730732241E-010
 Atom=          11 Dimension=           3
  6.15054026945492691E-011  2.44714610950185125E-004
   0.0000000000000000       8.35995764780281429E-011
 Atom=          12 Dimension=           1
  1.80336229259746405E-010  1.08637741297893916E-003
   0.0000000000000000       6.56853815184506830E-012
 Atom=          12 Dimension=           2
  6.56853815184506846E-011  6.55308248663306588E-004
   0.0000000000000000       9.55423731177464495E-012
 Atom=          12 Dimension=           3
  1.32565042700873191E-010  9.29289176240550067E-004
   0.0000000000000000       1.19427966397183062E-012
