 Atom=           1 Dimension=           1
 -6.40273630609585947E-006   0.0000000000000000     
  9.52067593900613948E-003 -5.76833256003469516E-006
 Atom=           1 Dimension=           2
 -3.22570160120135590E-006   0.0000000000000000     
  2.54432840960624280E-003 -4.21607473246529171E-006
 Atom=           1 Dimension=           3
 -7.69187969376638347E-006   0.0000000000000000     
  1.36240600195746322E-002 -7.18996366079785049E-006
 Atom=           2 Dimension=           1
  2.03027542875211183E-011   0.0000000000000000     
 -5.99380496407820370E-003  4.83683263908591373E-011
 Atom=           2 Dimension=           2
  1.79141949595774603E-012   0.0000000000000000     
 -3.84916633544004965E-003  1.97056144555352041E-011
 Atom=           2 Dimension=           3
  2.74684322713521016E-011   0.0000000000000000     
  7.33159894714584173E-003  7.28510595022816680E-011
 Atom=           3 Dimension=           1
  4.41883475669577347E-011   0.0000000000000000     
  1.54198778332735489E-003  4.17997882390140747E-012
 Atom=           3 Dimension=           2
  2.98569915992957665E-012   0.0000000000000000     
  9.90150714516073883E-004  1.79141949595774603E-012
 Atom=           3 Dimension=           3
  6.03111230305774472E-011   0.0000000000000000     
 -1.88583312543343855E-003  6.56853815184506830E-012
 Atom=           4 Dimension=           1
 -6.10208177494943896E-006   0.0000000000000000     
  6.64972980169773343E-003 -6.38754059022139779E-006
 Atom=           4 Dimension=           2
 -3.28354653672583124E-006   0.0000000000000000     
  4.63568610702153397E-003 -4.08090168154821987E-006
 Atom=           4 Dimension=           3
 -7.98184094337151663E-006   0.0000000000000000     
 -2.34874747769538367E-003 -6.68454152130581221E-006
 Atom=           5 Dimension=           1
  9.19595341258309611E-011   0.0000000000000000     
  2.94765585573599290E-003  4.17997882390140715E-011
 Atom=           5 Dimension=           2
  8.95709747978872914E-012   0.0000000000000000     
  1.59919121877064854E-003  1.25399364717042208E-011
 Atom=           5 Dimension=           3
  1.49882097828464726E-010   0.0000000000000000     
 -3.01715385192158347E-003  4.41883475669577347E-011
 Atom=           6 Dimension=           1
  5.97139831985915309E-013   0.0000000000000000     
 -2.33977779123901503E-004 -5.97139831985915309E-013
 Atom=           6 Dimension=           2
 -5.97139831985915309E-013   0.0000000000000000     
 -1.26953351786922579E-004 -5.97139831985915309E-013
 Atom=           6 Dimension=           3
  1.19427966397183062E-012   0.0000000000000000     
  2.39534384074957616E-004  5.97139831985915309E-013
 Atom=           7 Dimension=           1
 -6.40273630609585947E-006  5.34690571139864301E-003
   0.0000000000000000      -5.76833256003469516E-006
 Atom=           7 Dimension=           2
 -3.22570160120135590E-006  2.21744197360751851E-003
   0.0000000000000000      -4.21607473246529171E-006
 Atom=           7 Dimension=           3
 -7.69187969376638347E-006  4.94838049119151330E-003
   0.0000000000000000      -7.18996366079785049E-006
 Atom=           8 Dimension=           1
  2.03027542875211183E-011  5.11140304834474361E-003
   0.0000000000000000       4.83683263908591373E-011
 Atom=           8 Dimension=           2
  1.79141949595774603E-012  1.40619328212002745E-003
   0.0000000000000000       1.97056144555352041E-011
 Atom=           8 Dimension=           3
  2.74684322713521016E-011 -5.96472969592113603E-003
   0.0000000000000000       7.28510595022816680E-011
 Atom=           9 Dimension=           1
  4.41883475669577347E-011 -2.45585635971308069E-003
   0.0000000000000000       4.17997882390140747E-012
 Atom=           9 Dimension=           2
  2.98569915992957665E-012 -6.75619200654386902E-004
   0.0000000000000000       1.79141949595774603E-012
 Atom=           9 Dimension=           3
  6.03111230305774472E-011  2.86571949059272061E-003
   0.0000000000000000       6.56853815184506830E-012
 Atom=          10 Dimension=           1
 -6.10208177494943896E-006  6.86717375844451798E-003
   0.0000000000000000      -6.38754059022139779E-006
 Atom=          10 Dimension=           2
 -3.28354653672583124E-006  2.98497711867285126E-003
   0.0000000000000000      -4.08090168154821987E-006
 Atom=          10 Dimension=           3
 -7.98184094337151663E-006  1.15343383380666908E-002
   0.0000000000000000      -6.68454152130581221E-006
 Atom=          11 Dimension=           1
  9.19595341258309611E-011 -5.94576305424905031E-003
   0.0000000000000000       4.17997882390140715E-011
 Atom=          11 Dimension=           2
  8.95709747978872914E-012 -1.90777467587404780E-003
   0.0000000000000000       1.25399364717042208E-011
 Atom=          11 Dimension=           3
  1.49882097828464726E-010  7.60151378515105079E-003
   0.0000000000000000       4.41883475669577347E-011
 Atom=          12 Dimension=           1
  5.97139831985915309E-013  5.50963459977301534E-003
   0.0000000000000000      -5.97139831985915309E-013
 Atom=          12 Dimension=           2
 -5.97139831985915309E-013  1.76785791019132645E-003
   0.0000000000000000      -5.97139831985915309E-013
 Atom=          12 Dimension=           3
  1.19427966397183062E-012 -7.04427709803233642E-003
   0.0000000000000000       5.97139831985915309E-013
 Atom=           1 Dimension=           1
 -6.40273630609585947E-006   0.0000000000000000     
  9.52067593900613948E-003 -5.76833256003469516E-006
 Atom=           1 Dimension=           2
 -3.22570160120135590E-006   0.0000000000000000     
  2.54432840960624280E-003 -4.21607473246529171E-006
 Atom=           1 Dimension=           3
 -7.69187969376638347E-006   0.0000000000000000     
  1.36240600195746322E-002 -7.18996366079785049E-006
 Atom=           2 Dimension=           1
  2.03027542875211183E-011   0.0000000000000000     
 -5.99380496407820370E-003  4.83683263908591373E-011
 Atom=           2 Dimension=           2
  1.79141949595774603E-012   0.0000000000000000     
 -3.84916633544004965E-003  1.97056144555352041E-011
 Atom=           2 Dimension=           3
  2.74684322713521016E-011   0.0000000000000000     
  7.33159894714584173E-003  7.28510595022816680E-011
 Atom=           3 Dimension=           1
  4.41883475669577347E-011   0.0000000000000000     
  1.54198778332735489E-003  4.17997882390140747E-012
 Atom=           3 Dimension=           2
  2.98569915992957665E-012   0.0000000000000000     
  9.90150714516073883E-004  1.79141949595774603E-012
 Atom=           3 Dimension=           3
  6.03111230305774472E-011   0.0000000000000000     
 -1.88583312543343855E-003  6.56853815184506830E-012
 Atom=           4 Dimension=           1
 -6.10208177494943896E-006   0.0000000000000000     
  6.64972980169773343E-003 -6.38754059022139779E-006
 Atom=           4 Dimension=           2
 -3.28354653672583124E-006   0.0000000000000000     
  4.63568610702153397E-003 -4.08090168154821987E-006
 Atom=           4 Dimension=           3
 -7.98184094337151663E-006   0.0000000000000000     
 -2.34874747769538367E-003 -6.68454152130581221E-006
 Atom=           5 Dimension=           1
  9.19595341258309611E-011   0.0000000000000000     
  2.94765585573599290E-003  4.17997882390140715E-011
 Atom=           5 Dimension=           2
  8.95709747978872914E-012   0.0000000000000000     
  1.59919121877064854E-003  1.25399364717042208E-011
 Atom=           5 Dimension=           3
  1.49882097828464726E-010   0.0000000000000000     
 -3.01715385192158347E-003  4.41883475669577347E-011
 Atom=           6 Dimension=           1
  5.97139831985915309E-013   0.0000000000000000     
 -2.33977779123901503E-004 -5.97139831985915309E-013
 Atom=           6 Dimension=           2
 -5.97139831985915309E-013   0.0000000000000000     
 -1.26953351786922579E-004 -5.97139831985915309E-013
 Atom=           6 Dimension=           3
  1.19427966397183062E-012   0.0000000000000000     
  2.39534384074957616E-004  5.97139831985915309E-013
 Atom=           7 Dimension=           1
 -6.40273630609585947E-006  5.34690571139864301E-003
   0.0000000000000000      -5.76833256003469516E-006
 Atom=           7 Dimension=           2
 -3.22570160120135590E-006  2.21744197360751851E-003
   0.0000000000000000      -4.21607473246529171E-006
 Atom=           7 Dimension=           3
 -7.69187969376638347E-006  4.94838049119151330E-003
   0.0000000000000000      -7.18996366079785049E-006
 Atom=           8 Dimension=           1
  2.03027542875211183E-011  5.11140304834474361E-003
   0.0000000000000000       4.83683263908591373E-011
 Atom=           8 Dimension=           2
  1.79141949595774603E-012  1.40619328212002745E-003
   0.0000000000000000       1.97056144555352041E-011
 Atom=           8 Dimension=           3
  2.74684322713521016E-011 -5.96472969592113603E-003
   0.0000000000000000       7.28510595022816680E-011
 Atom=           9 Dimension=           1
  4.41883475669577347E-011 -2.45585635971308069E-003
   0.0000000000000000       4.17997882390140747E-012
 Atom=           9 Dimension=           2
  2.98569915992957665E-012 -6.75619200654386902E-004
   0.0000000000000000       1.79141949595774603E-012
 Atom=           9 Dimension=           3
  6.03111230305774472E-011  2.86571949059272061E-003
   0.0000000000000000       6.56853815184506830E-012
 Atom=          10 Dimension=           1
 -6.10208177494943896E-006  6.86717375844451798E-003
   0.0000000000000000      -6.38754059022139779E-006
 Atom=          10 Dimension=           2
 -3.28354653672583124E-006  2.98497711867285126E-003
   0.0000000000000000      -4.08090168154821987E-006
 Atom=          10 Dimension=           3
 -7.98184094337151663E-006  1.15343383380666908E-002
   0.0000000000000000      -6.68454152130581221E-006
 Atom=          11 Dimension=           1
  9.19595341258309611E-011 -5.94576305424905031E-003
   0.0000000000000000       4.17997882390140715E-011
 Atom=          11 Dimension=           2
  8.95709747978872914E-012 -1.90777467587404780E-003
   0.0000000000000000       1.25399364717042208E-011
 Atom=          11 Dimension=           3
  1.49882097828464726E-010  7.60151378515105079E-003
   0.0000000000000000       4.41883475669577347E-011
 Atom=          12 Dimension=           1
  5.97139831985915309E-013  5.50963459977301534E-003
   0.0000000000000000      -5.97139831985915309E-013
 Atom=          12 Dimension=           2
 -5.97139831985915309E-013  1.76785791019132645E-003
   0.0000000000000000      -5.97139831985915309E-013
 Atom=          12 Dimension=           3
  1.19427966397183062E-012 -7.04427709803233642E-003
   0.0000000000000000       5.97139831985915309E-013
 Atom=           1 Dimension=           1
 -6.40258343829887110E-006   0.0000000000000000     
  9.52000131363777216E-003 -5.76830121019351595E-006
 Atom=           1 Dimension=           2
 -3.22569085268437991E-006   0.0000000000000000     
  2.54424907039853829E-003 -4.21598964003923336E-006
 Atom=           1 Dimension=           3
 -7.69201255737900058E-006   0.0000000000000000     
  1.36241258355431667E-002 -7.19008756731298830E-006
 Atom=           2 Dimension=           1
  2.03027542875211183E-011   0.0000000000000000     
 -5.99377710451934245E-003  4.83683263908591373E-011
 Atom=           2 Dimension=           2
  1.19427966397183062E-012   0.0000000000000000     
 -3.84901194773558256E-003  1.97056144555352041E-011
 Atom=           2 Dimension=           3
  2.80655721033380223E-011   0.0000000000000000     
  7.33173021296155275E-003  7.28510595022816680E-011
 Atom=           3 Dimension=           1
  4.47854873989436457E-011   0.0000000000000000     
  1.54208676847285265E-003  3.58283899191549206E-012
 Atom=           3 Dimension=           2
  3.58283899191549206E-012   0.0000000000000000     
  9.90179164049089303E-004  1.79141949595774603E-012
 Atom=           3 Dimension=           3
  6.03111230305774472E-011   0.0000000000000000     
 -1.88599674865183196E-003  6.56853815184506830E-012
 Atom=           4 Dimension=           1
 -6.10198623257632144E-006   0.0000000000000000     
  6.64942638136417023E-003 -6.38744892925718797E-006
 Atom=           4 Dimension=           2
 -3.28348980844179277E-006   0.0000000000000000     
  4.63541018281260226E-003 -4.08089959155880888E-006
 Atom=           4 Dimension=           3
 -7.98195021996077076E-006   0.0000000000000000     
 -2.34870880524040877E-003 -6.68462273232296202E-006
 Atom=           5 Dimension=           1
  9.19595341258309611E-011   0.0000000000000000     
  2.94764129388404988E-003  4.23969280709999889E-011
 Atom=           5 Dimension=           2
  9.55423731177464495E-012   0.0000000000000000     
  1.59921232975369855E-003  1.19427966397183066E-011
 Atom=           5 Dimension=           3
  1.51076377492436573E-010   0.0000000000000000     
 -3.01721138100745790E-003  4.35912077349718173E-011
 Atom=           6 Dimension=           1
  1.19427966397183062E-012   0.0000000000000000     
 -2.34048756395932264E-004   0.0000000000000000     
 Atom=           6 Dimension=           2
  5.97139831985915309E-013   0.0000000000000000     
 -1.26994165585335249E-004 -5.97139831985915309E-013
 Atom=           6 Dimension=           3
  1.19427966397183062E-012   0.0000000000000000     
  2.39612788758824797E-004   0.0000000000000000     
 Atom=           7 Dimension=           1
 -6.40258343829887110E-006  5.34660133388724975E-003
   0.0000000000000000      -5.76830121019351595E-006
 Atom=           7 Dimension=           2
 -3.22569085268437991E-006  2.21735115345351357E-003
   0.0000000000000000      -4.21598964003923336E-006
 Atom=           7 Dimension=           3
 -7.69201255737900058E-006  4.94836880258983560E-003
   0.0000000000000000      -7.19008756731298830E-006
 Atom=           8 Dimension=           1
  2.03027542875211183E-011  5.11134620869412633E-003
   0.0000000000000000       4.83683263908591373E-011
 Atom=           8 Dimension=           2
  1.19427966397183062E-012  1.40620131719628523E-003
   0.0000000000000000       1.97056144555352041E-011
 Atom=           8 Dimension=           3
  2.80655721033380223E-011 -5.96487982751145104E-003
   0.0000000000000000       7.28510595022816680E-011
 Atom=           9 Dimension=           1
  4.47854873989436457E-011 -2.45581870265706818E-003
   0.0000000000000000       3.58283899191549206E-012
 Atom=           9 Dimension=           2
  3.58283899191549206E-012 -6.75620216650489689E-004
   0.0000000000000000       1.79141949595774603E-012
 Atom=           9 Dimension=           3
  6.03111230305774472E-011  2.86577956106839893E-003
   0.0000000000000000       6.56853815184506830E-012
 Atom=          10 Dimension=           1
 -6.10198623257632144E-006  6.86659471422603699E-003
   0.0000000000000000      -6.38744892925718797E-006
 Atom=          10 Dimension=           2
 -3.28348980844179277E-006  2.98486945122615954E-003
   0.0000000000000000      -4.08089959155880888E-006
 Atom=          10 Dimension=           3
 -7.98195021996077076E-006  1.15344750058332494E-002
   0.0000000000000000      -6.68462273232296202E-006
 Atom=          11 Dimension=           1
  9.19595341258309611E-011 -5.94568183655139887E-003
   0.0000000000000000       4.23969280709999889E-011
 Atom=          11 Dimension=           2
  9.55423731177464495E-012 -1.90760755248320780E-003
   0.0000000000000000       1.19427966397183066E-011
 Atom=          11 Dimension=           3
  1.51076377492436573E-010  7.60160676627946470E-003
   0.0000000000000000       4.35912077349718173E-011
 Atom=          12 Dimension=           1
  1.19427966397183062E-012  5.50951922048932216E-003
   0.0000000000000000        0.0000000000000000     
 Atom=          12 Dimension=           2
  5.97139831985915309E-013  1.76769016831290543E-003
   0.0000000000000000      -5.97139831985915309E-013
 Atom=          12 Dimension=           3
  1.19427966397183062E-012 -7.04431192669821224E-003
   0.0000000000000000        0.0000000000000000     
 Atom=           1 Dimension=           1
 -6.40258343829887110E-006   0.0000000000000000     
  9.52000131363777216E-003 -5.76830121019351595E-006
 Atom=           1 Dimension=           2
 -3.22569085268437991E-006   0.0000000000000000     
  2.54424907039853829E-003 -4.21598964003923336E-006
 Atom=           1 Dimension=           3
 -7.69201255737900058E-006   0.0000000000000000     
  1.36241258355431667E-002 -7.19008756731298830E-006
 Atom=           2 Dimension=           1
  2.03027542875211183E-011   0.0000000000000000     
 -5.99377710451934245E-003  4.83683263908591373E-011
 Atom=           2 Dimension=           2
  1.19427966397183062E-012   0.0000000000000000     
 -3.84901194773558256E-003  1.97056144555352041E-011
 Atom=           2 Dimension=           3
  2.80655721033380223E-011   0.0000000000000000     
  7.33173021296155275E-003  7.28510595022816680E-011
 Atom=           3 Dimension=           1
  4.47854873989436457E-011   0.0000000000000000     
  1.54208676847285265E-003  3.58283899191549206E-012
 Atom=           3 Dimension=           2
  3.58283899191549206E-012   0.0000000000000000     
  9.90179164049089303E-004  1.79141949595774603E-012
 Atom=           3 Dimension=           3
  6.03111230305774472E-011   0.0000000000000000     
 -1.88599674865183196E-003  6.56853815184506830E-012
 Atom=           4 Dimension=           1
 -6.10198623257632144E-006   0.0000000000000000     
  6.64942638136417023E-003 -6.38744892925718797E-006
 Atom=           4 Dimension=           2
 -3.28348980844179277E-006   0.0000000000000000     
  4.63541018281260226E-003 -4.08089959155880888E-006
 Atom=           4 Dimension=           3
 -7.98195021996077076E-006   0.0000000000000000     
 -2.34870880524040877E-003 -6.68462273232296202E-006
 Atom=           5 Dimension=           1
  9.19595341258309611E-011   0.0000000000000000     
  2.94764129388404988E-003  4.23969280709999889E-011
 Atom=           5 Dimension=           2
  9.55423731177464495E-012   0.0000000000000000     
  1.59921232975369855E-003  1.19427966397183066E-011
 Atom=           5 Dimension=           3
  1.51076377492436573E-010   0.0000000000000000     
 -3.01721138100745790E-003  4.35912077349718173E-011
 Atom=           6 Dimension=           1
  1.19427966397183062E-012   0.0000000000000000     
 -2.34048756395932264E-004   0.0000000000000000     
 Atom=           6 Dimension=           2
  5.97139831985915309E-013   0.0000000000000000     
 -1.26994165585335249E-004 -5.97139831985915309E-013
 Atom=           6 Dimension=           3
  1.19427966397183062E-012   0.0000000000000000     
  2.39612788758824797E-004   0.0000000000000000     
 Atom=           7 Dimension=           1
 -6.40258343829887110E-006  5.34660133388724975E-003
   0.0000000000000000      -5.76830121019351595E-006
 Atom=           7 Dimension=           2
 -3.22569085268437991E-006  2.21735115345351357E-003
   0.0000000000000000      -4.21598964003923336E-006
 Atom=           7 Dimension=           3
 -7.69201255737900058E-006  4.94836880258983560E-003
   0.0000000000000000      -7.19008756731298830E-006
 Atom=           8 Dimension=           1
  2.03027542875211183E-011  5.11134620869412633E-003
   0.0000000000000000       4.83683263908591373E-011
 Atom=           8 Dimension=           2
  1.19427966397183062E-012  1.40620131719628523E-003
   0.0000000000000000       1.97056144555352041E-011
 Atom=           8 Dimension=           3
  2.80655721033380223E-011 -5.96487982751145104E-003
   0.0000000000000000       7.28510595022816680E-011
 Atom=           9 Dimension=           1
  4.47854873989436457E-011 -2.45581870265706818E-003
   0.0000000000000000       3.58283899191549206E-012
 Atom=           9 Dimension=           2
  3.58283899191549206E-012 -6.75620216650489689E-004
   0.0000000000000000       1.79141949595774603E-012
 Atom=           9 Dimension=           3
  6.03111230305774472E-011  2.86577956106839893E-003
   0.0000000000000000       6.56853815184506830E-012
 Atom=          10 Dimension=           1
 -6.10198623257632144E-006  6.86659471422603699E-003
   0.0000000000000000      -6.38744892925718797E-006
 Atom=          10 Dimension=           2
 -3.28348980844179277E-006  2.98486945122615954E-003
   0.0000000000000000      -4.08089959155880888E-006
 Atom=          10 Dimension=           3
 -7.98195021996077076E-006  1.15344750058332494E-002
   0.0000000000000000      -6.68462273232296202E-006
 Atom=          11 Dimension=           1
  9.19595341258309611E-011 -5.94568183655139887E-003
   0.0000000000000000       4.23969280709999889E-011
 Atom=          11 Dimension=           2
  9.55423731177464495E-012 -1.90760755248320780E-003
   0.0000000000000000       1.19427966397183066E-011
 Atom=          11 Dimension=           3
  1.51076377492436573E-010  7.60160676627946470E-003
   0.0000000000000000       4.35912077349718173E-011
 Atom=          12 Dimension=           1
  1.19427966397183062E-012  5.50951922048932216E-003
   0.0000000000000000        0.0000000000000000     
 Atom=          12 Dimension=           2
  5.97139831985915309E-013  1.76769016831290543E-003
   0.0000000000000000      -5.97139831985915309E-013
 Atom=          12 Dimension=           3
  1.19427966397183062E-012 -7.04431192669821224E-003
   0.0000000000000000        0.0000000000000000     
 Atom=           1 Dimension=           1
 -6.40258343829887110E-006   0.0000000000000000     
  9.52000131363777216E-003 -5.76830121019351595E-006
 Atom=           1 Dimension=           2
 -3.22569085268437991E-006   0.0000000000000000     
  2.54424907039853829E-003 -4.21598964003923336E-006
 Atom=           1 Dimension=           3
 -7.69201255737900058E-006   0.0000000000000000     
  1.36241258355431667E-002 -7.19008756731298830E-006
 Atom=           2 Dimension=           1
  2.03027542875211183E-011   0.0000000000000000     
 -5.99377710451934245E-003  4.83683263908591373E-011
 Atom=           2 Dimension=           2
  1.19427966397183062E-012   0.0000000000000000     
 -3.84901194773558256E-003  1.97056144555352041E-011
 Atom=           2 Dimension=           3
  2.80655721033380223E-011   0.0000000000000000     
  7.33173021296155275E-003  7.28510595022816680E-011
 Atom=           3 Dimension=           1
  4.47854873989436457E-011   0.0000000000000000     
  1.54208676847285265E-003  3.58283899191549206E-012
 Atom=           3 Dimension=           2
  3.58283899191549206E-012   0.0000000000000000     
  9.90179164049089303E-004  1.79141949595774603E-012
 Atom=           3 Dimension=           3
  6.03111230305774472E-011   0.0000000000000000     
 -1.88599674865183196E-003  6.56853815184506830E-012
 Atom=           4 Dimension=           1
 -6.10198623257632144E-006   0.0000000000000000     
  6.64942638136417023E-003 -6.38744892925718797E-006
 Atom=           4 Dimension=           2
 -3.28348980844179277E-006   0.0000000000000000     
  4.63541018281260226E-003 -4.08089959155880888E-006
 Atom=           4 Dimension=           3
 -7.98195021996077076E-006   0.0000000000000000     
 -2.34870880524040877E-003 -6.68462273232296202E-006
 Atom=           5 Dimension=           1
  9.19595341258309611E-011   0.0000000000000000     
  2.94764129388404988E-003  4.23969280709999889E-011
 Atom=           5 Dimension=           2
  9.55423731177464495E-012   0.0000000000000000     
  1.59921232975369855E-003  1.19427966397183066E-011
 Atom=           5 Dimension=           3
  1.51076377492436573E-010   0.0000000000000000     
 -3.01721138100745790E-003  4.35912077349718173E-011
 Atom=           6 Dimension=           1
  1.19427966397183062E-012   0.0000000000000000     
 -2.34048756395932264E-004   0.0000000000000000     
 Atom=           6 Dimension=           2
  5.97139831985915309E-013   0.0000000000000000     
 -1.26994165585335249E-004 -5.97139831985915309E-013
 Atom=           6 Dimension=           3
  1.19427966397183062E-012   0.0000000000000000     
  2.39612788758824797E-004   0.0000000000000000     
 Atom=           7 Dimension=           1
 -6.40258343829887110E-006  5.34660133388724975E-003
   0.0000000000000000      -5.76830121019351595E-006
 Atom=           7 Dimension=           2
 -3.22569085268437991E-006  2.21735115345351357E-003
   0.0000000000000000      -4.21598964003923336E-006
 Atom=           7 Dimension=           3
 -7.69201255737900058E-006  4.94836880258983560E-003
   0.0000000000000000      -7.19008756731298830E-006
 Atom=           8 Dimension=           1
  2.03027542875211183E-011  5.11134620869412633E-003
   0.0000000000000000       4.83683263908591373E-011
 Atom=           8 Dimension=           2
  1.19427966397183062E-012  1.40620131719628523E-003
   0.0000000000000000       1.97056144555352041E-011
 Atom=           8 Dimension=           3
  2.80655721033380223E-011 -5.96487982751145104E-003
   0.0000000000000000       7.28510595022816680E-011
 Atom=           9 Dimension=           1
  4.47854873989436457E-011 -2.45581870265706818E-003
   0.0000000000000000       3.58283899191549206E-012
 Atom=           9 Dimension=           2
  3.58283899191549206E-012 -6.75620216650489689E-004
   0.0000000000000000       1.79141949595774603E-012
 Atom=           9 Dimension=           3
  6.03111230305774472E-011  2.86577956106839893E-003
   0.0000000000000000       6.56853815184506830E-012
 Atom=          10 Dimension=           1
 -6.10198623257632144E-006  6.86659471422603699E-003
   0.0000000000000000      -6.38744892925718797E-006
 Atom=          10 Dimension=           2
 -3.28348980844179277E-006  2.98486945122615954E-003
   0.0000000000000000      -4.08089959155880888E-006
 Atom=          10 Dimension=           3
 -7.98195021996077076E-006  1.15344750058332494E-002
   0.0000000000000000      -6.68462273232296202E-006
 Atom=          11 Dimension=           1
  9.19595341258309611E-011 -5.94568183655139887E-003
   0.0000000000000000       4.23969280709999889E-011
 Atom=          11 Dimension=           2
  9.55423731177464495E-012 -1.90760755248320780E-003
   0.0000000000000000       1.19427966397183066E-011
 Atom=          11 Dimension=           3
  1.51076377492436573E-010  7.60160676627946470E-003
   0.0000000000000000       4.35912077349718173E-011
 Atom=          12 Dimension=           1
  1.19427966397183062E-012  5.50951922048932216E-003
   0.0000000000000000        0.0000000000000000     
 Atom=          12 Dimension=           2
  5.97139831985915309E-013  1.76769016831290543E-003
   0.0000000000000000      -5.97139831985915309E-013
 Atom=          12 Dimension=           3
  1.19427966397183062E-012 -7.04431192669821224E-003
   0.0000000000000000        0.0000000000000000     
