 Atom=           1 Dimension=           1
 -9.88622197848587016E-006   0.0000000000000000     
  1.51611592592223714E-002 -6.62782995718244542E-006
 Atom=           1 Dimension=           2
 -3.21135561530780998E-006   0.0000000000000000     
 -6.88529792083145565E-003 -5.20133992960642050E-006
 Atom=           1 Dimension=           3
 -4.19988209164132989E-006   0.0000000000000000     
 -6.27771644591086034E-003 -5.13290651058117103E-006
 Atom=           2 Dimension=           1
  1.26414502431418279E-009   0.0000000000000000     
 -4.74099002921097613E-003   0.0000000000000000     
 Atom=           2 Dimension=           2
  4.89654662228450548E-011   0.0000000000000000     
 -3.65031885543617074E-003   0.0000000000000000     
 Atom=           2 Dimension=           3
  1.89890466571521084E-010   0.0000000000000000     
 -3.56824031734494403E-003   0.0000000000000000     
 Atom=           3 Dimension=           1
  4.92043221556394153E-010   0.0000000000000000     
 -9.15899400772589344E-004  1.54659216484352091E-010
 Atom=           3 Dimension=           2
  1.85113347915633757E-011   0.0000000000000000     
 -7.05191765296040276E-004  9.19595341258309611E-011
 Atom=           3 Dimension=           3
  7.40453391662535028E-011   0.0000000000000000     
 -6.89434269000816359E-004  8.77795553019295455E-011
 Atom=           4 Dimension=           1
 -9.41520763325269378E-006   0.0000000000000000     
  8.45077613571320295E-003 -6.28026859938395151E-006
 Atom=           4 Dimension=           2
 -3.38471993845920502E-006   0.0000000000000000     
  4.25151078509348676E-003 -5.56353897610638491E-006
 Atom=           4 Dimension=           3
 -4.54114451992212056E-006   0.0000000000000000     
  3.27410757069008292E-003 -5.08874593001640072E-006
 Atom=           5 Dimension=           1
  6.48493857536704041E-010   0.0000000000000000     
  1.96444097732064674E-003  4.17997882390140715E-011
 Atom=           5 Dimension=           2
  4.83683263908591373E-011   0.0000000000000000     
  1.73350176334028045E-003  3.22455509272394314E-011
 Atom=           5 Dimension=           3
  1.54062076652366141E-010   0.0000000000000000     
  1.52233811647017056E-003  2.44827331114225274E-011
 Atom=           6 Dimension=           1
  8.80184112347239203E-010   0.0000000000000000     
  9.52615497870264736E-004  3.58283899191549165E-011
 Atom=           6 Dimension=           2
  6.62825213504365956E-011   0.0000000000000000     
  8.40658609085091595E-004  2.80655721033380223E-011
 Atom=           6 Dimension=           3
  2.08998941195070364E-010   0.0000000000000000     
  7.38148768324722198E-004  2.20941737834788674E-011
 Atom=           7 Dimension=           1
 -9.88622197848587016E-006  9.13950646672165301E-003
   0.0000000000000000      -6.62782995718244542E-006
 Atom=           7 Dimension=           2
 -3.21135561530780998E-006 -2.35849328754199469E-003
   0.0000000000000000      -5.20133992960642050E-006
 Atom=           7 Dimension=           3
 -4.19988209164132989E-006 -2.53546285284163026E-003
   0.0000000000000000      -5.13290651058117103E-006
 Atom=           8 Dimension=           1
  1.26414502431418279E-009  2.44240458915044156E-004
   0.0000000000000000        0.0000000000000000     
 Atom=           8 Dimension=           2
  4.89654662228450548E-011 -4.81481117454122742E-005
   0.0000000000000000        0.0000000000000000     
 Atom=           8 Dimension=           3
  1.89890466571521084E-010 -9.47191187868099365E-005
   0.0000000000000000        0.0000000000000000     
 Atom=           9 Dimension=           1
  4.92043221556394153E-010  1.23351844539331930E-003
   0.0000000000000000       1.54659216484352091E-010
 Atom=           9 Dimension=           2
  1.85113347915633757E-011 -2.43052043798683515E-004
   0.0000000000000000       9.19595341258309611E-011
 Atom=           9 Dimension=           3
  7.40453391662535028E-011 -4.78143014953424559E-004
   0.0000000000000000       8.77795553019295455E-011
 Atom=          10 Dimension=           1
 -9.41520763325269378E-006  9.02436048891908094E-003
   0.0000000000000000      -6.28026859938395151E-006
 Atom=          10 Dimension=           2
 -3.38471993845920502E-006 -1.42930457690587068E-003
   0.0000000000000000      -5.56353897610638491E-006
 Atom=          10 Dimension=           3
 -4.54114451992212056E-006 -1.29284177930329191E-003
   0.0000000000000000      -5.08874593001640072E-006
 Atom=          11 Dimension=           1
  6.48493857536704041E-010  1.57096724704156097E-003
   0.0000000000000000       4.17997882390140715E-011
 Atom=          11 Dimension=           2
  4.83683263908591373E-011 -4.29864769867992181E-004
   0.0000000000000000       3.22455509272394314E-011
 Atom=          11 Dimension=           3
  1.54062076652366141E-010 -7.65971245026386173E-004
   0.0000000000000000       2.44827331114225274E-011
 Atom=          12 Dimension=           1
  8.80184112347239203E-010 -3.39121517247170017E-004
   0.0000000000000000       3.58283899191549165E-011
 Atom=          12 Dimension=           2
  6.62825213504365956E-011  9.27524474833343589E-005
   0.0000000000000000       2.80655721033380223E-011
 Atom=          12 Dimension=           3
  2.08998941195070364E-010  1.65249977401803037E-004
   0.0000000000000000       2.20941737834788674E-011
 Atom=           1 Dimension=           1
 -9.88622197848587016E-006   0.0000000000000000     
  1.51611592592223714E-002 -6.62782995718244542E-006
 Atom=           1 Dimension=           2
 -3.21135561530780998E-006   0.0000000000000000     
 -6.88529792083145565E-003 -5.20133992960642050E-006
 Atom=           1 Dimension=           3
 -4.19988209164132989E-006   0.0000000000000000     
 -6.27771644591086034E-003 -5.13290651058117103E-006
 Atom=           2 Dimension=           1
  1.26414502431418279E-009   0.0000000000000000     
 -4.74099002921097613E-003   0.0000000000000000     
 Atom=           2 Dimension=           2
  4.89654662228450548E-011   0.0000000000000000     
 -3.65031885543617074E-003   0.0000000000000000     
 Atom=           2 Dimension=           3
  1.89890466571521084E-010   0.0000000000000000     
 -3.56824031734494403E-003   0.0000000000000000     
 Atom=           3 Dimension=           1
  4.92043221556394153E-010   0.0000000000000000     
 -9.15899400772589344E-004  1.54659216484352091E-010
 Atom=           3 Dimension=           2
  1.85113347915633757E-011   0.0000000000000000     
 -7.05191765296040276E-004  9.19595341258309611E-011
 Atom=           3 Dimension=           3
  7.40453391662535028E-011   0.0000000000000000     
 -6.89434269000816359E-004  8.77795553019295455E-011
 Atom=           4 Dimension=           1
 -9.41520763325269378E-006   0.0000000000000000     
  8.45077613571320295E-003 -6.28026859938395151E-006
 Atom=           4 Dimension=           2
 -3.38471993845920502E-006   0.0000000000000000     
  4.25151078509348676E-003 -5.56353897610638491E-006
 Atom=           4 Dimension=           3
 -4.54114451992212056E-006   0.0000000000000000     
  3.27410757069008292E-003 -5.08874593001640072E-006
 Atom=           5 Dimension=           1
  6.48493857536704041E-010   0.0000000000000000     
  1.96444097732064674E-003  4.17997882390140715E-011
 Atom=           5 Dimension=           2
  4.83683263908591373E-011   0.0000000000000000     
  1.73350176334028045E-003  3.22455509272394314E-011
 Atom=           5 Dimension=           3
  1.54062076652366141E-010   0.0000000000000000     
  1.52233811647017056E-003  2.44827331114225274E-011
 Atom=           6 Dimension=           1
  8.80184112347239203E-010   0.0000000000000000     
  9.52615497870264736E-004  3.58283899191549165E-011
 Atom=           6 Dimension=           2
  6.62825213504365956E-011   0.0000000000000000     
  8.40658609085091595E-004  2.80655721033380223E-011
 Atom=           6 Dimension=           3
  2.08998941195070364E-010   0.0000000000000000     
  7.38148768324722198E-004  2.20941737834788674E-011
 Atom=           7 Dimension=           1
 -9.88622197848587016E-006  9.13950646672165301E-003
   0.0000000000000000      -6.62782995718244542E-006
 Atom=           7 Dimension=           2
 -3.21135561530780998E-006 -2.35849328754199469E-003
   0.0000000000000000      -5.20133992960642050E-006
 Atom=           7 Dimension=           3
 -4.19988209164132989E-006 -2.53546285284163026E-003
   0.0000000000000000      -5.13290651058117103E-006
 Atom=           8 Dimension=           1
  1.26414502431418279E-009  2.44240458915044156E-004
   0.0000000000000000        0.0000000000000000     
 Atom=           8 Dimension=           2
  4.89654662228450548E-011 -4.81481117454122742E-005
   0.0000000000000000        0.0000000000000000     
 Atom=           8 Dimension=           3
  1.89890466571521084E-010 -9.47191187868099365E-005
   0.0000000000000000        0.0000000000000000     
 Atom=           9 Dimension=           1
  4.92043221556394153E-010  1.23351844539331930E-003
   0.0000000000000000       1.54659216484352091E-010
 Atom=           9 Dimension=           2
  1.85113347915633757E-011 -2.43052043798683515E-004
   0.0000000000000000       9.19595341258309611E-011
 Atom=           9 Dimension=           3
  7.40453391662535028E-011 -4.78143014953424559E-004
   0.0000000000000000       8.77795553019295455E-011
 Atom=          10 Dimension=           1
 -9.41520763325269378E-006  9.02436048891908094E-003
   0.0000000000000000      -6.28026859938395151E-006
 Atom=          10 Dimension=           2
 -3.38471993845920502E-006 -1.42930457690587068E-003
   0.0000000000000000      -5.56353897610638491E-006
 Atom=          10 Dimension=           3
 -4.54114451992212056E-006 -1.29284177930329191E-003
   0.0000000000000000      -5.08874593001640072E-006
 Atom=          11 Dimension=           1
  6.48493857536704041E-010  1.57096724704156097E-003
   0.0000000000000000       4.17997882390140715E-011
 Atom=          11 Dimension=           2
  4.83683263908591373E-011 -4.29864769867992181E-004
   0.0000000000000000       3.22455509272394314E-011
 Atom=          11 Dimension=           3
  1.54062076652366141E-010 -7.65971245026386173E-004
   0.0000000000000000       2.44827331114225274E-011
 Atom=          12 Dimension=           1
  8.80184112347239203E-010 -3.39121517247170017E-004
   0.0000000000000000       3.58283899191549165E-011
 Atom=          12 Dimension=           2
  6.62825213504365956E-011  9.27524474833343589E-005
   0.0000000000000000       2.80655721033380223E-011
 Atom=          12 Dimension=           3
  2.08998941195070364E-010  1.65249977401803037E-004
   0.0000000000000000       2.20941737834788674E-011
 Atom=           1 Dimension=           1
 -9.88608403918468231E-006   0.0000000000000000     
  1.51612690453211876E-002 -6.62787533980967721E-006
 Atom=           1 Dimension=           2
 -3.21134815105991015E-006   0.0000000000000000     
 -6.88513664914972012E-003 -5.20121990450019123E-006
 Atom=           1 Dimension=           3
 -4.19998957681108731E-006   0.0000000000000000     
 -6.27761836494703223E-003 -5.13294144326134111E-006
 Atom=           2 Dimension=           1
  1.26414502431418279E-009   0.0000000000000000     
 -4.74099541395673219E-003   0.0000000000000000     
 Atom=           2 Dimension=           2
  4.95626060548309722E-011   0.0000000000000000     
 -3.65020015053146808E-003   0.0000000000000000     
 Atom=           2 Dimension=           3
  1.89293326739535134E-010   0.0000000000000000     
 -3.56826710358227857E-003 -5.97139831985915309E-013
 Atom=           3 Dimension=           1
  4.91446081724408332E-010   0.0000000000000000     
 -9.15782347705946468E-004  1.54659216484352091E-010
 Atom=           3 Dimension=           2
  1.91084746235492899E-011   0.0000000000000000     
 -7.05077916257808475E-004  9.13623942938450372E-011
 Atom=           3 Dimension=           3
  7.34481993342675918E-011   0.0000000000000000     
 -6.89350554437599488E-004  8.71824154699436346E-011
 Atom=           4 Dimension=           1
 -9.41520315470395329E-006   0.0000000000000000     
  8.45075453761333535E-003 -6.28025486516781575E-006
 Atom=           4 Dimension=           2
 -3.38470948851214500E-006   0.0000000000000000     
  4.25130514924382599E-003 -5.56353061614873757E-006
 Atom=           4 Dimension=           3
 -4.54113884709371617E-006   0.0000000000000000     
  3.27408360407239292E-003 -5.08873966004816437E-006
 Atom=           5 Dimension=           1
  6.47896717704718117E-010   0.0000000000000000     
  1.96447015760353163E-003  4.06055085750422366E-011
 Atom=           5 Dimension=           2
  4.83683263908591373E-011   0.0000000000000000     
  1.73353419422848281E-003  3.16484110952535139E-011
 Atom=           5 Dimension=           3
  1.54062076652366141E-010   0.0000000000000000     
  1.52235933743891344E-003  2.44827331114225274E-011
 Atom=           6 Dimension=           1
  8.79586972515253279E-010   0.0000000000000000     
  9.52584631637707008E-004  3.58283899191549165E-011
 Atom=           6 Dimension=           2
  6.62825213504365956E-011   0.0000000000000000     
  8.40634610707026333E-004  2.80655721033380223E-011
 Atom=           6 Dimension=           3
  2.08401801363084440E-010   0.0000000000000000     
  7.38124174896814421E-004  2.14970339514929499E-011
 Atom=           7 Dimension=           1
 -9.88608403918468231E-006  9.13961464834306056E-003
   0.0000000000000000      -6.62787533980967721E-006
 Atom=           7 Dimension=           2
 -3.21134815105991015E-006 -2.35832732629723133E-003
   0.0000000000000000      -5.20121990450019123E-006
 Atom=           7 Dimension=           3
 -4.19998957681108731E-006 -2.53532295753427931E-003
   0.0000000000000000      -5.13294144326134111E-006
 Atom=           8 Dimension=           1
  1.26414502431418279E-009  2.44112092959641825E-004
   0.0000000000000000        0.0000000000000000     
 Atom=           8 Dimension=           2
  4.95626060548309722E-011 -4.81235470921801523E-005
   0.0000000000000000        0.0000000000000000     
 Atom=           8 Dimension=           3
  1.89293326739535134E-010 -9.46761577108826558E-005
   0.0000000000000000      -5.97139831985915309E-013
 Atom=           9 Dimension=           1
  4.91446081724408332E-010  1.23363347311093697E-003
   0.0000000000000000       1.54659216484352091E-010
 Atom=           9 Dimension=           2
  1.91084746235492899E-011 -2.43078379605978547E-004
   0.0000000000000000       9.13623942938450372E-011
 Atom=           9 Dimension=           3
  7.34481993342675918E-011 -4.78221889399733306E-004
   0.0000000000000000       8.71824154699436346E-011
 Atom=          10 Dimension=           1
 -9.41520315470395329E-006  9.02445814875004262E-003
   0.0000000000000000      -6.28025486516781575E-006
 Atom=          10 Dimension=           2
 -3.38470948851214500E-006 -1.42927285485996980E-003
   0.0000000000000000      -5.56353061614873757E-006
 Atom=          10 Dimension=           3
 -4.54113884709371617E-006 -1.29282014126969763E-003
   0.0000000000000000      -5.08873966004816437E-006
 Atom=          11 Dimension=           1
  6.47896717704718117E-010  1.57100503927510280E-003
   0.0000000000000000       4.06055085750422366E-011
 Atom=          11 Dimension=           2
  4.83683263908591373E-011 -4.29872192204140062E-004
   0.0000000000000000       3.16484110952535139E-011
 Atom=          11 Dimension=           3
  1.54062076652366141E-010 -7.65983557975079255E-004
   0.0000000000000000       2.44827331114225274E-011
 Atom=          12 Dimension=           1
  8.79586972515253279E-010 -3.39153604294793103E-004
   0.0000000000000000       3.58283899191549165E-011
 Atom=          12 Dimension=           2
  6.62825213504365956E-011  9.27605967999064226E-005
   0.0000000000000000       2.80655721033380223E-011
 Atom=          12 Dimension=           3
  2.08401801363084440E-010  1.65264300211206841E-004
   0.0000000000000000       2.14970339514929499E-011
 Atom=           1 Dimension=           1
 -9.88608403918468231E-006   0.0000000000000000     
  1.51612690453211876E-002 -6.62787533980967721E-006
 Atom=           1 Dimension=           2
 -3.21134815105991015E-006   0.0000000000000000     
 -6.88513664914972012E-003 -5.20121990450019123E-006
 Atom=           1 Dimension=           3
 -4.19998957681108731E-006   0.0000000000000000     
 -6.27761836494703223E-003 -5.13294144326134111E-006
 Atom=           2 Dimension=           1
  1.26414502431418279E-009   0.0000000000000000     
 -4.74099541395673219E-003   0.0000000000000000     
 Atom=           2 Dimension=           2
  4.95626060548309722E-011   0.0000000000000000     
 -3.65020015053146808E-003   0.0000000000000000     
 Atom=           2 Dimension=           3
  1.89293326739535134E-010   0.0000000000000000     
 -3.56826710358227857E-003 -5.97139831985915309E-013
 Atom=           3 Dimension=           1
  4.91446081724408332E-010   0.0000000000000000     
 -9.15782347705946468E-004  1.54659216484352091E-010
 Atom=           3 Dimension=           2
  1.91084746235492899E-011   0.0000000000000000     
 -7.05077916257808475E-004  9.13623942938450372E-011
 Atom=           3 Dimension=           3
  7.34481993342675918E-011   0.0000000000000000     
 -6.89350554437599488E-004  8.71824154699436346E-011
 Atom=           4 Dimension=           1
 -9.41520315470395329E-006   0.0000000000000000     
  8.45075453761333535E-003 -6.28025486516781575E-006
 Atom=           4 Dimension=           2
 -3.38470948851214500E-006   0.0000000000000000     
  4.25130514924382599E-003 -5.56353061614873757E-006
 Atom=           4 Dimension=           3
 -4.54113884709371617E-006   0.0000000000000000     
  3.27408360407239292E-003 -5.08873966004816437E-006
 Atom=           5 Dimension=           1
  6.47896717704718117E-010   0.0000000000000000     
  1.96447015760353163E-003  4.06055085750422366E-011
 Atom=           5 Dimension=           2
  4.83683263908591373E-011   0.0000000000000000     
  1.73353419422848281E-003  3.16484110952535139E-011
 Atom=           5 Dimension=           3
  1.54062076652366141E-010   0.0000000000000000     
  1.52235933743891344E-003  2.44827331114225274E-011
 Atom=           6 Dimension=           1
  8.79586972515253279E-010   0.0000000000000000     
  9.52584631637707008E-004  3.58283899191549165E-011
 Atom=           6 Dimension=           2
  6.62825213504365956E-011   0.0000000000000000     
  8.40634610707026333E-004  2.80655721033380223E-011
 Atom=           6 Dimension=           3
  2.08401801363084440E-010   0.0000000000000000     
  7.38124174896814421E-004  2.14970339514929499E-011
 Atom=           7 Dimension=           1
 -9.88608403918468231E-006  9.13961464834306056E-003
   0.0000000000000000      -6.62787533980967721E-006
 Atom=           7 Dimension=           2
 -3.21134815105991015E-006 -2.35832732629723133E-003
   0.0000000000000000      -5.20121990450019123E-006
 Atom=           7 Dimension=           3
 -4.19998957681108731E-006 -2.53532295753427931E-003
   0.0000000000000000      -5.13294144326134111E-006
 Atom=           8 Dimension=           1
  1.26414502431418279E-009  2.44112092959641825E-004
   0.0000000000000000        0.0000000000000000     
 Atom=           8 Dimension=           2
  4.95626060548309722E-011 -4.81235470921801523E-005
   0.0000000000000000        0.0000000000000000     
 Atom=           8 Dimension=           3
  1.89293326739535134E-010 -9.46761577108826558E-005
   0.0000000000000000      -5.97139831985915309E-013
 Atom=           9 Dimension=           1
  4.91446081724408332E-010  1.23363347311093697E-003
   0.0000000000000000       1.54659216484352091E-010
 Atom=           9 Dimension=           2
  1.91084746235492899E-011 -2.43078379605978547E-004
   0.0000000000000000       9.13623942938450372E-011
 Atom=           9 Dimension=           3
  7.34481993342675918E-011 -4.78221889399733306E-004
   0.0000000000000000       8.71824154699436346E-011
 Atom=          10 Dimension=           1
 -9.41520315470395329E-006  9.02445814875004262E-003
   0.0000000000000000      -6.28025486516781575E-006
 Atom=          10 Dimension=           2
 -3.38470948851214500E-006 -1.42927285485996980E-003
   0.0000000000000000      -5.56353061614873757E-006
 Atom=          10 Dimension=           3
 -4.54113884709371617E-006 -1.29282014126969763E-003
   0.0000000000000000      -5.08873966004816437E-006
 Atom=          11 Dimension=           1
  6.47896717704718117E-010  1.57100503927510280E-003
   0.0000000000000000       4.06055085750422366E-011
 Atom=          11 Dimension=           2
  4.83683263908591373E-011 -4.29872192204140062E-004
   0.0000000000000000       3.16484110952535139E-011
 Atom=          11 Dimension=           3
  1.54062076652366141E-010 -7.65983557975079255E-004
   0.0000000000000000       2.44827331114225274E-011
 Atom=          12 Dimension=           1
  8.79586972515253279E-010 -3.39153604294793103E-004
   0.0000000000000000       3.58283899191549165E-011
 Atom=          12 Dimension=           2
  6.62825213504365956E-011  9.27605967999064226E-005
   0.0000000000000000       2.80655721033380223E-011
 Atom=          12 Dimension=           3
  2.08401801363084440E-010  1.65264300211206841E-004
   0.0000000000000000       2.14970339514929499E-011
 Atom=           1 Dimension=           1
 -9.88608403918468231E-006   0.0000000000000000     
  1.51612690453211876E-002 -6.62787533980967721E-006
 Atom=           1 Dimension=           2
 -3.21134815105991015E-006   0.0000000000000000     
 -6.88513664914972012E-003 -5.20121990450019123E-006
 Atom=           1 Dimension=           3
 -4.19998957681108731E-006   0.0000000000000000     
 -6.27761836494703223E-003 -5.13294144326134111E-006
 Atom=           2 Dimension=           1
  1.26414502431418279E-009   0.0000000000000000     
 -4.74099541395673219E-003   0.0000000000000000     
 Atom=           2 Dimension=           2
  4.95626060548309722E-011   0.0000000000000000     
 -3.65020015053146808E-003   0.0000000000000000     
 Atom=           2 Dimension=           3
  1.89293326739535134E-010   0.0000000000000000     
 -3.56826710358227857E-003 -5.97139831985915309E-013
 Atom=           3 Dimension=           1
  4.91446081724408332E-010   0.0000000000000000     
 -9.15782347705946468E-004  1.54659216484352091E-010
 Atom=           3 Dimension=           2
  1.91084746235492899E-011   0.0000000000000000     
 -7.05077916257808475E-004  9.13623942938450372E-011
 Atom=           3 Dimension=           3
  7.34481993342675918E-011   0.0000000000000000     
 -6.89350554437599488E-004  8.71824154699436346E-011
 Atom=           4 Dimension=           1
 -9.41520315470395329E-006   0.0000000000000000     
  8.45075453761333535E-003 -6.28025486516781575E-006
 Atom=           4 Dimension=           2
 -3.38470948851214500E-006   0.0000000000000000     
  4.25130514924382599E-003 -5.56353061614873757E-006
 Atom=           4 Dimension=           3
 -4.54113884709371617E-006   0.0000000000000000     
  3.27408360407239292E-003 -5.08873966004816437E-006
 Atom=           5 Dimension=           1
  6.47896717704718117E-010   0.0000000000000000     
  1.96447015760353163E-003  4.06055085750422366E-011
 Atom=           5 Dimension=           2
  4.83683263908591373E-011   0.0000000000000000     
  1.73353419422848281E-003  3.16484110952535139E-011
 Atom=           5 Dimension=           3
  1.54062076652366141E-010   0.0000000000000000     
  1.52235933743891344E-003  2.44827331114225274E-011
 Atom=           6 Dimension=           1
  8.79586972515253279E-010   0.0000000000000000     
  9.52584631637707008E-004  3.58283899191549165E-011
 Atom=           6 Dimension=           2
  6.62825213504365956E-011   0.0000000000000000     
  8.40634610707026333E-004  2.80655721033380223E-011
 Atom=           6 Dimension=           3
  2.08401801363084440E-010   0.0000000000000000     
  7.38124174896814421E-004  2.14970339514929499E-011
 Atom=           7 Dimension=           1
 -9.88608403918468231E-006  9.13961464834306056E-003
   0.0000000000000000      -6.62787533980967721E-006
 Atom=           7 Dimension=           2
 -3.21134815105991015E-006 -2.35832732629723133E-003
   0.0000000000000000      -5.20121990450019123E-006
 Atom=           7 Dimension=           3
 -4.19998957681108731E-006 -2.53532295753427931E-003
   0.0000000000000000      -5.13294144326134111E-006
 Atom=           8 Dimension=           1
  1.26414502431418279E-009  2.44112092959641825E-004
   0.0000000000000000        0.0000000000000000     
 Atom=           8 Dimension=           2
  4.95626060548309722E-011 -4.81235470921801523E-005
   0.0000000000000000        0.0000000000000000     
 Atom=           8 Dimension=           3
  1.89293326739535134E-010 -9.46761577108826558E-005
   0.0000000000000000      -5.97139831985915309E-013
 Atom=           9 Dimension=           1
  4.91446081724408332E-010  1.23363347311093697E-003
   0.0000000000000000       1.54659216484352091E-010
 Atom=           9 Dimension=           2
  1.91084746235492899E-011 -2.43078379605978547E-004
   0.0000000000000000       9.13623942938450372E-011
 Atom=           9 Dimension=           3
  7.34481993342675918E-011 -4.78221889399733306E-004
   0.0000000000000000       8.71824154699436346E-011
 Atom=          10 Dimension=           1
 -9.41520315470395329E-006  9.02445814875004262E-003
   0.0000000000000000      -6.28025486516781575E-006
 Atom=          10 Dimension=           2
 -3.38470948851214500E-006 -1.42927285485996980E-003
   0.0000000000000000      -5.56353061614873757E-006
 Atom=          10 Dimension=           3
 -4.54113884709371617E-006 -1.29282014126969763E-003
   0.0000000000000000      -5.08873966004816437E-006
 Atom=          11 Dimension=           1
  6.47896717704718117E-010  1.57100503927510280E-003
   0.0000000000000000       4.06055085750422366E-011
 Atom=          11 Dimension=           2
  4.83683263908591373E-011 -4.29872192204140062E-004
   0.0000000000000000       3.16484110952535139E-011
 Atom=          11 Dimension=           3
  1.54062076652366141E-010 -7.65983557975079255E-004
   0.0000000000000000       2.44827331114225274E-011
 Atom=          12 Dimension=           1
  8.79586972515253279E-010 -3.39153604294793103E-004
   0.0000000000000000       3.58283899191549165E-011
 Atom=          12 Dimension=           2
  6.62825213504365956E-011  9.27605967999064226E-005
   0.0000000000000000       2.80655721033380223E-011
 Atom=          12 Dimension=           3
  2.08401801363084440E-010  1.65264300211206841E-004
   0.0000000000000000       2.14970339514929499E-011
