 Atom=           1 Dimension=           1
 -7.16055989833103287E-006   0.0000000000000000     
 -1.31328995526682757E-002 -5.27378254546362424E-006
 Atom=           1 Dimension=           2
 -5.41291791773583866E-006   0.0000000000000000     
 -7.39621096373293554E-004 -6.47184897167999328E-006
 Atom=           1 Dimension=           3
 -4.79467098410871732E-006   0.0000000000000000     
  1.90523892377947269E-003 -5.20374580598949189E-006
 Atom=           2 Dimension=           1
  6.09082628625633581E-011   0.0000000000000000     
 -6.19637038581169973E-004  2.08998941195070357E-011
 Atom=           2 Dimension=           2
  3.70226695831267514E-011   0.0000000000000000     
 -7.44855067755443613E-004  2.98569915992957616E-011
 Atom=           2 Dimension=           3
  2.74684322713521016E-011   0.0000000000000000     
 -5.84784618295355321E-004  1.79141949595774583E-011
 Atom=           3 Dimension=           1
  1.98847564051309813E-010   0.0000000000000000     
  2.28722011996063210E-003  2.50798729434084416E-011
 Atom=           3 Dimension=           2
  1.20622246061154894E-010   0.0000000000000000     
  2.74940342811253293E-003  3.64255297511408340E-011
 Atom=           3 Dimension=           3
  9.01681146298732023E-011   0.0000000000000000     
  2.15832688568273409E-003  2.20941737834788674E-011
 Atom=           4 Dimension=           1
 -7.43893991946471415E-006   0.0000000000000000     
 -4.93870614786106211E-003 -4.79375138876745760E-006
 Atom=           4 Dimension=           2
 -5.36752036200910881E-006   0.0000000000000000     
 -3.05320424745782627E-003 -6.89114085608604748E-006
 Atom=           4 Dimension=           3
 -4.55623782631539641E-006   0.0000000000000000     
 -8.70513634564169282E-004 -5.19986141138242337E-006
 Atom=           5 Dimension=           1
  1.88099047075563312E-010   0.0000000000000000     
 -7.04423314406215311E-005  2.98569915992957665E-012
 Atom=           5 Dimension=           2
  9.97223519416478554E-011   0.0000000000000000     
 -1.01220832438264543E-004  7.16567798383098412E-012
 Atom=           5 Dimension=           3
  6.56853815184506846E-011   0.0000000000000000     
 -7.48257742046516168E-005  3.58283899191549206E-012
 Atom=           6 Dimension=           1
  1.21816525725126716E-010   0.0000000000000000     
 -1.30320938257163393E-003  5.37425848787323748E-012
 Atom=           6 Dimension=           2
  6.44911018544788627E-011   0.0000000000000000     
 -1.87253275956323620E-003  1.19427966397183066E-011
 Atom=           6 Dimension=           3
  4.23969280709999889E-011   0.0000000000000000     
 -1.38447167096876012E-003  6.56853815184506830E-012
 Atom=           7 Dimension=           1
 -7.16055989833103287E-006  1.00874417413906858E-002
   0.0000000000000000      -5.27378254546362424E-006
 Atom=           7 Dimension=           2
 -5.41291791773583866E-006  3.87951603084684109E-003
   0.0000000000000000      -6.47184897167999328E-006
 Atom=           7 Dimension=           3
 -4.79467098410871732E-006 -6.37638202478727442E-006
   0.0000000000000000      -5.20374580598949189E-006
 Atom=           8 Dimension=           1
  6.09082628625633581E-011 -2.97866664980110706E-003
   0.0000000000000000       2.08998941195070357E-011
 Atom=           8 Dimension=           2
  3.70226695831267514E-011  2.31317239288814395E-003
   0.0000000000000000       2.98569915992957616E-011
 Atom=           8 Dimension=           3
  2.74684322713521016E-011  2.00227233852437892E-003
   0.0000000000000000       1.79141949595774583E-011
 Atom=           9 Dimension=           1
  1.98847564051309813E-010  2.61557245068462637E-003
   0.0000000000000000       2.50798729434084416E-011
 Atom=           9 Dimension=           2
  1.20622246061154894E-010 -2.03132393609582783E-003
   0.0000000000000000       3.64255297511408340E-011
 Atom=           9 Dimension=           3
  9.01681146298732023E-011 -1.75831969947818105E-003
   0.0000000000000000       2.20941737834788674E-011
 Atom=          10 Dimension=           1
 -7.43893991946471415E-006  6.44954371079464826E-003
   0.0000000000000000      -4.79375138876745760E-006
 Atom=          10 Dimension=           2
 -5.36752036200910881E-006  7.72482809917576481E-004
   0.0000000000000000      -6.89114085608604748E-006
 Atom=          10 Dimension=           3
 -4.55623782631539641E-006 -4.41661175587909757E-004
   0.0000000000000000      -5.19986141138242337E-006
 Atom=          11 Dimension=           1
  1.88099047075563312E-010  2.57572624489182554E-003
   0.0000000000000000       2.98569915992957665E-012
 Atom=          11 Dimension=           2
  9.97223519416478554E-011 -1.88151169709648838E-003
   0.0000000000000000       7.16567798383098412E-012
 Atom=          11 Dimension=           3
  6.56853815184506846E-011 -1.51733873841276650E-003
   0.0000000000000000       3.58283899191549206E-012
 Atom=          12 Dimension=           1
  1.21816525725126716E-010 -9.70093921976062767E-004
   0.0000000000000000       5.37425848787323748E-012
 Atom=          12 Dimension=           2
  6.44911018544788627E-011  7.08586841057393200E-004
   0.0000000000000000       1.19427966397183066E-011
 Atom=          12 Dimension=           3
  4.23969280709999889E-011  5.71433812508721100E-004
   0.0000000000000000       6.56853815184506830E-012
 Atom=           1 Dimension=           1
 -7.16055989833103287E-006   0.0000000000000000     
 -1.31328995526682757E-002 -5.27378254546362424E-006
 Atom=           1 Dimension=           2
 -5.41291791773583866E-006   0.0000000000000000     
 -7.39621096373293554E-004 -6.47184897167999328E-006
 Atom=           1 Dimension=           3
 -4.79467098410871732E-006   0.0000000000000000     
  1.90523892377947269E-003 -5.20374580598949189E-006
 Atom=           2 Dimension=           1
  6.09082628625633581E-011   0.0000000000000000     
 -6.19637038581169973E-004  2.08998941195070357E-011
 Atom=           2 Dimension=           2
  3.70226695831267514E-011   0.0000000000000000     
 -7.44855067755443613E-004  2.98569915992957616E-011
 Atom=           2 Dimension=           3
  2.74684322713521016E-011   0.0000000000000000     
 -5.84784618295355321E-004  1.79141949595774583E-011
 Atom=           3 Dimension=           1
  1.98847564051309813E-010   0.0000000000000000     
  2.28722011996063210E-003  2.50798729434084416E-011
 Atom=           3 Dimension=           2
  1.20622246061154894E-010   0.0000000000000000     
  2.74940342811253293E-003  3.64255297511408340E-011
 Atom=           3 Dimension=           3
  9.01681146298732023E-011   0.0000000000000000     
  2.15832688568273409E-003  2.20941737834788674E-011
 Atom=           4 Dimension=           1
 -7.43893991946471415E-006   0.0000000000000000     
 -4.93870614786106211E-003 -4.79375138876745760E-006
 Atom=           4 Dimension=           2
 -5.36752036200910881E-006   0.0000000000000000     
 -3.05320424745782627E-003 -6.89114085608604748E-006
 Atom=           4 Dimension=           3
 -4.55623782631539641E-006   0.0000000000000000     
 -8.70513634564169282E-004 -5.19986141138242337E-006
 Atom=           5 Dimension=           1
  1.88099047075563312E-010   0.0000000000000000     
 -7.04423314406215311E-005  2.98569915992957665E-012
 Atom=           5 Dimension=           2
  9.97223519416478554E-011   0.0000000000000000     
 -1.01220832438264543E-004  7.16567798383098412E-012
 Atom=           5 Dimension=           3
  6.56853815184506846E-011   0.0000000000000000     
 -7.48257742046516168E-005  3.58283899191549206E-012
 Atom=           6 Dimension=           1
  1.21816525725126716E-010   0.0000000000000000     
 -1.30320938257163393E-003  5.37425848787323748E-012
 Atom=           6 Dimension=           2
  6.44911018544788627E-011   0.0000000000000000     
 -1.87253275956323620E-003  1.19427966397183066E-011
 Atom=           6 Dimension=           3
  4.23969280709999889E-011   0.0000000000000000     
 -1.38447167096876012E-003  6.56853815184506830E-012
 Atom=           7 Dimension=           1
 -7.16055989833103287E-006  1.00874417413906858E-002
   0.0000000000000000      -5.27378254546362424E-006
 Atom=           7 Dimension=           2
 -5.41291791773583866E-006  3.87951603084684109E-003
   0.0000000000000000      -6.47184897167999328E-006
 Atom=           7 Dimension=           3
 -4.79467098410871732E-006 -6.37638202478727442E-006
   0.0000000000000000      -5.20374580598949189E-006
 Atom=           8 Dimension=           1
  6.09082628625633581E-011 -2.97866664980110706E-003
   0.0000000000000000       2.08998941195070357E-011
 Atom=           8 Dimension=           2
  3.70226695831267514E-011  2.31317239288814395E-003
   0.0000000000000000       2.98569915992957616E-011
 Atom=           8 Dimension=           3
  2.74684322713521016E-011  2.00227233852437892E-003
   0.0000000000000000       1.79141949595774583E-011
 Atom=           9 Dimension=           1
  1.98847564051309813E-010  2.61557245068462637E-003
   0.0000000000000000       2.50798729434084416E-011
 Atom=           9 Dimension=           2
  1.20622246061154894E-010 -2.03132393609582783E-003
   0.0000000000000000       3.64255297511408340E-011
 Atom=           9 Dimension=           3
  9.01681146298732023E-011 -1.75831969947818105E-003
   0.0000000000000000       2.20941737834788674E-011
 Atom=          10 Dimension=           1
 -7.43893991946471415E-006  6.44954371079464826E-003
   0.0000000000000000      -4.79375138876745760E-006
 Atom=          10 Dimension=           2
 -5.36752036200910881E-006  7.72482809917576481E-004
   0.0000000000000000      -6.89114085608604748E-006
 Atom=          10 Dimension=           3
 -4.55623782631539641E-006 -4.41661175587909757E-004
   0.0000000000000000      -5.19986141138242337E-006
 Atom=          11 Dimension=           1
  1.88099047075563312E-010  2.57572624489182554E-003
   0.0000000000000000       2.98569915992957665E-012
 Atom=          11 Dimension=           2
  9.97223519416478554E-011 -1.88151169709648838E-003
   0.0000000000000000       7.16567798383098412E-012
 Atom=          11 Dimension=           3
  6.56853815184506846E-011 -1.51733873841276650E-003
   0.0000000000000000       3.58283899191549206E-012
 Atom=          12 Dimension=           1
  1.21816525725126716E-010 -9.70093921976062767E-004
   0.0000000000000000       5.37425848787323748E-012
 Atom=          12 Dimension=           2
  6.44911018544788627E-011  7.08586841057393200E-004
   0.0000000000000000       1.19427966397183066E-011
 Atom=          12 Dimension=           3
  4.23969280709999889E-011  5.71433812508721100E-004
   0.0000000000000000       6.56853815184506830E-012
 Atom=           1 Dimension=           1
 -7.16061453662565908E-006   0.0000000000000000     
 -1.31328711932660533E-002 -5.27374014853555221E-006
 Atom=           1 Dimension=           2
 -5.41286238373146367E-006   0.0000000000000000     
 -7.39650274043691502E-004 -6.47180299191293038E-006
 Atom=           1 Dimension=           3
 -4.79464560566585679E-006   0.0000000000000000     
  1.90529994811139002E-003 -5.20388882097925220E-006
 Atom=           2 Dimension=           1
  6.06096929465704091E-011   0.0000000000000000     
 -6.19682417140385799E-004  2.11984640354999944E-011
 Atom=           2 Dimension=           2
  3.73212394991197069E-011   0.0000000000000000     
 -7.44911374645367040E-004  3.01555615152887236E-011
 Atom=           2 Dimension=           3
  2.77670021873450636E-011   0.0000000000000000     
 -5.84857728214974800E-004  1.88099047075563344E-011
 Atom=           3 Dimension=           1
  1.99146133967302775E-010   0.0000000000000000     
  2.28722935457884892E-003  2.53784428594014035E-011
 Atom=           3 Dimension=           2
  1.20323676145161958E-010   0.0000000000000000     
  2.74942102474106526E-003  3.67240996671337959E-011
 Atom=           3 Dimension=           3
  8.98695447138802533E-011   0.0000000000000000     
  2.15844735170208626E-003  2.29898835314577403E-011
 Atom=           4 Dimension=           1
 -7.43882915002588099E-006   0.0000000000000000     
 -4.93867908130389815E-003 -4.79384006403250851E-006
 Atom=           4 Dimension=           2
 -5.36754633759180044E-006   0.0000000000000000     
 -3.05315874331263956E-003 -6.89116235311999863E-006
 Atom=           4 Dimension=           3
 -4.55628291037271139E-006   0.0000000000000000     
 -8.70588252859004182E-004 -5.19980139882930873E-006
 Atom=           5 Dimension=           1
  1.88397616991556274E-010   0.0000000000000000     
 -7.04400986601472548E-005  3.88140890790844956E-012
 Atom=           5 Dimension=           2
  1.00618061689626728E-010   0.0000000000000000     
 -1.01215570218137667E-004  7.46424789982394041E-012
 Atom=           5 Dimension=           3
  6.53868116024577227E-011   0.0000000000000000     
 -7.48198492339536837E-005  3.88140890790844956E-012
 Atom=           6 Dimension=           1
  1.20920815977147856E-010   0.0000000000000000     
 -1.30322725675822483E-003  6.26996823585211040E-012
 Atom=           6 Dimension=           2
  6.47896717704718117E-011   0.0000000000000000     
 -1.87252044586811838E-003  1.22413665557112637E-011
 Atom=           6 Dimension=           3
  4.20983581550070334E-011   0.0000000000000000     
 -1.38442491275528367E-003  6.86710806783802540E-012
 Atom=           7 Dimension=           1
 -7.16061513376549104E-006  1.00874817381152015E-002
   0.0000000000000000      -5.27374134281521696E-006
 Atom=           7 Dimension=           2
 -5.41286327944121075E-006  3.87953580882717964E-003
   0.0000000000000000      -6.47180388762267831E-006
 Atom=           7 Dimension=           3
 -4.79464709851543667E-006 -6.46982201784155604E-006
   0.0000000000000000      -5.20388941811908415E-006
 Atom=           8 Dimension=           1
  5.97139831985915233E-011 -2.97870355681216850E-003
   0.0000000000000000       2.03027542875211183E-011
 Atom=           8 Dimension=           2
  3.58283899191549165E-011  2.31314843728021953E-003
   0.0000000000000000       2.98569915992957616E-011
 Atom=           8 Dimension=           3
  2.68712924393661874E-011  2.00226066216406800E-003
   0.0000000000000000       1.79141949595774583E-011
 Atom=           9 Dimension=           1
  1.98847564051309813E-010  2.61561146186717114E-003
   0.0000000000000000       2.50798729434084416E-011
 Atom=           9 Dimension=           2
  1.19427966397183047E-010 -2.03130803336639245E-003
   0.0000000000000000       3.58283899191549165E-011
 Atom=           9 Dimension=           3
  8.95709747978872914E-011 -1.75831389001671946E-003
   0.0000000000000000       2.14970339514929499E-011
 Atom=          10 Dimension=           1
 -7.43883004573562892E-006  6.44950783821638101E-003
   0.0000000000000000      -4.79384095974225559E-006
 Atom=          10 Dimension=           2
 -5.36754753187146435E-006  7.72497299403635917E-004
   0.0000000000000000      -6.89116324882974740E-006
 Atom=          10 Dimension=           3
 -4.55628380608245931E-006 -4.41619620179146944E-004
   0.0000000000000000      -5.19980199596914069E-006
 Atom=          11 Dimension=           1
  1.87501907243577414E-010  2.57567666183373175E-003
   0.0000000000000000       2.98569915992957665E-012
 Atom=          11 Dimension=           2
  9.91252121096619444E-011 -1.88152136818660115E-003
   0.0000000000000000       6.56853815184506830E-012
 Atom=          11 Dimension=           3
  6.44911018544788627E-011 -1.51736491963548777E-003
   0.0000000000000000       3.58283899191549206E-012
 Atom=          12 Dimension=           1
  1.20622246061154894E-010 -9.70054210124567519E-004
   0.0000000000000000       5.37425848787323748E-012
 Atom=          12 Dimension=           2
  6.44911018544788627E-011  7.08575118008211735E-004
   0.0000000000000000       1.13456568077323908E-011
 Atom=          12 Dimension=           3
  4.12026484070281605E-011  5.71431281531543369E-004
   0.0000000000000000       5.97139831985915330E-012
 Atom=           1 Dimension=           1
 -7.16061453662565908E-006   0.0000000000000000     
 -1.31328711932660533E-002 -5.27374014853555221E-006
 Atom=           1 Dimension=           2
 -5.41286238373146367E-006   0.0000000000000000     
 -7.39650274043691502E-004 -6.47180299191293038E-006
 Atom=           1 Dimension=           3
 -4.79464560566585679E-006   0.0000000000000000     
  1.90529994811139002E-003 -5.20388882097925220E-006
 Atom=           2 Dimension=           1
  6.06096929465704091E-011   0.0000000000000000     
 -6.19682417140385799E-004  2.11984640354999944E-011
 Atom=           2 Dimension=           2
  3.73212394991197069E-011   0.0000000000000000     
 -7.44911374645367040E-004  3.01555615152887236E-011
 Atom=           2 Dimension=           3
  2.77670021873450636E-011   0.0000000000000000     
 -5.84857728214974800E-004  1.88099047075563344E-011
 Atom=           3 Dimension=           1
  1.99146133967302775E-010   0.0000000000000000     
  2.28722935457884892E-003  2.53784428594014035E-011
 Atom=           3 Dimension=           2
  1.20323676145161958E-010   0.0000000000000000     
  2.74942102474106526E-003  3.67240996671337959E-011
 Atom=           3 Dimension=           3
  8.98695447138802533E-011   0.0000000000000000     
  2.15844735170208626E-003  2.29898835314577403E-011
 Atom=           4 Dimension=           1
 -7.43882915002588099E-006   0.0000000000000000     
 -4.93867908130389815E-003 -4.79384006403250851E-006
 Atom=           4 Dimension=           2
 -5.36754633759180044E-006   0.0000000000000000     
 -3.05315874331263956E-003 -6.89116235311999863E-006
 Atom=           4 Dimension=           3
 -4.55628291037271139E-006   0.0000000000000000     
 -8.70588252859004182E-004 -5.19980139882930873E-006
 Atom=           5 Dimension=           1
  1.88397616991556274E-010   0.0000000000000000     
 -7.04400986601472548E-005  3.88140890790844956E-012
 Atom=           5 Dimension=           2
  1.00618061689626728E-010   0.0000000000000000     
 -1.01215570218137667E-004  7.46424789982394041E-012
 Atom=           5 Dimension=           3
  6.53868116024577227E-011   0.0000000000000000     
 -7.48198492339536837E-005  3.88140890790844956E-012
 Atom=           6 Dimension=           1
  1.20920815977147856E-010   0.0000000000000000     
 -1.30322725675822483E-003  6.26996823585211040E-012
 Atom=           6 Dimension=           2
  6.47896717704718117E-011   0.0000000000000000     
 -1.87252044586811838E-003  1.22413665557112637E-011
 Atom=           6 Dimension=           3
  4.20983581550070334E-011   0.0000000000000000     
 -1.38442491275528367E-003  6.86710806783802540E-012
 Atom=           7 Dimension=           1
 -7.16061513376549104E-006  1.00874817381152015E-002
   0.0000000000000000      -5.27374134281521696E-006
 Atom=           7 Dimension=           2
 -5.41286327944121075E-006  3.87953580882717964E-003
   0.0000000000000000      -6.47180388762267831E-006
 Atom=           7 Dimension=           3
 -4.79464709851543667E-006 -6.46982201784155604E-006
   0.0000000000000000      -5.20388941811908415E-006
 Atom=           8 Dimension=           1
  5.97139831985915233E-011 -2.97870355681216850E-003
   0.0000000000000000       2.03027542875211183E-011
 Atom=           8 Dimension=           2
  3.58283899191549165E-011  2.31314843728021953E-003
   0.0000000000000000       2.98569915992957616E-011
 Atom=           8 Dimension=           3
  2.68712924393661874E-011  2.00226066216406800E-003
   0.0000000000000000       1.79141949595774583E-011
 Atom=           9 Dimension=           1
  1.98847564051309813E-010  2.61561146186717114E-003
   0.0000000000000000       2.50798729434084416E-011
 Atom=           9 Dimension=           2
  1.19427966397183047E-010 -2.03130803336639245E-003
   0.0000000000000000       3.58283899191549165E-011
 Atom=           9 Dimension=           3
  8.95709747978872914E-011 -1.75831389001671946E-003
   0.0000000000000000       2.14970339514929499E-011
 Atom=          10 Dimension=           1
 -7.43883004573562892E-006  6.44950783821638101E-003
   0.0000000000000000      -4.79384095974225559E-006
 Atom=          10 Dimension=           2
 -5.36754753187146435E-006  7.72497299403635917E-004
   0.0000000000000000      -6.89116324882974740E-006
 Atom=          10 Dimension=           3
 -4.55628380608245931E-006 -4.41619620179146944E-004
   0.0000000000000000      -5.19980199596914069E-006
 Atom=          11 Dimension=           1
  1.87501907243577414E-010  2.57567666183373175E-003
   0.0000000000000000       2.98569915992957665E-012
 Atom=          11 Dimension=           2
  9.91252121096619444E-011 -1.88152136818660115E-003
   0.0000000000000000       6.56853815184506830E-012
 Atom=          11 Dimension=           3
  6.44911018544788627E-011 -1.51736491963548777E-003
   0.0000000000000000       3.58283899191549206E-012
 Atom=          12 Dimension=           1
  1.20622246061154894E-010 -9.70054210124567519E-004
   0.0000000000000000       5.37425848787323748E-012
 Atom=          12 Dimension=           2
  6.44911018544788627E-011  7.08575118008211735E-004
   0.0000000000000000       1.13456568077323908E-011
 Atom=          12 Dimension=           3
  4.12026484070281605E-011  5.71431281531543369E-004
   0.0000000000000000       5.97139831985915330E-012
 Atom=           1 Dimension=           1
 -7.16061453662565908E-006   0.0000000000000000     
 -1.31328711932660533E-002 -5.27374014853555221E-006
 Atom=           1 Dimension=           2
 -5.41286238373146367E-006   0.0000000000000000     
 -7.39650274043691502E-004 -6.47180299191293038E-006
 Atom=           1 Dimension=           3
 -4.79464560566585679E-006   0.0000000000000000     
  1.90529994811139002E-003 -5.20388882097925220E-006
 Atom=           2 Dimension=           1
  6.06096929465704091E-011   0.0000000000000000     
 -6.19682417140385799E-004  2.11984640354999944E-011
 Atom=           2 Dimension=           2
  3.73212394991197069E-011   0.0000000000000000     
 -7.44911374645367040E-004  3.01555615152887236E-011
 Atom=           2 Dimension=           3
  2.77670021873450636E-011   0.0000000000000000     
 -5.84857728214974800E-004  1.88099047075563344E-011
 Atom=           3 Dimension=           1
  1.99146133967302775E-010   0.0000000000000000     
  2.28722935457884892E-003  2.53784428594014035E-011
 Atom=           3 Dimension=           2
  1.20323676145161958E-010   0.0000000000000000     
  2.74942102474106526E-003  3.67240996671337959E-011
 Atom=           3 Dimension=           3
  8.98695447138802533E-011   0.0000000000000000     
  2.15844735170208626E-003  2.29898835314577403E-011
 Atom=           4 Dimension=           1
 -7.43882915002588099E-006   0.0000000000000000     
 -4.93867908130389815E-003 -4.79384006403250851E-006
 Atom=           4 Dimension=           2
 -5.36754633759180044E-006   0.0000000000000000     
 -3.05315874331263956E-003 -6.89116235311999863E-006
 Atom=           4 Dimension=           3
 -4.55628291037271139E-006   0.0000000000000000     
 -8.70588252859004182E-004 -5.19980139882930873E-006
 Atom=           5 Dimension=           1
  1.88397616991556274E-010   0.0000000000000000     
 -7.04400986601472548E-005  3.88140890790844956E-012
 Atom=           5 Dimension=           2
  1.00618061689626728E-010   0.0000000000000000     
 -1.01215570218137667E-004  7.46424789982394041E-012
 Atom=           5 Dimension=           3
  6.53868116024577227E-011   0.0000000000000000     
 -7.48198492339536837E-005  3.88140890790844956E-012
 Atom=           6 Dimension=           1
  1.20920815977147856E-010   0.0000000000000000     
 -1.30322725675822483E-003  6.26996823585211040E-012
 Atom=           6 Dimension=           2
  6.47896717704718117E-011   0.0000000000000000     
 -1.87252044586811838E-003  1.22413665557112637E-011
 Atom=           6 Dimension=           3
  4.20983581550070334E-011   0.0000000000000000     
 -1.38442491275528367E-003  6.86710806783802540E-012
 Atom=           7 Dimension=           1
 -7.16061513376549104E-006  1.00874817381152015E-002
   0.0000000000000000      -5.27374134281521696E-006
 Atom=           7 Dimension=           2
 -5.41286327944121075E-006  3.87953580882717964E-003
   0.0000000000000000      -6.47180388762267831E-006
 Atom=           7 Dimension=           3
 -4.79464709851543667E-006 -6.46982201784155604E-006
   0.0000000000000000      -5.20388941811908415E-006
 Atom=           8 Dimension=           1
  5.97139831985915233E-011 -2.97870355681216850E-003
   0.0000000000000000       2.03027542875211183E-011
 Atom=           8 Dimension=           2
  3.58283899191549165E-011  2.31314843728021953E-003
   0.0000000000000000       2.98569915992957616E-011
 Atom=           8 Dimension=           3
  2.68712924393661874E-011  2.00226066216406800E-003
   0.0000000000000000       1.79141949595774583E-011
 Atom=           9 Dimension=           1
  1.98847564051309813E-010  2.61561146186717114E-003
   0.0000000000000000       2.50798729434084416E-011
 Atom=           9 Dimension=           2
  1.19427966397183047E-010 -2.03130803336639245E-003
   0.0000000000000000       3.58283899191549165E-011
 Atom=           9 Dimension=           3
  8.95709747978872914E-011 -1.75831389001671946E-003
   0.0000000000000000       2.14970339514929499E-011
 Atom=          10 Dimension=           1
 -7.43883004573562892E-006  6.44950783821638101E-003
   0.0000000000000000      -4.79384095974225559E-006
 Atom=          10 Dimension=           2
 -5.36754753187146435E-006  7.72497299403635917E-004
   0.0000000000000000      -6.89116324882974740E-006
 Atom=          10 Dimension=           3
 -4.55628380608245931E-006 -4.41619620179146944E-004
   0.0000000000000000      -5.19980199596914069E-006
 Atom=          11 Dimension=           1
  1.87501907243577414E-010  2.57567666183373175E-003
   0.0000000000000000       2.98569915992957665E-012
 Atom=          11 Dimension=           2
  9.91252121096619444E-011 -1.88152136818660115E-003
   0.0000000000000000       6.56853815184506830E-012
 Atom=          11 Dimension=           3
  6.44911018544788627E-011 -1.51736491963548777E-003
   0.0000000000000000       3.58283899191549206E-012
 Atom=          12 Dimension=           1
  1.20622246061154894E-010 -9.70054210124567519E-004
   0.0000000000000000       5.37425848787323748E-012
 Atom=          12 Dimension=           2
  6.44911018544788627E-011  7.08575118008211735E-004
   0.0000000000000000       1.13456568077323908E-011
 Atom=          12 Dimension=           3
  4.12026484070281605E-011  5.71431281531543369E-004
   0.0000000000000000       5.97139831985915330E-012
