 Atom=           1 Dimension=           1
 -8.33446873407449557E-006   0.0000000000000000     
  2.31102854011978361E-004 -3.12055542816577994E-006
 Atom=           1 Dimension=           2
 -5.44464753984824178E-006   0.0000000000000000     
 -3.51752803888129555E-004 -5.64619716163928754E-006
 Atom=           1 Dimension=           3
 -3.45226391770471176E-006   0.0000000000000000     
 -3.70890534821427293E-004 -8.23689668266782989E-006
 Atom=           2 Dimension=           1
  1.49284957996478808E-011   0.0000000000000000     
  2.73847851467985551E-004  5.97139831985915309E-013
 Atom=           2 Dimension=           2
  6.56853815184506830E-012   0.0000000000000000     
  2.06586565058407799E-003  3.64255297511408340E-011
 Atom=           2 Dimension=           3
  5.97139831985915309E-013   0.0000000000000000     
  2.79915012157539887E-003  6.62825213504365956E-011
 Atom=           3 Dimension=           1
  4.21580721382056167E-010   0.0000000000000000     
 -1.63898920396385485E-004  1.07485169757464750E-011
 Atom=           3 Dimension=           2
  1.92279025899464727E-010   0.0000000000000000     
 -1.23628304911372060E-003  6.23413984593295651E-010
 Atom=           3 Dimension=           3
  2.44827331114225274E-011   0.0000000000000000     
 -1.67511968149143846E-003  1.14531419774898548E-009
 Atom=           4 Dimension=           1
 -7.87275245316517019E-006   0.0000000000000000     
  3.34751397150969874E-004 -3.20649877848435264E-006
 Atom=           4 Dimension=           2
 -5.77399016137284558E-006   0.0000000000000000     
 -1.91735473741455956E-003 -4.87530158134211010E-006
 Atom=           4 Dimension=           3
 -3.62663263005350678E-006   0.0000000000000000     
 -3.33742100394265927E-003 -8.91643882576864132E-006
 Atom=           5 Dimension=           1
  1.59436335140239404E-010   0.0000000000000000     
 -7.39873974982748774E-004  1.13456568077323908E-011
 Atom=           5 Dimension=           2
  9.13623942938450372E-011   0.0000000000000000     
 -2.55403828389032944E-003  1.37939301188746455E-010
 Atom=           5 Dimension=           3
  1.73170551275915441E-011   0.0000000000000000     
 -4.39703246358391728E-003  4.09637924742337896E-010
 Atom=           6 Dimension=           1
  1.39133580852718276E-010   0.0000000000000000     
  6.10806092668682602E-004  1.55256356316337982E-011
 Atom=           6 Dimension=           2
  7.94195976541267274E-011   0.0000000000000000     
  2.10874323968466594E-003  1.86904767411591490E-010
 Atom=           6 Dimension=           3
  1.49284957996478808E-011   0.0000000000000000     
  3.63040167491431032E-003  5.54742903914915334E-010
 Atom=           7 Dimension=           1
 -8.33446873407449557E-006  3.21495103605931164E-004
   0.0000000000000000      -3.12055542816577994E-006
 Atom=           7 Dimension=           2
 -5.44464753984824178E-006  1.93981419598794592E-004
   0.0000000000000000      -5.64619716163928754E-006
 Atom=           7 Dimension=           3
 -3.45226391770471176E-006 -4.23875196062510563E-004
   0.0000000000000000      -8.23689668266782989E-006
 Atom=           8 Dimension=           1
  1.49284957996478808E-011 -9.24307532678670215E-005
   0.0000000000000000       5.97139831985915309E-013
 Atom=           8 Dimension=           2
  6.56853815184506830E-012 -6.24657498646346659E-005
   0.0000000000000000       3.64255297511408340E-011
 Atom=           8 Dimension=           3
  5.97139831985915309E-013 -2.25013070308542932E-005
   0.0000000000000000       6.62825213504365956E-011
 Atom=           9 Dimension=           1
  4.21580721382056167E-010  3.66282986782363721E-004
   0.0000000000000000       1.07485169757464750E-011
 Atom=           9 Dimension=           2
  1.92279025899464727E-010  2.47540959057505590E-004
   0.0000000000000000       6.23413984593295651E-010
 Atom=           9 Dimension=           3
  2.44827331114225274E-011  8.91547849569401530E-005
   0.0000000000000000       1.14531419774898548E-009
 Atom=          10 Dimension=           1
 -7.87275245316517019E-006  8.36198583248406622E-004
   0.0000000000000000      -3.20649877848435264E-006
 Atom=          10 Dimension=           2
 -5.77399016137284558E-006 -1.59508359342082373E-003
   0.0000000000000000      -4.87530158134211010E-006
 Atom=          10 Dimension=           3
 -3.62663263005350678E-006 -2.69999862321754864E-003
   0.0000000000000000      -8.91643882576864132E-006
 Atom=          11 Dimension=           1
  1.59436335140239404E-010  4.00591480207024265E-004
   0.0000000000000000       1.13456568077323908E-011
 Atom=          11 Dimension=           2
  9.13623942938450372E-011  3.02904797673392615E-004
   0.0000000000000000       1.37939301188746455E-010
 Atom=          11 Dimension=           3
  1.73170551275915441E-011  1.32994740497941551E-004
   0.0000000000000000       4.09637924742337896E-010
 Atom=          12 Dimension=           1
  1.39133580852718276E-010 -1.28526267471859427E-003
   0.0000000000000000       1.55256356316337982E-011
 Atom=          12 Dimension=           2
  7.94195976541267274E-011 -9.71811296038384829E-004
   0.0000000000000000       1.86904767411591490E-010
 Atom=          12 Dimension=           3
  1.49284957996478808E-011 -4.26738333234113229E-004
   0.0000000000000000       5.54742903914915334E-010
 Atom=           1 Dimension=           1
 -8.33446873407449557E-006   0.0000000000000000     
  2.31102854011978361E-004 -3.12055542816577994E-006
 Atom=           1 Dimension=           2
 -5.44464753984824178E-006   0.0000000000000000     
 -3.51752803888129555E-004 -5.64619716163928754E-006
 Atom=           1 Dimension=           3
 -3.45226391770471176E-006   0.0000000000000000     
 -3.70890534821427293E-004 -8.23689668266782989E-006
 Atom=           2 Dimension=           1
  1.49284957996478808E-011   0.0000000000000000     
  2.73847851467985551E-004  5.97139831985915309E-013
 Atom=           2 Dimension=           2
  6.56853815184506830E-012   0.0000000000000000     
  2.06586565058407799E-003  3.64255297511408340E-011
 Atom=           2 Dimension=           3
  5.97139831985915309E-013   0.0000000000000000     
  2.79915012157539887E-003  6.62825213504365956E-011
 Atom=           3 Dimension=           1
  4.21580721382056167E-010   0.0000000000000000     
 -1.63898920396385485E-004  1.07485169757464750E-011
 Atom=           3 Dimension=           2
  1.92279025899464727E-010   0.0000000000000000     
 -1.23628304911372060E-003  6.23413984593295651E-010
 Atom=           3 Dimension=           3
  2.44827331114225274E-011   0.0000000000000000     
 -1.67511968149143846E-003  1.14531419774898548E-009
 Atom=           4 Dimension=           1
 -7.87275245316517019E-006   0.0000000000000000     
  3.34751397150969874E-004 -3.20649877848435264E-006
 Atom=           4 Dimension=           2
 -5.77399016137284558E-006   0.0000000000000000     
 -1.91735473741455956E-003 -4.87530158134211010E-006
 Atom=           4 Dimension=           3
 -3.62663263005350678E-006   0.0000000000000000     
 -3.33742100394265927E-003 -8.91643882576864132E-006
 Atom=           5 Dimension=           1
  1.59436335140239404E-010   0.0000000000000000     
 -7.39873974982748774E-004  1.13456568077323908E-011
 Atom=           5 Dimension=           2
  9.13623942938450372E-011   0.0000000000000000     
 -2.55403828389032944E-003  1.37939301188746455E-010
 Atom=           5 Dimension=           3
  1.73170551275915441E-011   0.0000000000000000     
 -4.39703246358391728E-003  4.09637924742337896E-010
 Atom=           6 Dimension=           1
  1.39133580852718276E-010   0.0000000000000000     
  6.10806092668682602E-004  1.55256356316337982E-011
 Atom=           6 Dimension=           2
  7.94195976541267274E-011   0.0000000000000000     
  2.10874323968466594E-003  1.86904767411591490E-010
 Atom=           6 Dimension=           3
  1.49284957996478808E-011   0.0000000000000000     
  3.63040167491431032E-003  5.54742903914915334E-010
 Atom=           7 Dimension=           1
 -8.33446873407449557E-006  3.21495103605931164E-004
   0.0000000000000000      -3.12055542816577994E-006
 Atom=           7 Dimension=           2
 -5.44464753984824178E-006  1.93981419598794592E-004
   0.0000000000000000      -5.64619716163928754E-006
 Atom=           7 Dimension=           3
 -3.45226391770471176E-006 -4.23875196062510563E-004
   0.0000000000000000      -8.23689668266782989E-006
 Atom=           8 Dimension=           1
  1.49284957996478808E-011 -9.24307532678670215E-005
   0.0000000000000000       5.97139831985915309E-013
 Atom=           8 Dimension=           2
  6.56853815184506830E-012 -6.24657498646346659E-005
   0.0000000000000000       3.64255297511408340E-011
 Atom=           8 Dimension=           3
  5.97139831985915309E-013 -2.25013070308542932E-005
   0.0000000000000000       6.62825213504365956E-011
 Atom=           9 Dimension=           1
  4.21580721382056167E-010  3.66282986782363721E-004
   0.0000000000000000       1.07485169757464750E-011
 Atom=           9 Dimension=           2
  1.92279025899464727E-010  2.47540959057505590E-004
   0.0000000000000000       6.23413984593295651E-010
 Atom=           9 Dimension=           3
  2.44827331114225274E-011  8.91547849569401530E-005
   0.0000000000000000       1.14531419774898548E-009
 Atom=          10 Dimension=           1
 -7.87275245316517019E-006  8.36198583248406622E-004
   0.0000000000000000      -3.20649877848435264E-006
 Atom=          10 Dimension=           2
 -5.77399016137284558E-006 -1.59508359342082373E-003
   0.0000000000000000      -4.87530158134211010E-006
 Atom=          10 Dimension=           3
 -3.62663263005350678E-006 -2.69999862321754864E-003
   0.0000000000000000      -8.91643882576864132E-006
 Atom=          11 Dimension=           1
  1.59436335140239404E-010  4.00591480207024265E-004
   0.0000000000000000       1.13456568077323908E-011
 Atom=          11 Dimension=           2
  9.13623942938450372E-011  3.02904797673392615E-004
   0.0000000000000000       1.37939301188746455E-010
 Atom=          11 Dimension=           3
  1.73170551275915441E-011  1.32994740497941551E-004
   0.0000000000000000       4.09637924742337896E-010
 Atom=          12 Dimension=           1
  1.39133580852718276E-010 -1.28526267471859427E-003
   0.0000000000000000       1.55256356316337982E-011
 Atom=          12 Dimension=           2
  7.94195976541267274E-011 -9.71811296038384829E-004
   0.0000000000000000       1.86904767411591490E-010
 Atom=          12 Dimension=           3
  1.49284957996478808E-011 -4.26738333234113229E-004
   0.0000000000000000       5.54742903914915334E-010
 Atom=           1 Dimension=           1
 -8.33439140446625345E-006   0.0000000000000000     
  2.31082878835540251E-004 -3.12055841386493970E-006
 Atom=           1 Dimension=           2
 -5.44472845229547561E-006   0.0000000000000000     
 -3.51817221201228378E-004 -5.64623985713727470E-006
 Atom=           1 Dimension=           3
 -3.45229317755647914E-006   0.0000000000000000     
 -3.70960241901226629E-004 -8.23686712424614569E-006
 Atom=           2 Dimension=           1
  1.64213453796126712E-011   0.0000000000000000     
  2.73842521187913246E-004  1.19427966397183062E-012
 Atom=           2 Dimension=           2
  7.46424789982394041E-012   0.0000000000000000     
  2.06586984472281352E-003  3.64255297511408340E-011
 Atom=           2 Dimension=           3
  1.49284957996478832E-012   0.0000000000000000     
  2.79913063301777312E-003  6.68796611824225195E-011
 Atom=           3 Dimension=           1
  4.21879291298049181E-010   0.0000000000000000     
 -1.63894790599466929E-004  1.13456568077323908E-011
 Atom=           3 Dimension=           2
  1.93174735647443587E-010   0.0000000000000000     
 -1.23627847192377843E-003  6.24608264257267396E-010
 Atom=           3 Dimension=           3
  2.53784428594014035E-011   0.0000000000000000     
 -1.67509841702945597E-003  1.14650847741295733E-009
 Atom=           4 Dimension=           1
 -7.87275185602533824E-006   0.0000000000000000     
  3.34925621367142279E-004 -3.20653550258401985E-006
 Atom=           4 Dimension=           2
 -5.77391760888325909E-006   0.0000000000000000     
 -1.91736598824626160E-003 -4.87538607662833649E-006
 Atom=           4 Dimension=           3
 -3.62673205383553242E-006   0.0000000000000000     
 -3.33745349526677788E-003 -8.91632238350140376E-006
 Atom=           5 Dimension=           1
  1.59734905056232366E-010   0.0000000000000000     
 -7.39973663997493271E-004  1.19427966397183066E-011
 Atom=           5 Dimension=           2
  9.22581040418239101E-011   0.0000000000000000     
 -2.55410916393236740E-003  1.38536441020732353E-010
 Atom=           5 Dimension=           3
  1.82127648755704170E-011   0.0000000000000000     
 -4.39702256633409030E-003  4.10832204406309744E-010
 Atom=           6 Dimension=           1
  1.40029290600697136E-010   0.0000000000000000     
  6.10900966176377560E-004  1.61227754636197157E-011
 Atom=           6 Dimension=           2
  8.03153074021056132E-011   0.0000000000000000     
  2.10884517508814172E-003  1.87501907243577414E-010
 Atom=           6 Dimension=           3
  1.58242055476267570E-011   0.0000000000000000     
  3.63046824760363245E-003  5.54742903914915334E-010
 Atom=           7 Dimension=           1
 -8.33439230017600053E-006  3.21546349855906263E-004
   0.0000000000000000      -3.12055841386493970E-006
 Atom=           7 Dimension=           2
 -5.44472964657513951E-006  1.93988646775183405E-004
   0.0000000000000000      -5.64623985713727470E-006
 Atom=           7 Dimension=           3
 -3.45229407326622707E-006 -4.23828542293689184E-004
   0.0000000000000000      -8.23686712424614569E-006
 Atom=           8 Dimension=           1
  1.55256356316337982E-011 -9.24235714414493821E-005
   0.0000000000000000       1.19427966397183062E-012
 Atom=           8 Dimension=           2
  7.16567798383098412E-012 -6.24624358610274588E-005
   0.0000000000000000       3.64255297511408340E-011
 Atom=           8 Dimension=           3
  5.97139831985915309E-013 -2.25001874123299395E-005
   0.0000000000000000       6.68796611824225195E-011
 Atom=           9 Dimension=           1
  4.20983581550070295E-010  3.66286926149990259E-004
   0.0000000000000000       1.13456568077323908E-011
 Atom=           9 Dimension=           2
  1.92279025899464727E-010  2.47549722937097079E-004
   0.0000000000000000       6.24608264257267396E-010
 Atom=           9 Dimension=           3
  2.38855932794366132E-011  8.91582352273905063E-005
   0.0000000000000000       1.14650847741295733E-009
 Atom=          10 Dimension=           1
 -7.87275305030500214E-006  8.36309788107143597E-004
   0.0000000000000000      -3.20653550258401985E-006
 Atom=          10 Dimension=           2
 -5.77391880316292384E-006 -1.59513083074687857E-003
   0.0000000000000000      -4.87538607662833649E-006
 Atom=          10 Dimension=           3
 -3.62673294954528077E-006 -2.70003607914007107E-003
   0.0000000000000000      -8.91632238350140376E-006
 Atom=          11 Dimension=           1
  1.59436335140239404E-010  4.00600162020708895E-004
   0.0000000000000000       1.19427966397183066E-011
 Atom=          11 Dimension=           2
  9.13623942938450372E-011  3.02906282025392816E-004
   0.0000000000000000       1.38536441020732353E-010
 Atom=          11 Dimension=           3
  1.67199152956056299E-011  1.33010900865223675E-004
   0.0000000000000000       4.10832204406309744E-010
 Atom=          12 Dimension=           1
  1.38536441020732353E-010 -1.28529667107651099E-003
   0.0000000000000000       1.61227754636197157E-011
 Atom=          12 Dimension=           2
  7.94195976541267274E-011 -9.71820702315642684E-004
   0.0000000000000000       1.87501907243577414E-010
 Atom=          12 Dimension=           3
  1.49284957996478808E-011 -4.26792226314557646E-004
   0.0000000000000000       5.54742903914915334E-010
 Atom=           1 Dimension=           1
 -8.33439140446625345E-006   0.0000000000000000     
  2.31082878835540251E-004 -3.12055841386493970E-006
 Atom=           1 Dimension=           2
 -5.44472845229547561E-006   0.0000000000000000     
 -3.51817221201228378E-004 -5.64623985713727470E-006
 Atom=           1 Dimension=           3
 -3.45229317755647914E-006   0.0000000000000000     
 -3.70960241901226629E-004 -8.23686712424614569E-006
 Atom=           2 Dimension=           1
  1.64213453796126712E-011   0.0000000000000000     
  2.73842521187913246E-004  1.19427966397183062E-012
 Atom=           2 Dimension=           2
  7.46424789982394041E-012   0.0000000000000000     
  2.06586984472281352E-003  3.64255297511408340E-011
 Atom=           2 Dimension=           3
  1.49284957996478832E-012   0.0000000000000000     
  2.79913063301777312E-003  6.68796611824225195E-011
 Atom=           3 Dimension=           1
  4.21879291298049181E-010   0.0000000000000000     
 -1.63894790599466929E-004  1.13456568077323908E-011
 Atom=           3 Dimension=           2
  1.93174735647443587E-010   0.0000000000000000     
 -1.23627847192377843E-003  6.24608264257267396E-010
 Atom=           3 Dimension=           3
  2.53784428594014035E-011   0.0000000000000000     
 -1.67509841702945597E-003  1.14650847741295733E-009
 Atom=           4 Dimension=           1
 -7.87275185602533824E-006   0.0000000000000000     
  3.34925621367142279E-004 -3.20653550258401985E-006
 Atom=           4 Dimension=           2
 -5.77391760888325909E-006   0.0000000000000000     
 -1.91736598824626160E-003 -4.87538607662833649E-006
 Atom=           4 Dimension=           3
 -3.62673205383553242E-006   0.0000000000000000     
 -3.33745349526677788E-003 -8.91632238350140376E-006
 Atom=           5 Dimension=           1
  1.59734905056232366E-010   0.0000000000000000     
 -7.39973663997493271E-004  1.19427966397183066E-011
 Atom=           5 Dimension=           2
  9.22581040418239101E-011   0.0000000000000000     
 -2.55410916393236740E-003  1.38536441020732353E-010
 Atom=           5 Dimension=           3
  1.82127648755704170E-011   0.0000000000000000     
 -4.39702256633409030E-003  4.10832204406309744E-010
 Atom=           6 Dimension=           1
  1.40029290600697136E-010   0.0000000000000000     
  6.10900966176377560E-004  1.61227754636197157E-011
 Atom=           6 Dimension=           2
  8.03153074021056132E-011   0.0000000000000000     
  2.10884517508814172E-003  1.87501907243577414E-010
 Atom=           6 Dimension=           3
  1.58242055476267570E-011   0.0000000000000000     
  3.63046824760363245E-003  5.54742903914915334E-010
 Atom=           7 Dimension=           1
 -8.33439230017600053E-006  3.21546349855906263E-004
   0.0000000000000000      -3.12055841386493970E-006
 Atom=           7 Dimension=           2
 -5.44472964657513951E-006  1.93988646775183405E-004
   0.0000000000000000      -5.64623985713727470E-006
 Atom=           7 Dimension=           3
 -3.45229407326622707E-006 -4.23828542293689184E-004
   0.0000000000000000      -8.23686712424614569E-006
 Atom=           8 Dimension=           1
  1.55256356316337982E-011 -9.24235714414493821E-005
   0.0000000000000000       1.19427966397183062E-012
 Atom=           8 Dimension=           2
  7.16567798383098412E-012 -6.24624358610274588E-005
   0.0000000000000000       3.64255297511408340E-011
 Atom=           8 Dimension=           3
  5.97139831985915309E-013 -2.25001874123299395E-005
   0.0000000000000000       6.68796611824225195E-011
 Atom=           9 Dimension=           1
  4.20983581550070295E-010  3.66286926149990259E-004
   0.0000000000000000       1.13456568077323908E-011
 Atom=           9 Dimension=           2
  1.92279025899464727E-010  2.47549722937097079E-004
   0.0000000000000000       6.24608264257267396E-010
 Atom=           9 Dimension=           3
  2.38855932794366132E-011  8.91582352273905063E-005
   0.0000000000000000       1.14650847741295733E-009
 Atom=          10 Dimension=           1
 -7.87275305030500214E-006  8.36309788107143597E-004
   0.0000000000000000      -3.20653550258401985E-006
 Atom=          10 Dimension=           2
 -5.77391880316292384E-006 -1.59513083074687857E-003
   0.0000000000000000      -4.87538607662833649E-006
 Atom=          10 Dimension=           3
 -3.62673294954528077E-006 -2.70003607914007107E-003
   0.0000000000000000      -8.91632238350140376E-006
 Atom=          11 Dimension=           1
  1.59436335140239404E-010  4.00600162020708895E-004
   0.0000000000000000       1.19427966397183066E-011
 Atom=          11 Dimension=           2
  9.13623942938450372E-011  3.02906282025392816E-004
   0.0000000000000000       1.38536441020732353E-010
 Atom=          11 Dimension=           3
  1.67199152956056299E-011  1.33010900865223675E-004
   0.0000000000000000       4.10832204406309744E-010
 Atom=          12 Dimension=           1
  1.38536441020732353E-010 -1.28529667107651099E-003
   0.0000000000000000       1.61227754636197157E-011
 Atom=          12 Dimension=           2
  7.94195976541267274E-011 -9.71820702315642684E-004
   0.0000000000000000       1.87501907243577414E-010
 Atom=          12 Dimension=           3
  1.49284957996478808E-011 -4.26792226314557646E-004
   0.0000000000000000       5.54742903914915334E-010
 Atom=           1 Dimension=           1
 -8.33439140446625345E-006   0.0000000000000000     
  2.31082878835540251E-004 -3.12055841386493970E-006
 Atom=           1 Dimension=           2
 -5.44472845229547561E-006   0.0000000000000000     
 -3.51817221201228378E-004 -5.64623985713727470E-006
 Atom=           1 Dimension=           3
 -3.45229317755647914E-006   0.0000000000000000     
 -3.70960241901226629E-004 -8.23686712424614569E-006
 Atom=           2 Dimension=           1
  1.64213453796126712E-011   0.0000000000000000     
  2.73842521187913246E-004  1.19427966397183062E-012
 Atom=           2 Dimension=           2
  7.46424789982394041E-012   0.0000000000000000     
  2.06586984472281352E-003  3.64255297511408340E-011
 Atom=           2 Dimension=           3
  1.49284957996478832E-012   0.0000000000000000     
  2.79913063301777312E-003  6.68796611824225195E-011
 Atom=           3 Dimension=           1
  4.21879291298049181E-010   0.0000000000000000     
 -1.63894790599466929E-004  1.13456568077323908E-011
 Atom=           3 Dimension=           2
  1.93174735647443587E-010   0.0000000000000000     
 -1.23627847192377843E-003  6.24608264257267396E-010
 Atom=           3 Dimension=           3
  2.53784428594014035E-011   0.0000000000000000     
 -1.67509841702945597E-003  1.14650847741295733E-009
 Atom=           4 Dimension=           1
 -7.87275185602533824E-006   0.0000000000000000     
  3.34925621367142279E-004 -3.20653550258401985E-006
 Atom=           4 Dimension=           2
 -5.77391760888325909E-006   0.0000000000000000     
 -1.91736598824626160E-003 -4.87538607662833649E-006
 Atom=           4 Dimension=           3
 -3.62673205383553242E-006   0.0000000000000000     
 -3.33745349526677788E-003 -8.91632238350140376E-006
 Atom=           5 Dimension=           1
  1.59734905056232366E-010   0.0000000000000000     
 -7.39973663997493271E-004  1.19427966397183066E-011
 Atom=           5 Dimension=           2
  9.22581040418239101E-011   0.0000000000000000     
 -2.55410916393236740E-003  1.38536441020732353E-010
 Atom=           5 Dimension=           3
  1.82127648755704170E-011   0.0000000000000000     
 -4.39702256633409030E-003  4.10832204406309744E-010
 Atom=           6 Dimension=           1
  1.40029290600697136E-010   0.0000000000000000     
  6.10900966176377560E-004  1.61227754636197157E-011
 Atom=           6 Dimension=           2
  8.03153074021056132E-011   0.0000000000000000     
  2.10884517508814172E-003  1.87501907243577414E-010
 Atom=           6 Dimension=           3
  1.58242055476267570E-011   0.0000000000000000     
  3.63046824760363245E-003  5.54742903914915334E-010
 Atom=           7 Dimension=           1
 -8.33439230017600053E-006  3.21546349855906263E-004
   0.0000000000000000      -3.12055841386493970E-006
 Atom=           7 Dimension=           2
 -5.44472964657513951E-006  1.93988646775183405E-004
   0.0000000000000000      -5.64623985713727470E-006
 Atom=           7 Dimension=           3
 -3.45229407326622707E-006 -4.23828542293689184E-004
   0.0000000000000000      -8.23686712424614569E-006
 Atom=           8 Dimension=           1
  1.55256356316337982E-011 -9.24235714414493821E-005
   0.0000000000000000       1.19427966397183062E-012
 Atom=           8 Dimension=           2
  7.16567798383098412E-012 -6.24624358610274588E-005
   0.0000000000000000       3.64255297511408340E-011
 Atom=           8 Dimension=           3
  5.97139831985915309E-013 -2.25001874123299395E-005
   0.0000000000000000       6.68796611824225195E-011
 Atom=           9 Dimension=           1
  4.20983581550070295E-010  3.66286926149990259E-004
   0.0000000000000000       1.13456568077323908E-011
 Atom=           9 Dimension=           2
  1.92279025899464727E-010  2.47549722937097079E-004
   0.0000000000000000       6.24608264257267396E-010
 Atom=           9 Dimension=           3
  2.38855932794366132E-011  8.91582352273905063E-005
   0.0000000000000000       1.14650847741295733E-009
 Atom=          10 Dimension=           1
 -7.87275305030500214E-006  8.36309788107143597E-004
   0.0000000000000000      -3.20653550258401985E-006
 Atom=          10 Dimension=           2
 -5.77391880316292384E-006 -1.59513083074687857E-003
   0.0000000000000000      -4.87538607662833649E-006
 Atom=          10 Dimension=           3
 -3.62673294954528077E-006 -2.70003607914007107E-003
   0.0000000000000000      -8.91632238350140376E-006
 Atom=          11 Dimension=           1
  1.59436335140239404E-010  4.00600162020708895E-004
   0.0000000000000000       1.19427966397183066E-011
 Atom=          11 Dimension=           2
  9.13623942938450372E-011  3.02906282025392816E-004
   0.0000000000000000       1.38536441020732353E-010
 Atom=          11 Dimension=           3
  1.67199152956056299E-011  1.33010900865223675E-004
   0.0000000000000000       4.10832204406309744E-010
 Atom=          12 Dimension=           1
  1.38536441020732353E-010 -1.28529667107651099E-003
   0.0000000000000000       1.61227754636197157E-011
 Atom=          12 Dimension=           2
  7.94195976541267274E-011 -9.71820702315642684E-004
   0.0000000000000000       1.87501907243577414E-010
 Atom=          12 Dimension=           3
  1.49284957996478808E-011 -4.26792226314557646E-004
   0.0000000000000000       5.54742903914915334E-010
