 Atom=           1 Dimension=           1
 -9.62104173333823758E-006   0.0000000000000000     
 -1.01666685936527054E-002 -8.01600002889035497E-006
 Atom=           1 Dimension=           2
 -4.58265409820278934E-006   0.0000000000000000     
  3.00261196042265381E-003 -5.31838769663330793E-006
 Atom=           1 Dimension=           3
 -3.15694094954817770E-006   0.0000000000000000     
 -1.98801106982914901E-003 -3.50454619712432267E-006
 Atom=           2 Dimension=           1
  7.89418857885380012E-010   0.0000000000000000     
 -2.74601041136396298E-003  1.48389248248499942E-010
 Atom=           2 Dimension=           2
  1.96459004723366143E-010   0.0000000000000000     
  1.88638441970553883E-003  7.07610700903309602E-011
 Atom=           2 Dimension=           3
   0.0000000000000000        0.0000000000000000     
 -9.17222708993249616E-004  1.64213453796126712E-011
 Atom=           3 Dimension=           1
  1.20801388010750677E-009   0.0000000000000000     
 -1.01413720539328400E-003  3.93813719194711172E-010
 Atom=           3 Dimension=           2
  3.00361335488915375E-010   0.0000000000000000     
  6.96685471739943822E-004  1.86009057663612630E-010
 Atom=           3 Dimension=           3
  5.97139831985915309E-013   0.0000000000000000     
 -3.38768671425785880E-004  4.38897776509647728E-011
 Atom=           4 Dimension=           1
 -9.63038458314948843E-006   0.0000000000000000     
 -1.30473851376691832E-002 -8.43848481997803915E-006
 Atom=           4 Dimension=           2
 -4.48728967275497489E-006   0.0000000000000000     
 -1.10933018615456142E-002 -5.19439549193033994E-006
 Atom=           4 Dimension=           3
 -3.25016343441865868E-006   0.0000000000000000     
  1.27277634935953868E-003 -3.28707623027269993E-006
 Atom=           5 Dimension=           1
  1.21697097758729531E-009   0.0000000000000000     
  6.23553594333450378E-003  1.59137765224246443E-010
 Atom=           5 Dimension=           2
  2.75878602377492909E-010   0.0000000000000000     
 -4.03496205683729747E-003  6.71782310984154685E-011
 Atom=           5 Dimension=           3
  2.26913136154647816E-011   0.0000000000000000     
  1.44409230602186769E-003  8.65852756379577204E-012
 Atom=           6 Dimension=           1
  9.63186548993281279E-010   0.0000000000000000     
  4.00770267762293728E-004  4.45167744745499903E-010
 Atom=           6 Dimension=           2
  2.18553178506844991E-010   0.0000000000000000     
 -2.59480352052664557E-004  1.86606197495598528E-010
 Atom=           6 Dimension=           3
  1.79141949595774583E-011   0.0000000000000000     
  9.28328935270384325E-005  2.41841631954295687E-011
 Atom=           7 Dimension=           1
 -9.62104173333823758E-006  8.75323100549735972E-003
   0.0000000000000000      -8.01600092460010374E-006
 Atom=           7 Dimension=           2
 -4.58265409820278934E-006  3.33531943758135071E-003
   0.0000000000000000      -5.31838859234305501E-006
 Atom=           7 Dimension=           3
 -3.15694094954817770E-006  3.46026147006884513E-004
   0.0000000000000000      -3.50454768997390255E-006
 Atom=           8 Dimension=           1
  7.89418857885380012E-010  9.19807324443136227E-004
   0.0000000000000000       1.48090678332507006E-010
 Atom=           8 Dimension=           2
  1.96459004723366143E-010  4.58603641428021239E-004
   0.0000000000000000       6.92682205103661763E-011
 Atom=           8 Dimension=           3
   0.0000000000000000       2.29803522467082559E-005
   0.0000000000000000       1.55256356316337982E-011
 Atom=           9 Dimension=           1
  1.20801388010750677E-009  7.15287626237657431E-004
   0.0000000000000000       3.92918009446732286E-010
 Atom=           9 Dimension=           2
  3.00361335488915375E-010  3.56653615080159835E-004
   0.0000000000000000       1.85113347915633770E-010
 Atom=           9 Dimension=           3
  5.97139831985915309E-013  1.78696910609305372E-005
   0.0000000000000000       4.29940679029858999E-011
 Atom=          10 Dimension=           1
 -9.63038458314948843E-006  8.63615271036834511E-003
   0.0000000000000000      -8.43848571568778623E-006
 Atom=          10 Dimension=           2
 -4.48728967275497489E-006  5.02378635136240415E-003
   0.0000000000000000      -5.19439638764008872E-006
 Atom=          10 Dimension=           3
 -3.25016343441865868E-006 -1.34420990582603659E-004
   0.0000000000000000      -3.28707712598244786E-006
 Atom=          11 Dimension=           1
  1.21697097758729531E-009  1.05995227509521187E-003
   0.0000000000000000       1.57644915644281633E-010
 Atom=          11 Dimension=           2
  2.75878602377492909E-010  5.05394752345426890E-004
   0.0000000000000000       6.56853815184506846E-011
 Atom=          11 Dimension=           3
  2.26913136154647816E-011  1.46242263668326932E-004
   0.0000000000000000       7.16567798383098412E-012
 Atom=          12 Dimension=           1
  9.63186548993281279E-010  2.54286291817428672E-004
   0.0000000000000000       4.44272034997521017E-010
 Atom=          12 Dimension=           2
  2.18553178506844991E-010  1.21267885702258419E-004
   0.0000000000000000       1.85113347915633770E-010
 Atom=          12 Dimension=           3
  1.79141949595774583E-011  3.50998786896710297E-005
   0.0000000000000000       2.32884534474506990E-011
 Atom=           1 Dimension=           1
 -9.62104173333823758E-006   0.0000000000000000     
 -1.01666685936527054E-002 -8.01600002889035497E-006
 Atom=           1 Dimension=           2
 -4.58265409820278934E-006   0.0000000000000000     
  3.00261196042265381E-003 -5.31838769663330793E-006
 Atom=           1 Dimension=           3
 -3.15694094954817770E-006   0.0000000000000000     
 -1.98801106982914901E-003 -3.50454619712432267E-006
 Atom=           2 Dimension=           1
  7.89418857885380012E-010   0.0000000000000000     
 -2.74601041136396298E-003  1.48389248248499942E-010
 Atom=           2 Dimension=           2
  1.96459004723366143E-010   0.0000000000000000     
  1.88638441970553883E-003  7.07610700903309602E-011
 Atom=           2 Dimension=           3
   0.0000000000000000        0.0000000000000000     
 -9.17222708993249616E-004  1.64213453796126712E-011
 Atom=           3 Dimension=           1
  1.20801388010750677E-009   0.0000000000000000     
 -1.01413720539328400E-003  3.93813719194711172E-010
 Atom=           3 Dimension=           2
  3.00361335488915375E-010   0.0000000000000000     
  6.96685471739943822E-004  1.86009057663612630E-010
 Atom=           3 Dimension=           3
  5.97139831985915309E-013   0.0000000000000000     
 -3.38768671425785880E-004  4.38897776509647728E-011
 Atom=           4 Dimension=           1
 -9.63038458314948843E-006   0.0000000000000000     
 -1.30473851376691832E-002 -8.43848481997803915E-006
 Atom=           4 Dimension=           2
 -4.48728967275497489E-006   0.0000000000000000     
 -1.10933018615456142E-002 -5.19439549193033994E-006
 Atom=           4 Dimension=           3
 -3.25016343441865868E-006   0.0000000000000000     
  1.27277634935953868E-003 -3.28707623027269993E-006
 Atom=           5 Dimension=           1
  1.21697097758729531E-009   0.0000000000000000     
  6.23553594333450378E-003  1.59137765224246443E-010
 Atom=           5 Dimension=           2
  2.75878602377492909E-010   0.0000000000000000     
 -4.03496205683729747E-003  6.71782310984154685E-011
 Atom=           5 Dimension=           3
  2.26913136154647816E-011   0.0000000000000000     
  1.44409230602186769E-003  8.65852756379577204E-012
 Atom=           6 Dimension=           1
  9.63186548993281279E-010   0.0000000000000000     
  4.00770267762293728E-004  4.45167744745499903E-010
 Atom=           6 Dimension=           2
  2.18553178506844991E-010   0.0000000000000000     
 -2.59480352052664557E-004  1.86606197495598528E-010
 Atom=           6 Dimension=           3
  1.79141949595774583E-011   0.0000000000000000     
  9.28328935270384325E-005  2.41841631954295687E-011
 Atom=           7 Dimension=           1
 -9.62104173333823758E-006  8.75323100549735972E-003
   0.0000000000000000      -8.01600092460010374E-006
 Atom=           7 Dimension=           2
 -4.58265409820278934E-006  3.33531943758135071E-003
   0.0000000000000000      -5.31838859234305501E-006
 Atom=           7 Dimension=           3
 -3.15694094954817770E-006  3.46026147006884513E-004
   0.0000000000000000      -3.50454768997390255E-006
 Atom=           8 Dimension=           1
  7.89418857885380012E-010  9.19807324443136227E-004
   0.0000000000000000       1.48090678332507006E-010
 Atom=           8 Dimension=           2
  1.96459004723366143E-010  4.58603641428021239E-004
   0.0000000000000000       6.92682205103661763E-011
 Atom=           8 Dimension=           3
   0.0000000000000000       2.29803522467082559E-005
   0.0000000000000000       1.55256356316337982E-011
 Atom=           9 Dimension=           1
  1.20801388010750677E-009  7.15287626237657431E-004
   0.0000000000000000       3.92918009446732286E-010
 Atom=           9 Dimension=           2
  3.00361335488915375E-010  3.56653615080159835E-004
   0.0000000000000000       1.85113347915633770E-010
 Atom=           9 Dimension=           3
  5.97139831985915309E-013  1.78696910609305372E-005
   0.0000000000000000       4.29940679029858999E-011
 Atom=          10 Dimension=           1
 -9.63038458314948843E-006  8.63615271036834511E-003
   0.0000000000000000      -8.43848571568778623E-006
 Atom=          10 Dimension=           2
 -4.48728967275497489E-006  5.02378635136240415E-003
   0.0000000000000000      -5.19439638764008872E-006
 Atom=          10 Dimension=           3
 -3.25016343441865868E-006 -1.34420990582603659E-004
   0.0000000000000000      -3.28707712598244786E-006
 Atom=          11 Dimension=           1
  1.21697097758729531E-009  1.05995227509521187E-003
   0.0000000000000000       1.57644915644281633E-010
 Atom=          11 Dimension=           2
  2.75878602377492909E-010  5.05394752345426890E-004
   0.0000000000000000       6.56853815184506846E-011
 Atom=          11 Dimension=           3
  2.26913136154647816E-011  1.46242263668326932E-004
   0.0000000000000000       7.16567798383098412E-012
 Atom=          12 Dimension=           1
  9.63186548993281279E-010  2.54286291817428672E-004
   0.0000000000000000       4.44272034997521017E-010
 Atom=          12 Dimension=           2
  2.18553178506844991E-010  1.21267885702258419E-004
   0.0000000000000000       1.85113347915633770E-010
 Atom=          12 Dimension=           3
  1.79141949595774583E-011  3.50998786896710297E-005
   0.0000000000000000       2.32884534474506990E-011
 Atom=           1 Dimension=           1
 -9.62102799912210097E-006   0.0000000000000000     
 -1.01666426421048919E-002 -8.01603884297943528E-006
 Atom=           1 Dimension=           2
 -4.58266783241892510E-006   0.0000000000000000     
  3.00265592215565426E-003 -5.31842024075415104E-006
 Atom=           1 Dimension=           3
 -3.15693079817103408E-006   0.0000000000000000     
 -1.98799291677825667E-003 -3.50455993134045843E-006
 Atom=           2 Dimension=           1
  7.90015997717365936E-010   0.0000000000000000     
 -2.74602982311097834E-003  1.48687818164492904E-010
 Atom=           2 Dimension=           2
  1.95861864891380219E-010   0.0000000000000000     
  1.88639701077210863E-003  7.04625001743379982E-011
 Atom=           2 Dimension=           3
  1.19427966397183062E-012   0.0000000000000000     
 -9.17229138509784354E-004  1.67199152956056299E-011
 Atom=           3 Dimension=           1
  1.20861101993949259E-009   0.0000000000000000     
 -1.01408608567047460E-003  3.93515149278718158E-010
 Atom=           3 Dimension=           2
  3.00361335488915375E-010   0.0000000000000000     
  6.96650078441034748E-004  1.85710487747619668E-010
 Atom=           3 Dimension=           3
  1.19427966397183062E-012   0.0000000000000000     
 -3.38751574752577491E-004  4.41883475669577347E-011
 Atom=           4 Dimension=           1
 -9.63038159745032866E-006   0.0000000000000000     
 -1.30474956960937288E-002 -8.43850362988274482E-006
 Atom=           4 Dimension=           2
 -4.48726399574219923E-006   0.0000000000000000     
 -1.10932130990981492E-002 -5.19444117312748771E-006
 Atom=           4 Dimension=           3
 -3.25016492726823857E-006   0.0000000000000000     
  1.27264874445885212E-003 -3.28707503599303603E-006
 Atom=           5 Dimension=           1
  1.21816525725126716E-009   0.0000000000000000     
  6.23569581774635357E-003  1.58839195308253455E-010
 Atom=           5 Dimension=           2
  2.77072882041464705E-010   0.0000000000000000     
 -4.03508857755597618E-003  6.68796611824225195E-011
 Atom=           5 Dimension=           3
  2.26913136154647816E-011   0.0000000000000000     
  1.44408883619158912E-003  8.35995764780281494E-012
 Atom=           6 Dimension=           1
  9.64380828657253334E-010   0.0000000000000000     
  4.00635583992826579E-004  4.45466314661492813E-010
 Atom=           6 Dimension=           2
  2.18553178506844991E-010   0.0000000000000000     
 -2.59394692119838740E-004  1.86307627579605592E-010
 Atom=           6 Dimension=           3
  1.91084746235492899E-011   0.0000000000000000     
  9.27991038098269086E-005  2.38855932794366132E-011
 Atom=           7 Dimension=           1
 -9.62102799912210097E-006  8.75334721327524976E-003
   0.0000000000000000      -8.01603884297943528E-006
 Atom=           7 Dimension=           2
 -4.58266783241892510E-006  3.33532431636306310E-003
   0.0000000000000000      -5.31842024075415104E-006
 Atom=           7 Dimension=           3
 -3.15693079817103408E-006  3.46117856675311859E-004
   0.0000000000000000      -3.50455993134045843E-006
 Atom=           8 Dimension=           1
  7.90015997717365936E-010  9.19873041659671894E-004
   0.0000000000000000       1.48687818164492904E-010
 Atom=           8 Dimension=           2
  1.95861864891380219E-010  4.58640962779484026E-004
   0.0000000000000000       7.04625001743379982E-011
 Atom=           8 Dimension=           3
  1.19427966397183062E-012  2.29674642150357442E-005
   0.0000000000000000       1.67199152956056299E-011
 Atom=           9 Dimension=           1
  1.20861101993949259E-009  7.15199284325918733E-004
   0.0000000000000000       3.93515149278718158E-010
 Atom=           9 Dimension=           2
  3.00361335488915375E-010  3.56613114183019142E-004
   0.0000000000000000       1.85710487747619668E-010
 Atom=           9 Dimension=           3
  1.19427966397183062E-012  1.78561882364797547E-005
   0.0000000000000000       4.41883475669577347E-011
 Atom=          10 Dimension=           1
 -9.63038159745032866E-006  8.63606687700371918E-003
   0.0000000000000000      -8.43850362988274482E-006
 Atom=          10 Dimension=           2
 -4.48726399574219923E-006  5.02371037457445112E-003
   0.0000000000000000      -5.19444117312748771E-006
 Atom=          10 Dimension=           3
 -3.25016492726823857E-006 -1.34360322855129710E-004
   0.0000000000000000      -3.28707503599303603E-006
 Atom=          11 Dimension=           1
  1.21816525725126716E-009  1.05994250301382517E-003
   0.0000000000000000       1.58839195308253455E-010
 Atom=          11 Dimension=           2
  2.77072882041464705E-010  5.05386604820274405E-004
   0.0000000000000000       6.68796611824225195E-011
 Atom=          11 Dimension=           3
  2.26913136154647816E-011  1.46246808536909403E-004
   0.0000000000000000       8.35995764780281494E-012
 Atom=          12 Dimension=           1
  9.64380828657253334E-010  2.54316016206663977E-004
   0.0000000000000000       4.45466314661492813E-010
 Atom=          12 Dimension=           2
  2.18553178506844991E-010  1.21281220469167750E-004
   0.0000000000000000       1.86307627579605592E-010
 Atom=          12 Dimension=           3
  1.91084746235492899E-011  3.51053945822628024E-005
   0.0000000000000000       2.38855932794366132E-011
 Atom=           1 Dimension=           1
 -9.62102799912210097E-006   0.0000000000000000     
 -1.01666426421048919E-002 -8.01603884297943528E-006
 Atom=           1 Dimension=           2
 -4.58266783241892510E-006   0.0000000000000000     
  3.00265592215565426E-003 -5.31842024075415104E-006
 Atom=           1 Dimension=           3
 -3.15693079817103408E-006   0.0000000000000000     
 -1.98799291677825667E-003 -3.50455993134045843E-006
 Atom=           2 Dimension=           1
  7.90015997717365936E-010   0.0000000000000000     
 -2.74602982311097834E-003  1.48687818164492904E-010
 Atom=           2 Dimension=           2
  1.95861864891380219E-010   0.0000000000000000     
  1.88639701077210863E-003  7.04625001743379982E-011
 Atom=           2 Dimension=           3
  1.19427966397183062E-012   0.0000000000000000     
 -9.17229138509784354E-004  1.67199152956056299E-011
 Atom=           3 Dimension=           1
  1.20861101993949259E-009   0.0000000000000000     
 -1.01408608567047460E-003  3.93515149278718158E-010
 Atom=           3 Dimension=           2
  3.00361335488915375E-010   0.0000000000000000     
  6.96650078441034748E-004  1.85710487747619668E-010
 Atom=           3 Dimension=           3
  1.19427966397183062E-012   0.0000000000000000     
 -3.38751574752577491E-004  4.41883475669577347E-011
 Atom=           4 Dimension=           1
 -9.63038159745032866E-006   0.0000000000000000     
 -1.30474956960937288E-002 -8.43850362988274482E-006
 Atom=           4 Dimension=           2
 -4.48726399574219923E-006   0.0000000000000000     
 -1.10932130990981492E-002 -5.19444117312748771E-006
 Atom=           4 Dimension=           3
 -3.25016492726823857E-006   0.0000000000000000     
  1.27264874445885212E-003 -3.28707503599303603E-006
 Atom=           5 Dimension=           1
  1.21816525725126716E-009   0.0000000000000000     
  6.23569581774635357E-003  1.58839195308253455E-010
 Atom=           5 Dimension=           2
  2.77072882041464705E-010   0.0000000000000000     
 -4.03508857755597618E-003  6.68796611824225195E-011
 Atom=           5 Dimension=           3
  2.26913136154647816E-011   0.0000000000000000     
  1.44408883619158912E-003  8.35995764780281494E-012
 Atom=           6 Dimension=           1
  9.64380828657253334E-010   0.0000000000000000     
  4.00635583992826579E-004  4.45466314661492813E-010
 Atom=           6 Dimension=           2
  2.18553178506844991E-010   0.0000000000000000     
 -2.59394692119838740E-004  1.86307627579605592E-010
 Atom=           6 Dimension=           3
  1.91084746235492899E-011   0.0000000000000000     
  9.27991038098269086E-005  2.38855932794366132E-011
 Atom=           7 Dimension=           1
 -9.62102799912210097E-006  8.75334721327524976E-003
   0.0000000000000000      -8.01603884297943528E-006
 Atom=           7 Dimension=           2
 -4.58266783241892510E-006  3.33532431636306310E-003
   0.0000000000000000      -5.31842024075415104E-006
 Atom=           7 Dimension=           3
 -3.15693079817103408E-006  3.46117856675311859E-004
   0.0000000000000000      -3.50455993134045843E-006
 Atom=           8 Dimension=           1
  7.90015997717365936E-010  9.19873041659671894E-004
   0.0000000000000000       1.48687818164492904E-010
 Atom=           8 Dimension=           2
  1.95861864891380219E-010  4.58640962779484026E-004
   0.0000000000000000       7.04625001743379982E-011
 Atom=           8 Dimension=           3
  1.19427966397183062E-012  2.29674642150357442E-005
   0.0000000000000000       1.67199152956056299E-011
 Atom=           9 Dimension=           1
  1.20861101993949259E-009  7.15199284325918733E-004
   0.0000000000000000       3.93515149278718158E-010
 Atom=           9 Dimension=           2
  3.00361335488915375E-010  3.56613114183019142E-004
   0.0000000000000000       1.85710487747619668E-010
 Atom=           9 Dimension=           3
  1.19427966397183062E-012  1.78561882364797547E-005
   0.0000000000000000       4.41883475669577347E-011
 Atom=          10 Dimension=           1
 -9.63038159745032866E-006  8.63606687700371918E-003
   0.0000000000000000      -8.43850362988274482E-006
 Atom=          10 Dimension=           2
 -4.48726399574219923E-006  5.02371037457445112E-003
   0.0000000000000000      -5.19444117312748771E-006
 Atom=          10 Dimension=           3
 -3.25016492726823857E-006 -1.34360322855129710E-004
   0.0000000000000000      -3.28707503599303603E-006
 Atom=          11 Dimension=           1
  1.21816525725126716E-009  1.05994250301382517E-003
   0.0000000000000000       1.58839195308253455E-010
 Atom=          11 Dimension=           2
  2.77072882041464705E-010  5.05386604820274405E-004
   0.0000000000000000       6.68796611824225195E-011
 Atom=          11 Dimension=           3
  2.26913136154647816E-011  1.46246808536909403E-004
   0.0000000000000000       8.35995764780281494E-012
 Atom=          12 Dimension=           1
  9.64380828657253334E-010  2.54316016206663977E-004
   0.0000000000000000       4.45466314661492813E-010
 Atom=          12 Dimension=           2
  2.18553178506844991E-010  1.21281220469167750E-004
   0.0000000000000000       1.86307627579605592E-010
 Atom=          12 Dimension=           3
  1.91084746235492899E-011  3.51053945822628024E-005
   0.0000000000000000       2.38855932794366132E-011
 Atom=           1 Dimension=           1
 -9.62102799912210097E-006   0.0000000000000000     
 -1.01666426421048919E-002 -8.01603884297943528E-006
 Atom=           1 Dimension=           2
 -4.58266783241892510E-006   0.0000000000000000     
  3.00265592215565426E-003 -5.31842024075415104E-006
 Atom=           1 Dimension=           3
 -3.15693079817103408E-006   0.0000000000000000     
 -1.98799291677825667E-003 -3.50455993134045843E-006
 Atom=           2 Dimension=           1
  7.90015997717365936E-010   0.0000000000000000     
 -2.74602982311097834E-003  1.48687818164492904E-010
 Atom=           2 Dimension=           2
  1.95861864891380219E-010   0.0000000000000000     
  1.88639701077210863E-003  7.04625001743379982E-011
 Atom=           2 Dimension=           3
  1.19427966397183062E-012   0.0000000000000000     
 -9.17229138509784354E-004  1.67199152956056299E-011
 Atom=           3 Dimension=           1
  1.20861101993949259E-009   0.0000000000000000     
 -1.01408608567047460E-003  3.93515149278718158E-010
 Atom=           3 Dimension=           2
  3.00361335488915375E-010   0.0000000000000000     
  6.96650078441034748E-004  1.85710487747619668E-010
 Atom=           3 Dimension=           3
  1.19427966397183062E-012   0.0000000000000000     
 -3.38751574752577491E-004  4.41883475669577347E-011
 Atom=           4 Dimension=           1
 -9.63038159745032866E-006   0.0000000000000000     
 -1.30474956960937288E-002 -8.43850362988274482E-006
 Atom=           4 Dimension=           2
 -4.48726399574219923E-006   0.0000000000000000     
 -1.10932130990981492E-002 -5.19444117312748771E-006
 Atom=           4 Dimension=           3
 -3.25016492726823857E-006   0.0000000000000000     
  1.27264874445885212E-003 -3.28707503599303603E-006
 Atom=           5 Dimension=           1
  1.21816525725126716E-009   0.0000000000000000     
  6.23569581774635357E-003  1.58839195308253455E-010
 Atom=           5 Dimension=           2
  2.77072882041464705E-010   0.0000000000000000     
 -4.03508857755597618E-003  6.68796611824225195E-011
 Atom=           5 Dimension=           3
  2.26913136154647816E-011   0.0000000000000000     
  1.44408883619158912E-003  8.35995764780281494E-012
 Atom=           6 Dimension=           1
  9.64380828657253334E-010   0.0000000000000000     
  4.00635583992826579E-004  4.45466314661492813E-010
 Atom=           6 Dimension=           2
  2.18553178506844991E-010   0.0000000000000000     
 -2.59394692119838740E-004  1.86307627579605592E-010
 Atom=           6 Dimension=           3
  1.91084746235492899E-011   0.0000000000000000     
  9.27991038098269086E-005  2.38855932794366132E-011
 Atom=           7 Dimension=           1
 -9.62102799912210097E-006  8.75334721327524976E-003
   0.0000000000000000      -8.01603884297943528E-006
 Atom=           7 Dimension=           2
 -4.58266783241892510E-006  3.33532431636306310E-003
   0.0000000000000000      -5.31842024075415104E-006
 Atom=           7 Dimension=           3
 -3.15693079817103408E-006  3.46117856675311859E-004
   0.0000000000000000      -3.50455993134045843E-006
 Atom=           8 Dimension=           1
  7.90015997717365936E-010  9.19873041659671894E-004
   0.0000000000000000       1.48687818164492904E-010
 Atom=           8 Dimension=           2
  1.95861864891380219E-010  4.58640962779484026E-004
   0.0000000000000000       7.04625001743379982E-011
 Atom=           8 Dimension=           3
  1.19427966397183062E-012  2.29674642150357442E-005
   0.0000000000000000       1.67199152956056299E-011
 Atom=           9 Dimension=           1
  1.20861101993949259E-009  7.15199284325918733E-004
   0.0000000000000000       3.93515149278718158E-010
 Atom=           9 Dimension=           2
  3.00361335488915375E-010  3.56613114183019142E-004
   0.0000000000000000       1.85710487747619668E-010
 Atom=           9 Dimension=           3
  1.19427966397183062E-012  1.78561882364797547E-005
   0.0000000000000000       4.41883475669577347E-011
 Atom=          10 Dimension=           1
 -9.63038159745032866E-006  8.63606687700371918E-003
   0.0000000000000000      -8.43850362988274482E-006
 Atom=          10 Dimension=           2
 -4.48726399574219923E-006  5.02371037457445112E-003
   0.0000000000000000      -5.19444117312748771E-006
 Atom=          10 Dimension=           3
 -3.25016492726823857E-006 -1.34360322855129710E-004
   0.0000000000000000      -3.28707503599303603E-006
 Atom=          11 Dimension=           1
  1.21816525725126716E-009  1.05994250301382517E-003
   0.0000000000000000       1.58839195308253455E-010
 Atom=          11 Dimension=           2
  2.77072882041464705E-010  5.05386604820274405E-004
   0.0000000000000000       6.68796611824225195E-011
 Atom=          11 Dimension=           3
  2.26913136154647816E-011  1.46246808536909403E-004
   0.0000000000000000       8.35995764780281494E-012
 Atom=          12 Dimension=           1
  9.64380828657253334E-010  2.54316016206663977E-004
   0.0000000000000000       4.45466314661492813E-010
 Atom=          12 Dimension=           2
  2.18553178506844991E-010  1.21281220469167750E-004
   0.0000000000000000       1.86307627579605592E-010
 Atom=          12 Dimension=           3
  1.91084746235492899E-011  3.51053945822628024E-005
   0.0000000000000000       2.38855932794366132E-011
