 Atom=           1 Dimension=           1
 -3.18468197615283145E-006   0.0000000000000000     
  6.73685390121944901E-003 -1.00922964273537893E-005
 Atom=           1 Dimension=           2
 -9.73202554537130703E-006   0.0000000000000000     
  1.21489836453392177E-003 -3.19802775282780022E-006
 Atom=           1 Dimension=           3
 -4.45484049714502808E-006   0.0000000000000000     
  3.73606104864042865E-004 -3.57491375206537504E-006
 Atom=           2 Dimension=           1
  2.38855932794366124E-012   0.0000000000000000     
 -7.64678854858824868E-004  2.07207521699112618E-010
 Atom=           2 Dimension=           2
  3.24844068600337893E-010   0.0000000000000000     
  1.30125473729116216E-004  5.97139831985915330E-012
 Atom=           2 Dimension=           3
  7.52396188302253377E-011   0.0000000000000000     
  2.50768003604029573E-004  2.20941737834788674E-011
 Atom=           3 Dimension=           1
  7.16567798383098412E-012   0.0000000000000000     
  7.99403926174352777E-004  9.91252121096619444E-011
 Atom=           3 Dimension=           2
  1.07843453656656304E-009   0.0000000000000000     
 -1.35996724197582210E-004  2.98569915992957665E-012
 Atom=           3 Dimension=           3
  2.47215890442168924E-010   0.0000000000000000     
 -2.62093412874248326E-004  1.07485169757464750E-011
 Atom=           4 Dimension=           1
 -3.15656266146461447E-006   0.0000000000000000     
  6.00764375874952329E-003 -1.01863886463895599E-005
 Atom=           4 Dimension=           2
 -1.03237128935513600E-005   0.0000000000000000     
  1.10784965885359966E-003 -3.12940354762623126E-006
 Atom=           4 Dimension=           3
 -3.96009133643998990E-006   0.0000000000000000     
 -8.93521639647393198E-004 -3.60832312852515479E-006
 Atom=           5 Dimension=           1
  5.97139831985915309E-013   0.0000000000000000     
  9.88389837658866857E-004  5.37425848787323748E-011
 Atom=           5 Dimension=           2
  4.50243433317380152E-010   0.0000000000000000     
 -1.25120602451773576E-004  1.19427966397183062E-012
 Atom=           5 Dimension=           3
  6.26996823585211169E-011   0.0000000000000000     
 -3.26338505844491638E-004  5.37425848787323748E-012
 Atom=           6 Dimension=           1
  1.79141949595774603E-012   0.0000000000000000     
 -2.41798565837739854E-004  2.84835699857281612E-010
 Atom=           6 Dimension=           2
  1.22951091405899982E-009   0.0000000000000000     
  3.06208134798038582E-005  4.17997882390140747E-012
 Atom=           6 Dimension=           3
  1.69587712283999956E-010   0.0000000000000000     
  7.98645088340113092E-005  3.10512712632675965E-011
 Atom=           7 Dimension=           1
 -3.18468197615283145E-006  6.35508292053992962E-003
   0.0000000000000000      -1.00922964273537893E-005
 Atom=           7 Dimension=           2
 -9.73202554537130703E-006  1.71116604154969887E-003
   0.0000000000000000      -3.19802775282780022E-006
 Atom=           7 Dimension=           3
 -4.45484049714502808E-006 -6.74670045174668195E-004
   0.0000000000000000      -3.57491375206537504E-006
 Atom=           8 Dimension=           1
  2.38855932794366124E-012 -2.84900639224543726E-004
   0.0000000000000000       2.07207521699112618E-010
 Atom=           8 Dimension=           2
  3.24844068600337893E-010 -3.44058821025421992E-003
   0.0000000000000000       5.97139831985915330E-012
 Atom=           8 Dimension=           3
  7.52396188302253377E-011 -1.64685799789310089E-003
   0.0000000000000000       2.20941737834788674E-011
 Atom=           9 Dimension=           1
  7.16567798383098412E-012  3.71864127034663404E-004
   0.0000000000000000       9.91252121096619444E-011
 Atom=           9 Dimension=           2
  1.07843453656656304E-009  4.49024734597795738E-003
   0.0000000000000000       2.98569915992957665E-012
 Atom=           9 Dimension=           3
  2.47215890442168924E-010  2.14925425692850383E-003
   0.0000000000000000       1.07485169757464750E-011
 Atom=          10 Dimension=           1
 -3.15656266146461447E-006  7.07686898924105891E-003
   0.0000000000000000      -1.01863886463895599E-005
 Atom=          10 Dimension=           2
 -1.03237128935513600E-005 -3.20280361674361619E-004
   0.0000000000000000      -3.12940354762623126E-006
 Atom=          10 Dimension=           3
 -3.96009133643998990E-006 -5.24584177147983379E-004
   0.0000000000000000      -3.60832312852515479E-006
 Atom=          11 Dimension=           1
  5.97139831985915309E-013 -1.98261259284254038E-004
   0.0000000000000000       5.37425848787323748E-011
 Atom=          11 Dimension=           2
  4.50243433317380152E-010  5.30426969221505819E-003
   0.0000000000000000       1.19427966397183062E-012
 Atom=          11 Dimension=           3
  6.26996823585211169E-011  1.97174595472225829E-003
   0.0000000000000000       5.37425848787323748E-012
 Atom=          12 Dimension=           1
  1.79141949595774603E-012  2.06414361797501063E-004
   0.0000000000000000       2.84835699857281612E-010
 Atom=          12 Dimension=           2
  1.22951091405899982E-009 -5.52307481993452587E-003
   0.0000000000000000       4.17997882390140747E-012
 Atom=          12 Dimension=           3
  1.69587712283999956E-010 -2.05312294748578308E-003
   0.0000000000000000       3.10512712632675965E-011
 Atom=           1 Dimension=           1
 -3.18468197615283145E-006   0.0000000000000000     
  6.73685390121944901E-003 -1.00922964273537893E-005
 Atom=           1 Dimension=           2
 -9.73202554537130703E-006   0.0000000000000000     
  1.21489836453392177E-003 -3.19802775282780022E-006
 Atom=           1 Dimension=           3
 -4.45484049714502808E-006   0.0000000000000000     
  3.73606104864042865E-004 -3.57491375206537504E-006
 Atom=           2 Dimension=           1
  2.38855932794366124E-012   0.0000000000000000     
 -7.64678854858824868E-004  2.07207521699112618E-010
 Atom=           2 Dimension=           2
  3.24844068600337893E-010   0.0000000000000000     
  1.30125473729116216E-004  5.97139831985915330E-012
 Atom=           2 Dimension=           3
  7.52396188302253377E-011   0.0000000000000000     
  2.50768003604029573E-004  2.20941737834788674E-011
 Atom=           3 Dimension=           1
  7.16567798383098412E-012   0.0000000000000000     
  7.99403926174352777E-004  9.91252121096619444E-011
 Atom=           3 Dimension=           2
  1.07843453656656304E-009   0.0000000000000000     
 -1.35996724197582210E-004  2.98569915992957665E-012
 Atom=           3 Dimension=           3
  2.47215890442168924E-010   0.0000000000000000     
 -2.62093412874248326E-004  1.07485169757464750E-011
 Atom=           4 Dimension=           1
 -3.15656266146461447E-006   0.0000000000000000     
  6.00764375874952329E-003 -1.01863886463895599E-005
 Atom=           4 Dimension=           2
 -1.03237128935513600E-005   0.0000000000000000     
  1.10784965885359966E-003 -3.12940354762623126E-006
 Atom=           4 Dimension=           3
 -3.96009133643998990E-006   0.0000000000000000     
 -8.93521639647393198E-004 -3.60832312852515479E-006
 Atom=           5 Dimension=           1
  5.97139831985915309E-013   0.0000000000000000     
  9.88389837658866857E-004  5.37425848787323748E-011
 Atom=           5 Dimension=           2
  4.50243433317380152E-010   0.0000000000000000     
 -1.25120602451773576E-004  1.19427966397183062E-012
 Atom=           5 Dimension=           3
  6.26996823585211169E-011   0.0000000000000000     
 -3.26338505844491638E-004  5.37425848787323748E-012
 Atom=           6 Dimension=           1
  1.79141949595774603E-012   0.0000000000000000     
 -2.41798565837739854E-004  2.84835699857281612E-010
 Atom=           6 Dimension=           2
  1.22951091405899982E-009   0.0000000000000000     
  3.06208134798038582E-005  4.17997882390140747E-012
 Atom=           6 Dimension=           3
  1.69587712283999956E-010   0.0000000000000000     
  7.98645088340113092E-005  3.10512712632675965E-011
 Atom=           7 Dimension=           1
 -3.18468197615283145E-006  6.35508292053992962E-003
   0.0000000000000000      -1.00922964273537893E-005
 Atom=           7 Dimension=           2
 -9.73202554537130703E-006  1.71116604154969887E-003
   0.0000000000000000      -3.19802775282780022E-006
 Atom=           7 Dimension=           3
 -4.45484049714502808E-006 -6.74670045174668195E-004
   0.0000000000000000      -3.57491375206537504E-006
 Atom=           8 Dimension=           1
  2.38855932794366124E-012 -2.84900639224543726E-004
   0.0000000000000000       2.07207521699112618E-010
 Atom=           8 Dimension=           2
  3.24844068600337893E-010 -3.44058821025421992E-003
   0.0000000000000000       5.97139831985915330E-012
 Atom=           8 Dimension=           3
  7.52396188302253377E-011 -1.64685799789310089E-003
   0.0000000000000000       2.20941737834788674E-011
 Atom=           9 Dimension=           1
  7.16567798383098412E-012  3.71864127034663404E-004
   0.0000000000000000       9.91252121096619444E-011
 Atom=           9 Dimension=           2
  1.07843453656656304E-009  4.49024734597795738E-003
   0.0000000000000000       2.98569915992957665E-012
 Atom=           9 Dimension=           3
  2.47215890442168924E-010  2.14925425692850383E-003
   0.0000000000000000       1.07485169757464750E-011
 Atom=          10 Dimension=           1
 -3.15656266146461447E-006  7.07686898924105891E-003
   0.0000000000000000      -1.01863886463895599E-005
 Atom=          10 Dimension=           2
 -1.03237128935513600E-005 -3.20280361674361619E-004
   0.0000000000000000      -3.12940354762623126E-006
 Atom=          10 Dimension=           3
 -3.96009133643998990E-006 -5.24584177147983379E-004
   0.0000000000000000      -3.60832312852515479E-006
 Atom=          11 Dimension=           1
  5.97139831985915309E-013 -1.98261259284254038E-004
   0.0000000000000000       5.37425848787323748E-011
 Atom=          11 Dimension=           2
  4.50243433317380152E-010  5.30426969221505819E-003
   0.0000000000000000       1.19427966397183062E-012
 Atom=          11 Dimension=           3
  6.26996823585211169E-011  1.97174595472225829E-003
   0.0000000000000000       5.37425848787323748E-012
 Atom=          12 Dimension=           1
  1.79141949595774603E-012  2.06414361797501063E-004
   0.0000000000000000       2.84835699857281612E-010
 Atom=          12 Dimension=           2
  1.22951091405899982E-009 -5.52307481993452587E-003
   0.0000000000000000       4.17997882390140747E-012
 Atom=          12 Dimension=           3
  1.69587712283999956E-010 -2.05312294748578308E-003
   0.0000000000000000       3.10512712632675965E-011
 Atom=           1 Dimension=           1
 -3.18468884326089891E-006   0.0000000000000000     
  6.73683791289375090E-003 -1.00923600227458965E-005
 Atom=           1 Dimension=           2
 -9.73201449828441506E-006   0.0000000000000000     
  1.21475340501428020E-003 -3.19799371585737722E-006
 Atom=           1 Dimension=           3
 -4.45486020275948336E-006   0.0000000000000000     
  3.73549987174143032E-004 -3.57487434083646362E-006
 Atom=           2 Dimension=           1
  2.38855932794366124E-012   0.0000000000000000     
 -7.64596834885147869E-004  2.06610381867126694E-010
 Atom=           2 Dimension=           2
  3.24844068600337893E-010   0.0000000000000000     
  1.30098414244326707E-004  5.37425848787323748E-012
 Atom=           2 Dimension=           3
  7.52396188302253377E-011   0.0000000000000000     
  2.50733562668510092E-004  2.20941737834788674E-011
 Atom=           3 Dimension=           1
  7.16567798383098412E-012   0.0000000000000000     
  7.99324253165482521E-004  9.85280722776760205E-011
 Atom=           3 Dimension=           2
  1.07962881623053489E-009   0.0000000000000000     
 -1.35969473254834029E-004  2.98569915992957665E-012
 Atom=           3 Dimension=           3
  2.47215890442168924E-010   0.0000000000000000     
 -2.62059399808079038E-004  1.01513771437605591E-011
 Atom=           4 Dimension=           1
 -3.15657430569133839E-006   0.0000000000000000     
  6.00762567561997311E-003 -1.01864543317710781E-005
 Atom=           4 Dimension=           2
 -1.03237096092822834E-005   0.0000000000000000     
  1.10778088543808250E-003 -3.12940742903513896E-006
 Atom=           4 Dimension=           3
 -3.96013224051848036E-006   0.0000000000000000     
 -8.93546503822232902E-004 -3.60823296041052527E-006
 Atom=           5 Dimension=           1
  5.97139831985915309E-013   0.0000000000000000     
  9.88305368777417760E-004  5.31454450467464639E-011
 Atom=           5 Dimension=           2
  4.50243433317380152E-010   0.0000000000000000     
 -1.25113946022102716E-004  5.97139831985915309E-013
 Atom=           5 Dimension=           3
  6.21025425265351930E-011   0.0000000000000000     
 -3.26291028170820803E-004  5.37425848787323748E-012
 Atom=           6 Dimension=           1
  1.79141949595774603E-012   0.0000000000000000     
 -2.41752343781190119E-004  2.84835699857281612E-010
 Atom=           6 Dimension=           2
  1.23010805389098543E-009   0.0000000000000000     
  3.06159492347143612E-005  4.77711865588732248E-012
 Atom=           6 Dimension=           3
  1.70184852115985854E-010   0.0000000000000000     
  7.98444527917774777E-005  3.04541314312816791E-011
 Atom=           7 Dimension=           1
 -3.18468884326089891E-006  6.35522005461671563E-003
   0.0000000000000000      -1.00923600227458965E-005
 Atom=           7 Dimension=           2
 -9.73201449828441506E-006  1.71116590103523227E-003
   0.0000000000000000      -3.19799371585737722E-006
 Atom=           7 Dimension=           3
 -4.45486020275948336E-006 -6.74656708131163231E-004
   0.0000000000000000      -3.57487434083646362E-006
 Atom=           8 Dimension=           1
  2.38855932794366124E-012 -2.84922163801569971E-004
   0.0000000000000000       2.06610381867126694E-010
 Atom=           8 Dimension=           2
  3.24844068600337893E-010 -3.44066710649613278E-003
   0.0000000000000000       5.37425848787323748E-012
 Atom=           8 Dimension=           3
  7.52396188302253377E-011 -1.64690305836339237E-003
   0.0000000000000000       2.20941737834788674E-011
 Atom=           9 Dimension=           1
  7.16567798383098412E-012  3.71892699317235382E-004
   0.0000000000000000       9.85280722776760205E-011
 Atom=           9 Dimension=           2
  1.07962881623053489E-009  4.49035607633354889E-003
   0.0000000000000000       2.98569915992957665E-012
 Atom=           9 Dimension=           3
  2.47215890442168924E-010  2.14931582643042686E-003
   0.0000000000000000       1.01513771437605591E-011
 Atom=          10 Dimension=           1
 -3.15657430569133839E-006  7.07664969904271517E-003
   0.0000000000000000      -1.01864543317710781E-005
 Atom=          10 Dimension=           2
 -1.03237096092822834E-005 -3.20494583909630769E-004
   0.0000000000000000      -3.12940742903513896E-006
 Atom=          10 Dimension=           3
 -3.96013224051848036E-006 -5.24656226341994490E-004
   0.0000000000000000      -3.60823296041052527E-006
 Atom=          11 Dimension=           1
  5.97139831985915309E-013 -1.98360778720616519E-004
   0.0000000000000000       5.31454450467464639E-011
 Atom=          11 Dimension=           2
  4.50243433317380152E-010  5.30426130844645956E-003
   0.0000000000000000       5.97139831985915309E-013
 Atom=          11 Dimension=           3
  6.21025425265351930E-011  1.97178280028389953E-003
   0.0000000000000000       5.37425848787323748E-012
 Atom=          12 Dimension=           1
  1.79141949595774603E-012  2.06519005290761840E-004
   0.0000000000000000       2.84835699857281612E-010
 Atom=          12 Dimension=           2
  1.23010805389098543E-009 -5.52309365723302297E-003
   0.0000000000000000       4.77711865588732248E-012
 Atom=          12 Dimension=           3
  1.70184852115985854E-010 -2.05317156524867849E-003
   0.0000000000000000       3.04541314312816791E-011
 Atom=           1 Dimension=           1
 -3.18468884326089891E-006   0.0000000000000000     
  6.73683791289375090E-003 -1.00923600227458965E-005
 Atom=           1 Dimension=           2
 -9.73201449828441506E-006   0.0000000000000000     
  1.21475340501428020E-003 -3.19799371585737722E-006
 Atom=           1 Dimension=           3
 -4.45486020275948336E-006   0.0000000000000000     
  3.73549987174143032E-004 -3.57487434083646362E-006
 Atom=           2 Dimension=           1
  2.38855932794366124E-012   0.0000000000000000     
 -7.64596834885147869E-004  2.06610381867126694E-010
 Atom=           2 Dimension=           2
  3.24844068600337893E-010   0.0000000000000000     
  1.30098414244326707E-004  5.37425848787323748E-012
 Atom=           2 Dimension=           3
  7.52396188302253377E-011   0.0000000000000000     
  2.50733562668510092E-004  2.20941737834788674E-011
 Atom=           3 Dimension=           1
  7.16567798383098412E-012   0.0000000000000000     
  7.99324253165482521E-004  9.85280722776760205E-011
 Atom=           3 Dimension=           2
  1.07962881623053489E-009   0.0000000000000000     
 -1.35969473254834029E-004  2.98569915992957665E-012
 Atom=           3 Dimension=           3
  2.47215890442168924E-010   0.0000000000000000     
 -2.62059399808079038E-004  1.01513771437605591E-011
 Atom=           4 Dimension=           1
 -3.15657430569133839E-006   0.0000000000000000     
  6.00762567561997311E-003 -1.01864543317710781E-005
 Atom=           4 Dimension=           2
 -1.03237096092822834E-005   0.0000000000000000     
  1.10778088543808250E-003 -3.12940742903513896E-006
 Atom=           4 Dimension=           3
 -3.96013224051848036E-006   0.0000000000000000     
 -8.93546503822232902E-004 -3.60823296041052527E-006
 Atom=           5 Dimension=           1
  5.97139831985915309E-013   0.0000000000000000     
  9.88305368777417760E-004  5.31454450467464639E-011
 Atom=           5 Dimension=           2
  4.50243433317380152E-010   0.0000000000000000     
 -1.25113946022102716E-004  5.97139831985915309E-013
 Atom=           5 Dimension=           3
  6.21025425265351930E-011   0.0000000000000000     
 -3.26291028170820803E-004  5.37425848787323748E-012
 Atom=           6 Dimension=           1
  1.79141949595774603E-012   0.0000000000000000     
 -2.41752343781190119E-004  2.84835699857281612E-010
 Atom=           6 Dimension=           2
  1.23010805389098543E-009   0.0000000000000000     
  3.06159492347143612E-005  4.77711865588732248E-012
 Atom=           6 Dimension=           3
  1.70184852115985854E-010   0.0000000000000000     
  7.98444527917774777E-005  3.04541314312816791E-011
 Atom=           7 Dimension=           1
 -3.18468884326089891E-006  6.35522005461671563E-003
   0.0000000000000000      -1.00923600227458965E-005
 Atom=           7 Dimension=           2
 -9.73201449828441506E-006  1.71116590103523227E-003
   0.0000000000000000      -3.19799371585737722E-006
 Atom=           7 Dimension=           3
 -4.45486020275948336E-006 -6.74656708131163231E-004
   0.0000000000000000      -3.57487434083646362E-006
 Atom=           8 Dimension=           1
  2.38855932794366124E-012 -2.84922163801569971E-004
   0.0000000000000000       2.06610381867126694E-010
 Atom=           8 Dimension=           2
  3.24844068600337893E-010 -3.44066710649613278E-003
   0.0000000000000000       5.37425848787323748E-012
 Atom=           8 Dimension=           3
  7.52396188302253377E-011 -1.64690305836339237E-003
   0.0000000000000000       2.20941737834788674E-011
 Atom=           9 Dimension=           1
  7.16567798383098412E-012  3.71892699317235382E-004
   0.0000000000000000       9.85280722776760205E-011
 Atom=           9 Dimension=           2
  1.07962881623053489E-009  4.49035607633354889E-003
   0.0000000000000000       2.98569915992957665E-012
 Atom=           9 Dimension=           3
  2.47215890442168924E-010  2.14931582643042686E-003
   0.0000000000000000       1.01513771437605591E-011
 Atom=          10 Dimension=           1
 -3.15657430569133839E-006  7.07664969904271517E-003
   0.0000000000000000      -1.01864543317710781E-005
 Atom=          10 Dimension=           2
 -1.03237096092822834E-005 -3.20494583909630769E-004
   0.0000000000000000      -3.12940742903513896E-006
 Atom=          10 Dimension=           3
 -3.96013224051848036E-006 -5.24656226341994490E-004
   0.0000000000000000      -3.60823296041052527E-006
 Atom=          11 Dimension=           1
  5.97139831985915309E-013 -1.98360778720616519E-004
   0.0000000000000000       5.31454450467464639E-011
 Atom=          11 Dimension=           2
  4.50243433317380152E-010  5.30426130844645956E-003
   0.0000000000000000       5.97139831985915309E-013
 Atom=          11 Dimension=           3
  6.21025425265351930E-011  1.97178280028389953E-003
   0.0000000000000000       5.37425848787323748E-012
 Atom=          12 Dimension=           1
  1.79141949595774603E-012  2.06519005290761840E-004
   0.0000000000000000       2.84835699857281612E-010
 Atom=          12 Dimension=           2
  1.23010805389098543E-009 -5.52309365723302297E-003
   0.0000000000000000       4.77711865588732248E-012
 Atom=          12 Dimension=           3
  1.70184852115985854E-010 -2.05317156524867849E-003
   0.0000000000000000       3.04541314312816791E-011
 Atom=           1 Dimension=           1
 -3.18468884326089891E-006   0.0000000000000000     
  6.73683791289375090E-003 -1.00923600227458965E-005
 Atom=           1 Dimension=           2
 -9.73201449828441506E-006   0.0000000000000000     
  1.21475340501428020E-003 -3.19799371585737722E-006
 Atom=           1 Dimension=           3
 -4.45486020275948336E-006   0.0000000000000000     
  3.73549987174143032E-004 -3.57487434083646362E-006
 Atom=           2 Dimension=           1
  2.38855932794366124E-012   0.0000000000000000     
 -7.64596834885147869E-004  2.06610381867126694E-010
 Atom=           2 Dimension=           2
  3.24844068600337893E-010   0.0000000000000000     
  1.30098414244326707E-004  5.37425848787323748E-012
 Atom=           2 Dimension=           3
  7.52396188302253377E-011   0.0000000000000000     
  2.50733562668510092E-004  2.20941737834788674E-011
 Atom=           3 Dimension=           1
  7.16567798383098412E-012   0.0000000000000000     
  7.99324253165482521E-004  9.85280722776760205E-011
 Atom=           3 Dimension=           2
  1.07962881623053489E-009   0.0000000000000000     
 -1.35969473254834029E-004  2.98569915992957665E-012
 Atom=           3 Dimension=           3
  2.47215890442168924E-010   0.0000000000000000     
 -2.62059399808079038E-004  1.01513771437605591E-011
 Atom=           4 Dimension=           1
 -3.15657430569133839E-006   0.0000000000000000     
  6.00762567561997311E-003 -1.01864543317710781E-005
 Atom=           4 Dimension=           2
 -1.03237096092822834E-005   0.0000000000000000     
  1.10778088543808250E-003 -3.12940742903513896E-006
 Atom=           4 Dimension=           3
 -3.96013224051848036E-006   0.0000000000000000     
 -8.93546503822232902E-004 -3.60823296041052527E-006
 Atom=           5 Dimension=           1
  5.97139831985915309E-013   0.0000000000000000     
  9.88305368777417760E-004  5.31454450467464639E-011
 Atom=           5 Dimension=           2
  4.50243433317380152E-010   0.0000000000000000     
 -1.25113946022102716E-004  5.97139831985915309E-013
 Atom=           5 Dimension=           3
  6.21025425265351930E-011   0.0000000000000000     
 -3.26291028170820803E-004  5.37425848787323748E-012
 Atom=           6 Dimension=           1
  1.79141949595774603E-012   0.0000000000000000     
 -2.41752343781190119E-004  2.84835699857281612E-010
 Atom=           6 Dimension=           2
  1.23010805389098543E-009   0.0000000000000000     
  3.06159492347143612E-005  4.77711865588732248E-012
 Atom=           6 Dimension=           3
  1.70184852115985854E-010   0.0000000000000000     
  7.98444527917774777E-005  3.04541314312816791E-011
 Atom=           7 Dimension=           1
 -3.18468884326089891E-006  6.35522005461671563E-003
   0.0000000000000000      -1.00923600227458965E-005
 Atom=           7 Dimension=           2
 -9.73201449828441506E-006  1.71116590103523227E-003
   0.0000000000000000      -3.19799371585737722E-006
 Atom=           7 Dimension=           3
 -4.45486020275948336E-006 -6.74656708131163231E-004
   0.0000000000000000      -3.57487434083646362E-006
 Atom=           8 Dimension=           1
  2.38855932794366124E-012 -2.84922163801569971E-004
   0.0000000000000000       2.06610381867126694E-010
 Atom=           8 Dimension=           2
  3.24844068600337893E-010 -3.44066710649613278E-003
   0.0000000000000000       5.37425848787323748E-012
 Atom=           8 Dimension=           3
  7.52396188302253377E-011 -1.64690305836339237E-003
   0.0000000000000000       2.20941737834788674E-011
 Atom=           9 Dimension=           1
  7.16567798383098412E-012  3.71892699317235382E-004
   0.0000000000000000       9.85280722776760205E-011
 Atom=           9 Dimension=           2
  1.07962881623053489E-009  4.49035607633354889E-003
   0.0000000000000000       2.98569915992957665E-012
 Atom=           9 Dimension=           3
  2.47215890442168924E-010  2.14931582643042686E-003
   0.0000000000000000       1.01513771437605591E-011
 Atom=          10 Dimension=           1
 -3.15657430569133839E-006  7.07664969904271517E-003
   0.0000000000000000      -1.01864543317710781E-005
 Atom=          10 Dimension=           2
 -1.03237096092822834E-005 -3.20494583909630769E-004
   0.0000000000000000      -3.12940742903513896E-006
 Atom=          10 Dimension=           3
 -3.96013224051848036E-006 -5.24656226341994490E-004
   0.0000000000000000      -3.60823296041052527E-006
 Atom=          11 Dimension=           1
  5.97139831985915309E-013 -1.98360778720616519E-004
   0.0000000000000000       5.31454450467464639E-011
 Atom=          11 Dimension=           2
  4.50243433317380152E-010  5.30426130844645956E-003
   0.0000000000000000       5.97139831985915309E-013
 Atom=          11 Dimension=           3
  6.21025425265351930E-011  1.97178280028389953E-003
   0.0000000000000000       5.37425848787323748E-012
 Atom=          12 Dimension=           1
  1.79141949595774603E-012  2.06519005290761840E-004
   0.0000000000000000       2.84835699857281612E-010
 Atom=          12 Dimension=           2
  1.23010805389098543E-009 -5.52309365723302297E-003
   0.0000000000000000       4.77711865588732248E-012
 Atom=          12 Dimension=           3
  1.70184852115985854E-010 -2.05317156524867849E-003
   0.0000000000000000       3.04541314312816791E-011
