 Atom=           1 Dimension=           1
 -6.77031647819176493E-006   0.0000000000000000     
  8.65405722348929233E-004 -3.65458593986843159E-006
 Atom=           1 Dimension=           2
 -3.66745669180705612E-006   0.0000000000000000     
  7.74284344247586336E-003 -4.67860192926645464E-006
 Atom=           1 Dimension=           3
 -6.90338759690024626E-006   0.0000000000000000     
  1.25852147031709494E-002 -8.53925127091591470E-006
 Atom=           2 Dimension=           1
  4.65769068949013915E-010   0.0000000000000000     
 -4.06970609624360703E-003  1.06290890093492928E-010
 Atom=           2 Dimension=           2
  7.76281781581689945E-011   0.0000000000000000     
  6.61460331484902200E-003  2.82447140529337917E-010
 Atom=           2 Dimension=           3
  4.75920446092774518E-010   0.0000000000000000     
  1.18782392181891842E-002  9.11832523442492652E-010
 Atom=           3 Dimension=           1
  5.48771505595056199E-010   0.0000000000000000     
  2.63893601948984044E-003  1.07485169757464750E-011
 Atom=           3 Dimension=           2
  9.19595341258309611E-011   0.0000000000000000     
 -4.28914353240144718E-003  2.80655721033380223E-011
 Atom=           3 Dimension=           3
  5.61311442066760394E-010   0.0000000000000000     
 -7.70288589619194403E-003  9.19595341258309611E-011
 Atom=           4 Dimension=           1
 -6.28036802316597757E-006   0.0000000000000000     
  2.33499135583952345E-003 -3.88792698774449139E-006
 Atom=           4 Dimension=           2
 -4.00325230492601544E-006   0.0000000000000000     
  4.38601173777528172E-004 -4.52725803312928811E-006
 Atom=           4 Dimension=           3
 -6.99979044851588410E-006   0.0000000000000000     
 -3.49733760540655702E-004 -8.50449474699517293E-006
 Atom=           5 Dimension=           1
  3.54103920367647802E-010   0.0000000000000000     
  2.61527486897907349E-003  2.50798729434084416E-011
 Atom=           5 Dimension=           2
  1.19427966397183047E-010   0.0000000000000000     
 -3.30013333068700102E-003  3.94112289110704082E-011
 Atom=           5 Dimension=           3
  4.57409111301211136E-010   0.0000000000000000     
 -6.33218025007400900E-003  1.45702119004563336E-010
 Atom=           6 Dimension=           1
  4.69351907940929458E-010   0.0000000000000000     
 -1.09412585890792204E-003  1.18233686733211225E-010
 Atom=           6 Dimension=           2
  1.57644915644281633E-010   0.0000000000000000     
  1.38064040090684443E-003  1.88099047075563312E-010
 Atom=           6 Dimension=           3
  6.07291209129675810E-010   0.0000000000000000     
  2.64893001016754028E-003  6.93876484767633637E-010
 Atom=           7 Dimension=           1
 -6.77031647819176493E-006  8.19999121530567911E-004
   0.0000000000000000      -3.65458593986843159E-006
 Atom=           7 Dimension=           2
 -3.66745669180705612E-006  3.61509857939822793E-003
   0.0000000000000000      -4.67860192926645464E-006
 Atom=           7 Dimension=           3
 -6.90338759690024626E-006  5.68110405686466334E-003
   0.0000000000000000      -8.53925127091591470E-006
 Atom=           8 Dimension=           1
  4.65769068949013915E-010  3.98358085382928117E-003
   0.0000000000000000       1.06290890093492928E-010
 Atom=           8 Dimension=           2
  7.76281781581689945E-011 -1.62878789562014774E-003
   0.0000000000000000       2.82447140529337917E-010
 Atom=           8 Dimension=           3
  4.75920446092774518E-010 -4.02899931028985817E-003
   0.0000000000000000       9.11832523442492652E-010
 Atom=           9 Dimension=           1
  5.48771505595056199E-010 -2.19940918533374384E-003
   0.0000000000000000       1.07485169757464750E-011
 Atom=           9 Dimension=           2
  9.19595341258309611E-011  8.99275134029027838E-004
   0.0000000000000000       2.80655721033380223E-011
 Atom=           9 Dimension=           3
  5.61311442066760394E-010  2.22451770307489265E-003
   0.0000000000000000       9.19595341258309611E-011
 Atom=          10 Dimension=           1
 -6.28036802316597757E-006  4.57354414328265584E-004
   0.0000000000000000      -3.88792698774449139E-006
 Atom=          10 Dimension=           2
 -4.00325230492601544E-006  5.83465920690239177E-003
   0.0000000000000000      -4.52725803312928811E-006
 Atom=          10 Dimension=           3
 -6.99979044851588410E-006  9.11138576981334117E-003
   0.0000000000000000      -8.50449474699517293E-006
 Atom=          11 Dimension=           1
  3.54103920367647802E-010 -4.17996564019221511E-003
   0.0000000000000000       2.50798729434084416E-011
 Atom=          11 Dimension=           2
  1.19427966397183047E-010  2.42370703568647308E-003
   0.0000000000000000       3.94112289110704082E-011
 Atom=          11 Dimension=           3
  4.57409111301211136E-010  4.75197571611386208E-003
   0.0000000000000000       1.45702119004563336E-010
 Atom=          12 Dimension=           1
  4.69351907940929458E-010  4.41008453482124013E-003
   0.0000000000000000       1.18233686733211225E-010
 Atom=          12 Dimension=           2
  1.57644915644281633E-010 -2.55713396839317647E-003
   0.0000000000000000       1.88099047075563312E-010
 Atom=          12 Dimension=           3
  6.07291209129675810E-010 -5.01349054298114768E-003
   0.0000000000000000       6.93876484767633637E-010
 Atom=           1 Dimension=           1
 -6.77031647819176493E-006   0.0000000000000000     
  8.65405722348929233E-004 -3.65458593986843159E-006
 Atom=           1 Dimension=           2
 -3.66745669180705612E-006   0.0000000000000000     
  7.74284344247586336E-003 -4.67860192926645464E-006
 Atom=           1 Dimension=           3
 -6.90338759690024626E-006   0.0000000000000000     
  1.25852147031709494E-002 -8.53925127091591470E-006
 Atom=           2 Dimension=           1
  4.65769068949013915E-010   0.0000000000000000     
 -4.06970609624360703E-003  1.06290890093492928E-010
 Atom=           2 Dimension=           2
  7.76281781581689945E-011   0.0000000000000000     
  6.61460331484902200E-003  2.82447140529337917E-010
 Atom=           2 Dimension=           3
  4.75920446092774518E-010   0.0000000000000000     
  1.18782392181891842E-002  9.11832523442492652E-010
 Atom=           3 Dimension=           1
  5.48771505595056199E-010   0.0000000000000000     
  2.63893601948984044E-003  1.07485169757464750E-011
 Atom=           3 Dimension=           2
  9.19595341258309611E-011   0.0000000000000000     
 -4.28914353240144718E-003  2.80655721033380223E-011
 Atom=           3 Dimension=           3
  5.61311442066760394E-010   0.0000000000000000     
 -7.70288589619194403E-003  9.19595341258309611E-011
 Atom=           4 Dimension=           1
 -6.28036802316597757E-006   0.0000000000000000     
  2.33499135583952345E-003 -3.88792698774449139E-006
 Atom=           4 Dimension=           2
 -4.00325230492601544E-006   0.0000000000000000     
  4.38601173777528172E-004 -4.52725803312928811E-006
 Atom=           4 Dimension=           3
 -6.99979044851588410E-006   0.0000000000000000     
 -3.49733760540655702E-004 -8.50449474699517293E-006
 Atom=           5 Dimension=           1
  3.54103920367647802E-010   0.0000000000000000     
  2.61527486897907349E-003  2.50798729434084416E-011
 Atom=           5 Dimension=           2
  1.19427966397183047E-010   0.0000000000000000     
 -3.30013333068700102E-003  3.94112289110704082E-011
 Atom=           5 Dimension=           3
  4.57409111301211136E-010   0.0000000000000000     
 -6.33218025007400900E-003  1.45702119004563336E-010
 Atom=           6 Dimension=           1
  4.69351907940929458E-010   0.0000000000000000     
 -1.09412585890792204E-003  1.18233686733211225E-010
 Atom=           6 Dimension=           2
  1.57644915644281633E-010   0.0000000000000000     
  1.38064040090684443E-003  1.88099047075563312E-010
 Atom=           6 Dimension=           3
  6.07291209129675810E-010   0.0000000000000000     
  2.64893001016754028E-003  6.93876484767633637E-010
 Atom=           7 Dimension=           1
 -6.77031647819176493E-006  8.19999121530567911E-004
   0.0000000000000000      -3.65458593986843159E-006
 Atom=           7 Dimension=           2
 -3.66745669180705612E-006  3.61509857939822793E-003
   0.0000000000000000      -4.67860192926645464E-006
 Atom=           7 Dimension=           3
 -6.90338759690024626E-006  5.68110405686466334E-003
   0.0000000000000000      -8.53925127091591470E-006
 Atom=           8 Dimension=           1
  4.65769068949013915E-010  3.98358085382928117E-003
   0.0000000000000000       1.06290890093492928E-010
 Atom=           8 Dimension=           2
  7.76281781581689945E-011 -1.62878789562014774E-003
   0.0000000000000000       2.82447140529337917E-010
 Atom=           8 Dimension=           3
  4.75920446092774518E-010 -4.02899931028985817E-003
   0.0000000000000000       9.11832523442492652E-010
 Atom=           9 Dimension=           1
  5.48771505595056199E-010 -2.19940918533374384E-003
   0.0000000000000000       1.07485169757464750E-011
 Atom=           9 Dimension=           2
  9.19595341258309611E-011  8.99275134029027838E-004
   0.0000000000000000       2.80655721033380223E-011
 Atom=           9 Dimension=           3
  5.61311442066760394E-010  2.22451770307489265E-003
   0.0000000000000000       9.19595341258309611E-011
 Atom=          10 Dimension=           1
 -6.28036802316597757E-006  4.57354414328265584E-004
   0.0000000000000000      -3.88792698774449139E-006
 Atom=          10 Dimension=           2
 -4.00325230492601544E-006  5.83465920690239177E-003
   0.0000000000000000      -4.52725803312928811E-006
 Atom=          10 Dimension=           3
 -6.99979044851588410E-006  9.11138576981334117E-003
   0.0000000000000000      -8.50449474699517293E-006
 Atom=          11 Dimension=           1
  3.54103920367647802E-010 -4.17996564019221511E-003
   0.0000000000000000       2.50798729434084416E-011
 Atom=          11 Dimension=           2
  1.19427966397183047E-010  2.42370703568647308E-003
   0.0000000000000000       3.94112289110704082E-011
 Atom=          11 Dimension=           3
  4.57409111301211136E-010  4.75197571611386208E-003
   0.0000000000000000       1.45702119004563336E-010
 Atom=          12 Dimension=           1
  4.69351907940929458E-010  4.41008453482124013E-003
   0.0000000000000000       1.18233686733211225E-010
 Atom=          12 Dimension=           2
  1.57644915644281633E-010 -2.55713396839317647E-003
   0.0000000000000000       1.88099047075563312E-010
 Atom=          12 Dimension=           3
  6.07291209129675810E-010 -5.01349054298114768E-003
   0.0000000000000000       6.93876484767633637E-010
 Atom=           1 Dimension=           1
 -6.77040157061782328E-006   0.0000000000000000     
  8.65428375538898598E-004 -3.65457220565229583E-006
 Atom=           1 Dimension=           2
 -3.66738921500604165E-006   0.0000000000000000     
  7.74296110358014059E-003 -4.67861506634275760E-006
 Atom=           1 Dimension=           3
 -6.90333893000393872E-006   0.0000000000000000     
  1.25854476147913112E-002 -8.53923544671036541E-006
 Atom=           2 Dimension=           1
  4.66366208780999839E-010   0.0000000000000000     
 -4.06974932260823451E-003  1.06888029925478839E-010
 Atom=           2 Dimension=           2
  7.82253179901549054E-011   0.0000000000000000     
  6.61470347725569893E-003  2.83044280361323841E-010
 Atom=           2 Dimension=           3
  4.76517585924760338E-010   0.0000000000000000     
  1.18783443693072834E-002  9.12429663274478576E-010
 Atom=           3 Dimension=           1
  5.48174365763070171E-010   0.0000000000000000     
  2.63891970024604169E-003  1.13456568077323908E-011
 Atom=           3 Dimension=           2
  9.19595341258309611E-011   0.0000000000000000     
 -4.28913640006999084E-003  2.86627119353239365E-011
 Atom=           3 Dimension=           3
  5.61311442066760394E-010   0.0000000000000000     
 -7.70282463488881648E-003  9.19595341258309611E-011
 Atom=           4 Dimension=           1
 -6.28039788015757690E-006   0.0000000000000000     
  2.33493064838359013E-003 -3.88785622667440160E-006
 Atom=           4 Dimension=           2
 -4.00324036212937638E-006   0.0000000000000000     
  4.38499426039240146E-004 -4.52726997592592716E-006
 Atom=           4 Dimension=           3
 -6.99973521308142594E-006   0.0000000000000000     
 -3.49870249566468412E-004 -8.50452549969652103E-006
 Atom=           5 Dimension=           1
  3.54103920367647802E-010   0.0000000000000000     
  2.61527000877400783E-003  2.44827331114225274E-011
 Atom=           5 Dimension=           2
  1.18830826565197148E-010   0.0000000000000000     
 -3.30027063334382541E-003  3.94112289110704082E-011
 Atom=           5 Dimension=           3
  4.56811971469225212E-010   0.0000000000000000     
 -6.33241447265889268E-003  1.46299258836549260E-010
 Atom=           6 Dimension=           1
  4.70546187604901306E-010   0.0000000000000000     
 -1.09410352871462018E-003  1.18233686733211225E-010
 Atom=           6 Dimension=           2
  1.58242055476267557E-010   0.0000000000000000     
  1.38067222784408875E-003  1.88696186907549236E-010
 Atom=           6 Dimension=           3
  6.07888348961661837E-010   0.0000000000000000     
  2.64897883989641475E-003  6.93876484767633637E-010
 Atom=           7 Dimension=           1
 -6.77040157061782328E-006  8.20007444176306505E-004
   0.0000000000000000      -3.65457220565229583E-006
 Atom=           7 Dimension=           2
 -3.66738921500604165E-006  3.61514712035401233E-003
   0.0000000000000000      -4.67861506634275760E-006
 Atom=           7 Dimension=           3
 -6.90333893000393872E-006  5.68122667954782268E-003
   0.0000000000000000      -8.53923544671036541E-006
 Atom=           8 Dimension=           1
  4.66366208780999839E-010  3.98361494784521888E-003
   0.0000000000000000       1.06888029925478839E-010
 Atom=           8 Dimension=           2
  7.82253179901549054E-011 -1.62869817278522627E-003
   0.0000000000000000       2.83044280361323841E-010
 Atom=           8 Dimension=           3
  4.76517585924760338E-010 -4.02895167356239446E-003
   0.0000000000000000       9.12429663274478576E-010
 Atom=           9 Dimension=           1
  5.48174365763070171E-010 -2.19945761894431305E-003
   0.0000000000000000       1.13456568077323908E-011
 Atom=           9 Dimension=           2
  9.19595341258309611E-011  8.99237700956434603E-004
   0.0000000000000000       2.86627119353239365E-011
 Atom=           9 Dimension=           3
  5.61311442066760394E-010  2.22452134205435937E-003
   0.0000000000000000       9.19595341258309611E-011
 Atom=          10 Dimension=           1
 -6.28039788015757690E-006  4.57221935572270431E-004
   0.0000000000000000      -3.88785622667440160E-006
 Atom=          10 Dimension=           2
 -4.00324036212937638E-006  5.83460951833715286E-003
   0.0000000000000000      -4.52726997592592716E-006
 Atom=          10 Dimension=           3
 -6.99973521308142594E-006  9.11135308936733904E-003
   0.0000000000000000      -8.50452549969652103E-006
 Atom=          11 Dimension=           1
  3.54103920367647802E-010 -4.17984123795771354E-003
   0.0000000000000000       2.44827331114225274E-011
 Atom=          11 Dimension=           2
  1.18830826565197148E-010  2.42362706463018426E-003
   0.0000000000000000       3.94112289110704082E-011
 Atom=          11 Dimension=           3
  4.56811971469225212E-010  4.75178747344532672E-003
   0.0000000000000000       1.46299258836549260E-010
 Atom=          12 Dimension=           1
  4.70546187604901306E-010  4.41001848501647916E-003
   0.0000000000000000       1.18233686733211225E-010
 Atom=          12 Dimension=           2
  1.58242055476267557E-010 -2.55708739962231136E-003
   0.0000000000000000       1.88696186907549236E-010
 Atom=          12 Dimension=           3
  6.07888348961661837E-010 -5.01336606636541577E-003
   0.0000000000000000       6.93876484767633637E-010
 Atom=           1 Dimension=           1
 -6.77040157061782328E-006   0.0000000000000000     
  8.65428375538898598E-004 -3.65457220565229583E-006
 Atom=           1 Dimension=           2
 -3.66738921500604165E-006   0.0000000000000000     
  7.74296110358014059E-003 -4.67861506634275760E-006
 Atom=           1 Dimension=           3
 -6.90333893000393872E-006   0.0000000000000000     
  1.25854476147913112E-002 -8.53923544671036541E-006
 Atom=           2 Dimension=           1
  4.66366208780999839E-010   0.0000000000000000     
 -4.06974932260823451E-003  1.06888029925478839E-010
 Atom=           2 Dimension=           2
  7.82253179901549054E-011   0.0000000000000000     
  6.61470347725569893E-003  2.83044280361323841E-010
 Atom=           2 Dimension=           3
  4.76517585924760338E-010   0.0000000000000000     
  1.18783443693072834E-002  9.12429663274478576E-010
 Atom=           3 Dimension=           1
  5.48174365763070171E-010   0.0000000000000000     
  2.63891970024604169E-003  1.13456568077323908E-011
 Atom=           3 Dimension=           2
  9.19595341258309611E-011   0.0000000000000000     
 -4.28913640006999084E-003  2.86627119353239365E-011
 Atom=           3 Dimension=           3
  5.61311442066760394E-010   0.0000000000000000     
 -7.70282463488881648E-003  9.19595341258309611E-011
 Atom=           4 Dimension=           1
 -6.28039788015757690E-006   0.0000000000000000     
  2.33493064838359013E-003 -3.88785622667440160E-006
 Atom=           4 Dimension=           2
 -4.00324036212937638E-006   0.0000000000000000     
  4.38499426039240146E-004 -4.52726997592592716E-006
 Atom=           4 Dimension=           3
 -6.99973521308142594E-006   0.0000000000000000     
 -3.49870249566468412E-004 -8.50452549969652103E-006
 Atom=           5 Dimension=           1
  3.54103920367647802E-010   0.0000000000000000     
  2.61527000877400783E-003  2.44827331114225274E-011
 Atom=           5 Dimension=           2
  1.18830826565197148E-010   0.0000000000000000     
 -3.30027063334382541E-003  3.94112289110704082E-011
 Atom=           5 Dimension=           3
  4.56811971469225212E-010   0.0000000000000000     
 -6.33241447265889268E-003  1.46299258836549260E-010
 Atom=           6 Dimension=           1
  4.70546187604901306E-010   0.0000000000000000     
 -1.09410352871462018E-003  1.18233686733211225E-010
 Atom=           6 Dimension=           2
  1.58242055476267557E-010   0.0000000000000000     
  1.38067222784408875E-003  1.88696186907549236E-010
 Atom=           6 Dimension=           3
  6.07888348961661837E-010   0.0000000000000000     
  2.64897883989641475E-003  6.93876484767633637E-010
 Atom=           7 Dimension=           1
 -6.77040157061782328E-006  8.20007444176306505E-004
   0.0000000000000000      -3.65457220565229583E-006
 Atom=           7 Dimension=           2
 -3.66738921500604165E-006  3.61514712035401233E-003
   0.0000000000000000      -4.67861506634275760E-006
 Atom=           7 Dimension=           3
 -6.90333893000393872E-006  5.68122667954782268E-003
   0.0000000000000000      -8.53923544671036541E-006
 Atom=           8 Dimension=           1
  4.66366208780999839E-010  3.98361494784521888E-003
   0.0000000000000000       1.06888029925478839E-010
 Atom=           8 Dimension=           2
  7.82253179901549054E-011 -1.62869817278522627E-003
   0.0000000000000000       2.83044280361323841E-010
 Atom=           8 Dimension=           3
  4.76517585924760338E-010 -4.02895167356239446E-003
   0.0000000000000000       9.12429663274478576E-010
 Atom=           9 Dimension=           1
  5.48174365763070171E-010 -2.19945761894431305E-003
   0.0000000000000000       1.13456568077323908E-011
 Atom=           9 Dimension=           2
  9.19595341258309611E-011  8.99237700956434603E-004
   0.0000000000000000       2.86627119353239365E-011
 Atom=           9 Dimension=           3
  5.61311442066760394E-010  2.22452134205435937E-003
   0.0000000000000000       9.19595341258309611E-011
 Atom=          10 Dimension=           1
 -6.28039788015757690E-006  4.57221935572270431E-004
   0.0000000000000000      -3.88785622667440160E-006
 Atom=          10 Dimension=           2
 -4.00324036212937638E-006  5.83460951833715286E-003
   0.0000000000000000      -4.52726997592592716E-006
 Atom=          10 Dimension=           3
 -6.99973521308142594E-006  9.11135308936733904E-003
   0.0000000000000000      -8.50452549969652103E-006
 Atom=          11 Dimension=           1
  3.54103920367647802E-010 -4.17984123795771354E-003
   0.0000000000000000       2.44827331114225274E-011
 Atom=          11 Dimension=           2
  1.18830826565197148E-010  2.42362706463018426E-003
   0.0000000000000000       3.94112289110704082E-011
 Atom=          11 Dimension=           3
  4.56811971469225212E-010  4.75178747344532672E-003
   0.0000000000000000       1.46299258836549260E-010
 Atom=          12 Dimension=           1
  4.70546187604901306E-010  4.41001848501647916E-003
   0.0000000000000000       1.18233686733211225E-010
 Atom=          12 Dimension=           2
  1.58242055476267557E-010 -2.55708739962231136E-003
   0.0000000000000000       1.88696186907549236E-010
 Atom=          12 Dimension=           3
  6.07888348961661837E-010 -5.01336606636541577E-003
   0.0000000000000000       6.93876484767633637E-010
 Atom=           1 Dimension=           1
 -6.77040157061782328E-006   0.0000000000000000     
  8.65428375538898598E-004 -3.65457220565229583E-006
 Atom=           1 Dimension=           2
 -3.66738921500604165E-006   0.0000000000000000     
  7.74296110358014059E-003 -4.67861506634275760E-006
 Atom=           1 Dimension=           3
 -6.90333893000393872E-006   0.0000000000000000     
  1.25854476147913112E-002 -8.53923544671036541E-006
 Atom=           2 Dimension=           1
  4.66366208780999839E-010   0.0000000000000000     
 -4.06974932260823451E-003  1.06888029925478839E-010
 Atom=           2 Dimension=           2
  7.82253179901549054E-011   0.0000000000000000     
  6.61470347725569893E-003  2.83044280361323841E-010
 Atom=           2 Dimension=           3
  4.76517585924760338E-010   0.0000000000000000     
  1.18783443693072834E-002  9.12429663274478576E-010
 Atom=           3 Dimension=           1
  5.48174365763070171E-010   0.0000000000000000     
  2.63891970024604169E-003  1.13456568077323908E-011
 Atom=           3 Dimension=           2
  9.19595341258309611E-011   0.0000000000000000     
 -4.28913640006999084E-003  2.86627119353239365E-011
 Atom=           3 Dimension=           3
  5.61311442066760394E-010   0.0000000000000000     
 -7.70282463488881648E-003  9.19595341258309611E-011
 Atom=           4 Dimension=           1
 -6.28039788015757690E-006   0.0000000000000000     
  2.33493064838359013E-003 -3.88785622667440160E-006
 Atom=           4 Dimension=           2
 -4.00324036212937638E-006   0.0000000000000000     
  4.38499426039240146E-004 -4.52726997592592716E-006
 Atom=           4 Dimension=           3
 -6.99973521308142594E-006   0.0000000000000000     
 -3.49870249566468412E-004 -8.50452549969652103E-006
 Atom=           5 Dimension=           1
  3.54103920367647802E-010   0.0000000000000000     
  2.61527000877400783E-003  2.44827331114225274E-011
 Atom=           5 Dimension=           2
  1.18830826565197148E-010   0.0000000000000000     
 -3.30027063334382541E-003  3.94112289110704082E-011
 Atom=           5 Dimension=           3
  4.56811971469225212E-010   0.0000000000000000     
 -6.33241447265889268E-003  1.46299258836549260E-010
 Atom=           6 Dimension=           1
  4.70546187604901306E-010   0.0000000000000000     
 -1.09410352871462018E-003  1.18233686733211225E-010
 Atom=           6 Dimension=           2
  1.58242055476267557E-010   0.0000000000000000     
  1.38067222784408875E-003  1.88696186907549236E-010
 Atom=           6 Dimension=           3
  6.07888348961661837E-010   0.0000000000000000     
  2.64897883989641475E-003  6.93876484767633637E-010
 Atom=           7 Dimension=           1
 -6.77040157061782328E-006  8.20007444176306505E-004
   0.0000000000000000      -3.65457220565229583E-006
 Atom=           7 Dimension=           2
 -3.66738921500604165E-006  3.61514712035401233E-003
   0.0000000000000000      -4.67861506634275760E-006
 Atom=           7 Dimension=           3
 -6.90333893000393872E-006  5.68122667954782268E-003
   0.0000000000000000      -8.53923544671036541E-006
 Atom=           8 Dimension=           1
  4.66366208780999839E-010  3.98361494784521888E-003
   0.0000000000000000       1.06888029925478839E-010
 Atom=           8 Dimension=           2
  7.82253179901549054E-011 -1.62869817278522627E-003
   0.0000000000000000       2.83044280361323841E-010
 Atom=           8 Dimension=           3
  4.76517585924760338E-010 -4.02895167356239446E-003
   0.0000000000000000       9.12429663274478576E-010
 Atom=           9 Dimension=           1
  5.48174365763070171E-010 -2.19945761894431305E-003
   0.0000000000000000       1.13456568077323908E-011
 Atom=           9 Dimension=           2
  9.19595341258309611E-011  8.99237700956434603E-004
   0.0000000000000000       2.86627119353239365E-011
 Atom=           9 Dimension=           3
  5.61311442066760394E-010  2.22452134205435937E-003
   0.0000000000000000       9.19595341258309611E-011
 Atom=          10 Dimension=           1
 -6.28039788015757690E-006  4.57221935572270431E-004
   0.0000000000000000      -3.88785622667440160E-006
 Atom=          10 Dimension=           2
 -4.00324036212937638E-006  5.83460951833715286E-003
   0.0000000000000000      -4.52726997592592716E-006
 Atom=          10 Dimension=           3
 -6.99973521308142594E-006  9.11135308936733904E-003
   0.0000000000000000      -8.50452549969652103E-006
 Atom=          11 Dimension=           1
  3.54103920367647802E-010 -4.17984123795771354E-003
   0.0000000000000000       2.44827331114225274E-011
 Atom=          11 Dimension=           2
  1.18830826565197148E-010  2.42362706463018426E-003
   0.0000000000000000       3.94112289110704082E-011
 Atom=          11 Dimension=           3
  4.56811971469225212E-010  4.75178747344532672E-003
   0.0000000000000000       1.46299258836549260E-010
 Atom=          12 Dimension=           1
  4.70546187604901306E-010  4.41001848501647916E-003
   0.0000000000000000       1.18233686733211225E-010
 Atom=          12 Dimension=           2
  1.58242055476267557E-010 -2.55708739962231136E-003
   0.0000000000000000       1.88696186907549236E-010
 Atom=          12 Dimension=           3
  6.07888348961661837E-010 -5.01336606636541577E-003
   0.0000000000000000       6.93876484767633637E-010
