 Atom=           1 Dimension=           1
 -6.75353028037480906E-006   0.0000000000000000     
 -2.32006243275600200E-004 -3.02534416908486941E-006
 Atom=           1 Dimension=           2
 -4.88512094873928718E-006   0.0000000000000000     
 -2.18478734999270679E-003 -4.42469598271663074E-006
 Atom=           1 Dimension=           3
 -5.60353749204221428E-006   0.0000000000000000     
 -3.83623597365148226E-003 -9.57024812351976869E-006
 Atom=           2 Dimension=           1
  7.76281781581689912E-012   0.0000000000000000     
  1.18809919696671014E-004  5.97139831985915309E-013
 Atom=           2 Dimension=           2
  3.58283899191549206E-012   0.0000000000000000     
 -2.35789613577187720E-003  3.34995445744098444E-010
 Atom=           2 Dimension=           3
  5.37425848787323748E-012   0.0000000000000000     
 -4.91692830877295435E-003  1.45821546970960505E-009
 Atom=           3 Dimension=           1
  7.58367586622112486E-011   0.0000000000000000     
 -1.35633766905955943E-004  1.19427966397183062E-012
 Atom=           3 Dimension=           2
  4.06055085750422366E-011   0.0000000000000000     
  2.69195074302899405E-003  3.57089619527577369E-010
 Atom=           3 Dimension=           3
  5.37425848787323748E-011   0.0000000000000000     
  5.61382251135696814E-003  1.55316070299536561E-009
 Atom=           4 Dimension=           1
 -6.92162394879918065E-006   0.0000000000000000     
  8.13360755621861799E-004 -3.05340526263946719E-006
 Atom=           4 Dimension=           2
 -4.86363466330476962E-006   0.0000000000000000     
 -1.55500365497071363E-003 -4.90888920404173917E-006
 Atom=           4 Dimension=           3
 -5.50462396600299056E-006   0.0000000000000000     
 -3.18821120711693193E-003 -9.01494868528144043E-006
 Atom=           5 Dimension=           1
  7.52396188302253377E-011   0.0000000000000000     
  4.12670177180152621E-004  6.56853815184506830E-012
 Atom=           5 Dimension=           2
  3.70226695831267514E-011   0.0000000000000000     
  2.87063373984052309E-003  3.03944174480830918E-010
 Atom=           5 Dimension=           3
  4.83683263908591373E-011   0.0000000000000000     
  4.85167294393590472E-003  8.68241315707520932E-010
 Atom=           6 Dimension=           1
  7.76281781581689912E-012   0.0000000000000000     
 -3.31634717456551068E-004  1.49284957996478808E-011
 Atom=           6 Dimension=           2
  3.58283899191549206E-012   0.0000000000000000     
 -2.30677424133304051E-003  7.33884853510689917E-010
 Atom=           6 Dimension=           3
  4.77711865588732248E-012   0.0000000000000000     
 -3.89845254950036638E-003  2.09655795010254870E-009
 Atom=           7 Dimension=           1
 -6.75353028037480906E-006  2.68366256253252367E-004
   0.0000000000000000      -3.02534416908486941E-006
 Atom=           7 Dimension=           2
 -4.88512094873928718E-006 -1.68185093791725464E-003
   0.0000000000000000      -4.42469598271663074E-006
 Atom=           7 Dimension=           3
 -5.60353749204221428E-006 -3.20893490111721826E-003
   0.0000000000000000      -9.57024812351976869E-006
 Atom=           8 Dimension=           1
  7.76281781581689912E-012  1.37683445128125147E-003
   0.0000000000000000       5.97139831985915309E-013
 Atom=           8 Dimension=           2
  3.58283899191549206E-012  1.00216281480465541E-003
   0.0000000000000000       3.34995445744098444E-010
 Atom=           8 Dimension=           3
  5.37425848787323748E-012  1.16156044409090929E-003
   0.0000000000000000       1.45821546970960505E-009
 Atom=           9 Dimension=           1
  7.58367586622112486E-011 -1.42695711903912358E-003
   0.0000000000000000       1.19427966397183062E-012
 Atom=           9 Dimension=           2
  4.06055085750422366E-011 -1.03875818608166600E-003
   0.0000000000000000       3.57089619527577369E-010
 Atom=           9 Dimension=           3
  5.37425848787323748E-011 -1.20402660963904841E-003
   0.0000000000000000       1.55316070299536561E-009
 Atom=          10 Dimension=           1
 -6.92162394879918065E-006  2.17898548924404635E-004
   0.0000000000000000      -3.05340526263946719E-006
 Atom=          10 Dimension=           2
 -4.86363466330476962E-006 -1.27054280959514325E-003
   0.0000000000000000      -4.90888920404173917E-006
 Atom=          10 Dimension=           3
 -5.50462396600299056E-006 -2.29049651953014410E-003
   0.0000000000000000      -9.01494868528144043E-006
 Atom=          11 Dimension=           1
  7.52396188302253377E-011 -9.45559093975164135E-004
   0.0000000000000000       6.56853815184506830E-012
 Atom=          11 Dimension=           2
  3.70226695831267514E-011 -6.63228698099076132E-004
   0.0000000000000000       3.03944174480830918E-010
 Atom=          11 Dimension=           3
  4.83683263908591373E-011 -7.55160676782831003E-004
   0.0000000000000000       8.68241315707520932E-010
 Atom=          12 Dimension=           1
  7.76281781581689912E-012  1.15523271105056626E-003
   0.0000000000000000       1.49284957996478808E-011
 Atom=          12 Dimension=           2
  3.58283899191549206E-012  8.10212149969952514E-004
   0.0000000000000000       7.33884853510689917E-010
 Atom=          12 Dimension=           3
  4.77711865588732248E-012  9.22481383051905793E-004
   0.0000000000000000       2.09655795010254870E-009
 Atom=           1 Dimension=           1
 -6.75353028037480906E-006   0.0000000000000000     
 -2.32006243275600200E-004 -3.02534416908486941E-006
 Atom=           1 Dimension=           2
 -4.88512094873928718E-006   0.0000000000000000     
 -2.18478734999270679E-003 -4.42469598271663074E-006
 Atom=           1 Dimension=           3
 -5.60353749204221428E-006   0.0000000000000000     
 -3.83623597365148226E-003 -9.57024812351976869E-006
 Atom=           2 Dimension=           1
  7.76281781581689912E-012   0.0000000000000000     
  1.18809919696671014E-004  5.97139831985915309E-013
 Atom=           2 Dimension=           2
  3.58283899191549206E-012   0.0000000000000000     
 -2.35789613577187720E-003  3.34995445744098444E-010
 Atom=           2 Dimension=           3
  5.37425848787323748E-012   0.0000000000000000     
 -4.91692830877295435E-003  1.45821546970960505E-009
 Atom=           3 Dimension=           1
  7.58367586622112486E-011   0.0000000000000000     
 -1.35633766905955943E-004  1.19427966397183062E-012
 Atom=           3 Dimension=           2
  4.06055085750422366E-011   0.0000000000000000     
  2.69195074302899405E-003  3.57089619527577369E-010
 Atom=           3 Dimension=           3
  5.37425848787323748E-011   0.0000000000000000     
  5.61382251135696814E-003  1.55316070299536561E-009
 Atom=           4 Dimension=           1
 -6.92162394879918065E-006   0.0000000000000000     
  8.13360755621861799E-004 -3.05340526263946719E-006
 Atom=           4 Dimension=           2
 -4.86363466330476962E-006   0.0000000000000000     
 -1.55500365497071363E-003 -4.90888920404173917E-006
 Atom=           4 Dimension=           3
 -5.50462396600299056E-006   0.0000000000000000     
 -3.18821120711693193E-003 -9.01494868528144043E-006
 Atom=           5 Dimension=           1
  7.52396188302253377E-011   0.0000000000000000     
  4.12670177180152621E-004  6.56853815184506830E-012
 Atom=           5 Dimension=           2
  3.70226695831267514E-011   0.0000000000000000     
  2.87063373984052309E-003  3.03944174480830918E-010
 Atom=           5 Dimension=           3
  4.83683263908591373E-011   0.0000000000000000     
  4.85167294393590472E-003  8.68241315707520932E-010
 Atom=           6 Dimension=           1
  7.76281781581689912E-012   0.0000000000000000     
 -3.31634717456551068E-004  1.49284957996478808E-011
 Atom=           6 Dimension=           2
  3.58283899191549206E-012   0.0000000000000000     
 -2.30677424133304051E-003  7.33884853510689917E-010
 Atom=           6 Dimension=           3
  4.77711865588732248E-012   0.0000000000000000     
 -3.89845254950036638E-003  2.09655795010254870E-009
 Atom=           7 Dimension=           1
 -6.75353028037480906E-006  2.68366256253252367E-004
   0.0000000000000000      -3.02534416908486941E-006
 Atom=           7 Dimension=           2
 -4.88512094873928718E-006 -1.68185093791725464E-003
   0.0000000000000000      -4.42469598271663074E-006
 Atom=           7 Dimension=           3
 -5.60353749204221428E-006 -3.20893490111721826E-003
   0.0000000000000000      -9.57024812351976869E-006
 Atom=           8 Dimension=           1
  7.76281781581689912E-012  1.37683445128125147E-003
   0.0000000000000000       5.97139831985915309E-013
 Atom=           8 Dimension=           2
  3.58283899191549206E-012  1.00216281480465541E-003
   0.0000000000000000       3.34995445744098444E-010
 Atom=           8 Dimension=           3
  5.37425848787323748E-012  1.16156044409090929E-003
   0.0000000000000000       1.45821546970960505E-009
 Atom=           9 Dimension=           1
  7.58367586622112486E-011 -1.42695711903912358E-003
   0.0000000000000000       1.19427966397183062E-012
 Atom=           9 Dimension=           2
  4.06055085750422366E-011 -1.03875818608166600E-003
   0.0000000000000000       3.57089619527577369E-010
 Atom=           9 Dimension=           3
  5.37425848787323748E-011 -1.20402660963904841E-003
   0.0000000000000000       1.55316070299536561E-009
 Atom=          10 Dimension=           1
 -6.92162394879918065E-006  2.17898548924404635E-004
   0.0000000000000000      -3.05340526263946719E-006
 Atom=          10 Dimension=           2
 -4.86363466330476962E-006 -1.27054280959514325E-003
   0.0000000000000000      -4.90888920404173917E-006
 Atom=          10 Dimension=           3
 -5.50462396600299056E-006 -2.29049651953014410E-003
   0.0000000000000000      -9.01494868528144043E-006
 Atom=          11 Dimension=           1
  7.52396188302253377E-011 -9.45559093975164135E-004
   0.0000000000000000       6.56853815184506830E-012
 Atom=          11 Dimension=           2
  3.70226695831267514E-011 -6.63228698099076132E-004
   0.0000000000000000       3.03944174480830918E-010
 Atom=          11 Dimension=           3
  4.83683263908591373E-011 -7.55160676782831003E-004
   0.0000000000000000       8.68241315707520932E-010
 Atom=          12 Dimension=           1
  7.76281781581689912E-012  1.15523271105056626E-003
   0.0000000000000000       1.49284957996478808E-011
 Atom=          12 Dimension=           2
  3.58283899191549206E-012  8.10212149969952514E-004
   0.0000000000000000       7.33884853510689917E-010
 Atom=          12 Dimension=           3
  4.77711865588732248E-012  9.22481383051905793E-004
   0.0000000000000000       2.09655795010254870E-009
 Atom=           1 Dimension=           1
 -6.75357028874355244E-006   0.0000000000000000     
 -2.31905563250156419E-004 -3.02534745335394558E-006
 Atom=           1 Dimension=           2
 -4.88509228602735176E-006   0.0000000000000000     
 -2.18474113269578147E-003 -4.42466552858519946E-006
 Atom=           1 Dimension=           3
 -5.60351898070742205E-006   0.0000000000000000     
 -3.83631663418734781E-003 -9.57030335895422686E-006
 Atom=           2 Dimension=           1
  7.16567798383098412E-012   0.0000000000000000     
  1.18731734865227981E-004  5.97139831985915309E-013
 Atom=           2 Dimension=           2
  3.58283899191549206E-012   0.0000000000000000     
 -2.35791722588185766E-003  3.34995445744098444E-010
 Atom=           2 Dimension=           3
  5.37425848787323748E-012   0.0000000000000000     
 -4.91704218565166412E-003  1.45761832987761944E-009
 Atom=           3 Dimension=           1
  7.58367586622112486E-011   0.0000000000000000     
 -1.35542885435486837E-004  5.97139831985915309E-013
 Atom=           3 Dimension=           2
  4.00083687430563256E-011   0.0000000000000000     
  2.69194254445188474E-003  3.56492479695591445E-010
 Atom=           3 Dimension=           3
  5.37425848787323748E-011   0.0000000000000000     
  5.61388522276985973E-003  1.55196642333139397E-009
 Atom=           4 Dimension=           1
 -6.92160603460422038E-006   0.0000000000000000     
  8.13287890510912942E-004 -3.05340884547845933E-006
 Atom=           4 Dimension=           2
 -4.86356629079400764E-006   0.0000000000000000     
 -1.55496718713967006E-003 -4.90885218137215556E-006
 Atom=           4 Dimension=           3
 -5.50469412993324924E-006   0.0000000000000000     
 -3.18817951751018593E-003 -9.01500869783455592E-006
 Atom=           5 Dimension=           1
  7.46424789982394138E-011   0.0000000000000000     
  4.12657790920882258E-004  6.56853815184506830E-012
 Atom=           5 Dimension=           2
  3.64255297511408340E-011   0.0000000000000000     
  2.87064255650750898E-003  3.03347034648844995E-010
 Atom=           5 Dimension=           3
  4.77711865588732264E-011   0.0000000000000000     
  4.85176435843647988E-003  8.67644175875534904E-010
 Atom=           6 Dimension=           1
  7.76281781581689912E-012   0.0000000000000000     
 -3.31622954915666726E-004  1.49284957996478808E-011
 Atom=           6 Dimension=           2
  3.58283899191549206E-012   0.0000000000000000     
 -2.30676874561957634E-003  7.33287713678703993E-010
 Atom=           6 Dimension=           3
  4.77711865588732248E-012   0.0000000000000000     
 -3.89850473961265249E-003  2.09596081027056246E-009
 Atom=           7 Dimension=           1
 -6.75357028874355244E-006  2.68414513902341168E-004
   0.0000000000000000      -3.02534745335394558E-006
 Atom=           7 Dimension=           2
 -4.88509228602735176E-006 -1.68180533619335481E-003
   0.0000000000000000      -4.42466552858519946E-006
 Atom=           7 Dimension=           3
 -5.60351898070742205E-006 -3.20898673923190186E-003
   0.0000000000000000      -9.57030335895422686E-006
 Atom=           8 Dimension=           1
  7.16567798383098412E-012  1.37687051561837946E-003
   0.0000000000000000       5.97139831985915309E-013
 Atom=           8 Dimension=           2
  3.58283899191549206E-012  1.00217517203150027E-003
   0.0000000000000000       3.34995445744098444E-010
 Atom=           8 Dimension=           3
  5.37425848787323748E-012  1.16157605231494501E-003
   0.0000000000000000       1.45761832987761944E-009
 Atom=           9 Dimension=           1
  7.58367586622112486E-011 -1.42701917912407502E-003
   0.0000000000000000       5.97139831985915309E-013
 Atom=           9 Dimension=           2
  4.00083687430563256E-011 -1.03878896453466862E-003
   0.0000000000000000       3.56492479695591445E-010
 Atom=           9 Dimension=           3
  5.37425848787323748E-011 -1.20406361737663702E-003
   0.0000000000000000       1.55196642333139397E-009
 Atom=          10 Dimension=           1
 -6.92160603460422038E-006  2.17910783697930125E-004
   0.0000000000000000      -3.05340884547845933E-006
 Atom=          10 Dimension=           2
 -4.86356629079400764E-006 -1.27050408393407583E-003
   0.0000000000000000      -4.90885218137215556E-006
 Atom=          10 Dimension=           3
 -5.50469412993324924E-006 -2.29049175914073375E-003
   0.0000000000000000      -9.01500869783455592E-006
 Atom=          11 Dimension=           1
  7.46424789982394138E-011 -9.45546273063408381E-004
   0.0000000000000000       6.56853815184506830E-012
 Atom=          11 Dimension=           2
  3.64255297511408340E-011 -6.63210740964864241E-004
   0.0000000000000000       3.03347034648844995E-010
 Atom=          11 Dimension=           3
  4.77711865588732264E-011 -7.55165046836395247E-004
   0.0000000000000000       8.67644175875534904E-010
 Atom=          12 Dimension=           1
  7.76281781581689912E-012  1.15522529078458105E-003
   0.0000000000000000       1.49284957996478808E-011
 Atom=          12 Dimension=           2
  3.58283899191549206E-012  8.10195996444120024E-004
   0.0000000000000000       7.33287713678703993E-010
 Atom=          12 Dimension=           3
  4.77711865588732248E-012  9.22493306163924324E-004
   0.0000000000000000       2.09596081027056246E-009
 Atom=           1 Dimension=           1
 -6.75357028874355244E-006   0.0000000000000000     
 -2.31905563250156419E-004 -3.02534745335394558E-006
 Atom=           1 Dimension=           2
 -4.88509228602735176E-006   0.0000000000000000     
 -2.18474113269578147E-003 -4.42466552858519946E-006
 Atom=           1 Dimension=           3
 -5.60351898070742205E-006   0.0000000000000000     
 -3.83631663418734781E-003 -9.57030335895422686E-006
 Atom=           2 Dimension=           1
  7.16567798383098412E-012   0.0000000000000000     
  1.18731734865227981E-004  5.97139831985915309E-013
 Atom=           2 Dimension=           2
  3.58283899191549206E-012   0.0000000000000000     
 -2.35791722588185766E-003  3.34995445744098444E-010
 Atom=           2 Dimension=           3
  5.37425848787323748E-012   0.0000000000000000     
 -4.91704218565166412E-003  1.45761832987761944E-009
 Atom=           3 Dimension=           1
  7.58367586622112486E-011   0.0000000000000000     
 -1.35542885435486837E-004  5.97139831985915309E-013
 Atom=           3 Dimension=           2
  4.00083687430563256E-011   0.0000000000000000     
  2.69194254445188474E-003  3.56492479695591445E-010
 Atom=           3 Dimension=           3
  5.37425848787323748E-011   0.0000000000000000     
  5.61388522276985973E-003  1.55196642333139397E-009
 Atom=           4 Dimension=           1
 -6.92160603460422038E-006   0.0000000000000000     
  8.13287890510912942E-004 -3.05340884547845933E-006
 Atom=           4 Dimension=           2
 -4.86356629079400764E-006   0.0000000000000000     
 -1.55496718713967006E-003 -4.90885218137215556E-006
 Atom=           4 Dimension=           3
 -5.50469412993324924E-006   0.0000000000000000     
 -3.18817951751018593E-003 -9.01500869783455592E-006
 Atom=           5 Dimension=           1
  7.46424789982394138E-011   0.0000000000000000     
  4.12657790920882258E-004  6.56853815184506830E-012
 Atom=           5 Dimension=           2
  3.64255297511408340E-011   0.0000000000000000     
  2.87064255650750898E-003  3.03347034648844995E-010
 Atom=           5 Dimension=           3
  4.77711865588732264E-011   0.0000000000000000     
  4.85176435843647988E-003  8.67644175875534904E-010
 Atom=           6 Dimension=           1
  7.76281781581689912E-012   0.0000000000000000     
 -3.31622954915666726E-004  1.49284957996478808E-011
 Atom=           6 Dimension=           2
  3.58283899191549206E-012   0.0000000000000000     
 -2.30676874561957634E-003  7.33287713678703993E-010
 Atom=           6 Dimension=           3
  4.77711865588732248E-012   0.0000000000000000     
 -3.89850473961265249E-003  2.09596081027056246E-009
 Atom=           7 Dimension=           1
 -6.75357028874355244E-006  2.68414513902341168E-004
   0.0000000000000000      -3.02534745335394558E-006
 Atom=           7 Dimension=           2
 -4.88509228602735176E-006 -1.68180533619335481E-003
   0.0000000000000000      -4.42466552858519946E-006
 Atom=           7 Dimension=           3
 -5.60351898070742205E-006 -3.20898673923190186E-003
   0.0000000000000000      -9.57030335895422686E-006
 Atom=           8 Dimension=           1
  7.16567798383098412E-012  1.37687051561837946E-003
   0.0000000000000000       5.97139831985915309E-013
 Atom=           8 Dimension=           2
  3.58283899191549206E-012  1.00217517203150027E-003
   0.0000000000000000       3.34995445744098444E-010
 Atom=           8 Dimension=           3
  5.37425848787323748E-012  1.16157605231494501E-003
   0.0000000000000000       1.45761832987761944E-009
 Atom=           9 Dimension=           1
  7.58367586622112486E-011 -1.42701917912407502E-003
   0.0000000000000000       5.97139831985915309E-013
 Atom=           9 Dimension=           2
  4.00083687430563256E-011 -1.03878896453466862E-003
   0.0000000000000000       3.56492479695591445E-010
 Atom=           9 Dimension=           3
  5.37425848787323748E-011 -1.20406361737663702E-003
   0.0000000000000000       1.55196642333139397E-009
 Atom=          10 Dimension=           1
 -6.92160603460422038E-006  2.17910783697930125E-004
   0.0000000000000000      -3.05340884547845933E-006
 Atom=          10 Dimension=           2
 -4.86356629079400764E-006 -1.27050408393407583E-003
   0.0000000000000000      -4.90885218137215556E-006
 Atom=          10 Dimension=           3
 -5.50469412993324924E-006 -2.29049175914073375E-003
   0.0000000000000000      -9.01500869783455592E-006
 Atom=          11 Dimension=           1
  7.46424789982394138E-011 -9.45546273063408381E-004
   0.0000000000000000       6.56853815184506830E-012
 Atom=          11 Dimension=           2
  3.64255297511408340E-011 -6.63210740964864241E-004
   0.0000000000000000       3.03347034648844995E-010
 Atom=          11 Dimension=           3
  4.77711865588732264E-011 -7.55165046836395247E-004
   0.0000000000000000       8.67644175875534904E-010
 Atom=          12 Dimension=           1
  7.76281781581689912E-012  1.15522529078458105E-003
   0.0000000000000000       1.49284957996478808E-011
 Atom=          12 Dimension=           2
  3.58283899191549206E-012  8.10195996444120024E-004
   0.0000000000000000       7.33287713678703993E-010
 Atom=          12 Dimension=           3
  4.77711865588732248E-012  9.22493306163924324E-004
   0.0000000000000000       2.09596081027056246E-009
 Atom=           1 Dimension=           1
 -6.75357028874355244E-006   0.0000000000000000     
 -2.31905563250156419E-004 -3.02534745335394558E-006
 Atom=           1 Dimension=           2
 -4.88509228602735176E-006   0.0000000000000000     
 -2.18474113269578147E-003 -4.42466552858519946E-006
 Atom=           1 Dimension=           3
 -5.60351898070742205E-006   0.0000000000000000     
 -3.83631663418734781E-003 -9.57030335895422686E-006
 Atom=           2 Dimension=           1
  7.16567798383098412E-012   0.0000000000000000     
  1.18731734865227981E-004  5.97139831985915309E-013
 Atom=           2 Dimension=           2
  3.58283899191549206E-012   0.0000000000000000     
 -2.35791722588185766E-003  3.34995445744098444E-010
 Atom=           2 Dimension=           3
  5.37425848787323748E-012   0.0000000000000000     
 -4.91704218565166412E-003  1.45761832987761944E-009
 Atom=           3 Dimension=           1
  7.58367586622112486E-011   0.0000000000000000     
 -1.35542885435486837E-004  5.97139831985915309E-013
 Atom=           3 Dimension=           2
  4.00083687430563256E-011   0.0000000000000000     
  2.69194254445188474E-003  3.56492479695591445E-010
 Atom=           3 Dimension=           3
  5.37425848787323748E-011   0.0000000000000000     
  5.61388522276985973E-003  1.55196642333139397E-009
 Atom=           4 Dimension=           1
 -6.92160603460422038E-006   0.0000000000000000     
  8.13287890510912942E-004 -3.05340884547845933E-006
 Atom=           4 Dimension=           2
 -4.86356629079400764E-006   0.0000000000000000     
 -1.55496718713967006E-003 -4.90885218137215556E-006
 Atom=           4 Dimension=           3
 -5.50469412993324924E-006   0.0000000000000000     
 -3.18817951751018593E-003 -9.01500869783455592E-006
 Atom=           5 Dimension=           1
  7.46424789982394138E-011   0.0000000000000000     
  4.12657790920882258E-004  6.56853815184506830E-012
 Atom=           5 Dimension=           2
  3.64255297511408340E-011   0.0000000000000000     
  2.87064255650750898E-003  3.03347034648844995E-010
 Atom=           5 Dimension=           3
  4.77711865588732264E-011   0.0000000000000000     
  4.85176435843647988E-003  8.67644175875534904E-010
 Atom=           6 Dimension=           1
  7.76281781581689912E-012   0.0000000000000000     
 -3.31622954915666726E-004  1.49284957996478808E-011
 Atom=           6 Dimension=           2
  3.58283899191549206E-012   0.0000000000000000     
 -2.30676874561957634E-003  7.33287713678703993E-010
 Atom=           6 Dimension=           3
  4.77711865588732248E-012   0.0000000000000000     
 -3.89850473961265249E-003  2.09596081027056246E-009
 Atom=           7 Dimension=           1
 -6.75357028874355244E-006  2.68414513902341168E-004
   0.0000000000000000      -3.02534745335394558E-006
 Atom=           7 Dimension=           2
 -4.88509228602735176E-006 -1.68180533619335481E-003
   0.0000000000000000      -4.42466552858519946E-006
 Atom=           7 Dimension=           3
 -5.60351898070742205E-006 -3.20898673923190186E-003
   0.0000000000000000      -9.57030335895422686E-006
 Atom=           8 Dimension=           1
  7.16567798383098412E-012  1.37687051561837946E-003
   0.0000000000000000       5.97139831985915309E-013
 Atom=           8 Dimension=           2
  3.58283899191549206E-012  1.00217517203150027E-003
   0.0000000000000000       3.34995445744098444E-010
 Atom=           8 Dimension=           3
  5.37425848787323748E-012  1.16157605231494501E-003
   0.0000000000000000       1.45761832987761944E-009
 Atom=           9 Dimension=           1
  7.58367586622112486E-011 -1.42701917912407502E-003
   0.0000000000000000       5.97139831985915309E-013
 Atom=           9 Dimension=           2
  4.00083687430563256E-011 -1.03878896453466862E-003
   0.0000000000000000       3.56492479695591445E-010
 Atom=           9 Dimension=           3
  5.37425848787323748E-011 -1.20406361737663702E-003
   0.0000000000000000       1.55196642333139397E-009
 Atom=          10 Dimension=           1
 -6.92160603460422038E-006  2.17910783697930125E-004
   0.0000000000000000      -3.05340884547845933E-006
 Atom=          10 Dimension=           2
 -4.86356629079400764E-006 -1.27050408393407583E-003
   0.0000000000000000      -4.90885218137215556E-006
 Atom=          10 Dimension=           3
 -5.50469412993324924E-006 -2.29049175914073375E-003
   0.0000000000000000      -9.01500869783455592E-006
 Atom=          11 Dimension=           1
  7.46424789982394138E-011 -9.45546273063408381E-004
   0.0000000000000000       6.56853815184506830E-012
 Atom=          11 Dimension=           2
  3.64255297511408340E-011 -6.63210740964864241E-004
   0.0000000000000000       3.03347034648844995E-010
 Atom=          11 Dimension=           3
  4.77711865588732264E-011 -7.55165046836395247E-004
   0.0000000000000000       8.67644175875534904E-010
 Atom=          12 Dimension=           1
  7.76281781581689912E-012  1.15522529078458105E-003
   0.0000000000000000       1.49284957996478808E-011
 Atom=          12 Dimension=           2
  3.58283899191549206E-012  8.10195996444120024E-004
   0.0000000000000000       7.33287713678703993E-010
 Atom=          12 Dimension=           3
  4.77711865588732248E-012  9.22493306163924324E-004
   0.0000000000000000       2.09596081027056246E-009
