 Atom=           1 Dimension=           1
 -7.08670833104025873E-006   0.0000000000000000     
  5.63850979886049587E-003 -1.02832109887371674E-005
 Atom=           1 Dimension=           2
 -3.11293592390963954E-006   0.0000000000000000     
  1.13918191161500025E-003 -3.51370512786732234E-006
 Atom=           1 Dimension=           3
 -7.14230712508671892E-006   0.0000000000000000     
 -1.72268633531618906E-003 -3.23357100847718207E-006
 Atom=           2 Dimension=           1
  1.31370763036901366E-011   0.0000000000000000     
  1.74740001173513465E-003  3.04780170245611171E-009
 Atom=           2 Dimension=           2
  5.97139831985915309E-013   0.0000000000000000     
  5.13041390560890157E-004  2.62741526073802739E-010
 Atom=           2 Dimension=           3
  1.31370763036901366E-011   0.0000000000000000     
  2.77175608846489123E-004  7.64338984941971596E-011
 Atom=           3 Dimension=           1
  3.77392373815098472E-010   0.0000000000000000     
 -5.45040914540414101E-004  1.22771949456304174E-009
 Atom=           3 Dimension=           2
  1.73170551275915441E-011   0.0000000000000000     
 -1.60028716327582991E-004  1.05096610429521093E-010
 Atom=           3 Dimension=           3
  3.89932310286802718E-010   0.0000000000000000     
 -8.64544228190825849E-005  3.10512712632675965E-011
 Atom=           4 Dimension=           1
 -7.37586702471120168E-006   0.0000000000000000     
  7.01237229384715083E-003 -9.88832092499530091E-006
 Atom=           4 Dimension=           2
 -3.16601508643503542E-006   0.0000000000000000     
  2.23907857470070394E-003 -3.54377440267688939E-006
 Atom=           4 Dimension=           3
 -6.81294330509807995E-006   0.0000000000000000     
 -2.43343668138702555E-003 -3.61364722726714097E-006
 Atom=           5 Dimension=           1
  3.34995445744098444E-010   0.0000000000000000     
 -1.46328117449536768E-003  1.77828241965405592E-009
 Atom=           5 Dimension=           2
  1.79141949595774583E-011   0.0000000000000000     
 -4.76122527169016061E-004  1.88099047075563312E-010
 Atom=           5 Dimension=           3
  2.83044280361323841E-010   0.0000000000000000     
 -4.61058279633971987E-004  1.76156250435845015E-010
 Atom=           6 Dimension=           1
  4.12026484070281605E-011   0.0000000000000000     
  1.42557326025169028E-003  2.02191547110430955E-009
 Atom=           6 Dimension=           2
  1.79141949595774603E-012   0.0000000000000000     
  4.63854433044958705E-004  2.13776059850957677E-010
 Atom=           6 Dimension=           3
  3.52312500871689991E-011   0.0000000000000000     
  4.49200479112853200E-004  2.00638983547267533E-010
 Atom=           7 Dimension=           1
 -7.08670833104025873E-006  8.31026252609994194E-003
   0.0000000000000000      -1.02832109887371674E-005
 Atom=           7 Dimension=           2
 -3.11293592390963954E-006  3.35727048023137190E-003
   0.0000000000000000      -3.51370512786732234E-006
 Atom=           7 Dimension=           3
 -7.14230712508671892E-006 -3.87274659218286290E-003
   0.0000000000000000      -3.23357100847718207E-006
 Atom=           8 Dimension=           1
  1.31370763036901366E-011 -4.40439256752594033E-003
   0.0000000000000000       3.04780170245611171E-009
 Atom=           8 Dimension=           2
  5.97139831985915309E-013  9.35635250713074307E-004
   0.0000000000000000       2.62741526073802739E-010
 Atom=           8 Dimension=           3
  1.31370763036901366E-011 -4.47388185842045438E-003
   0.0000000000000000       7.64338984941971596E-011
 Atom=           9 Dimension=           1
  3.77392373815098472E-010  3.24306579637602486E-003
   0.0000000000000000       1.22771949456304174E-009
 Atom=           9 Dimension=           2
  1.73170551275915441E-011 -6.88903324750353495E-004
   0.0000000000000000       1.05096610429521093E-010
 Atom=           9 Dimension=           3
  3.89932310286802718E-010  3.29372634054334815E-003
   0.0000000000000000       3.10512712632675965E-011
 Atom=          10 Dimension=           1
 -7.37586702471120168E-006  5.35087180145254939E-003
   0.0000000000000000      -9.88832092499530091E-006
 Atom=          10 Dimension=           2
 -3.16601508643503542E-006  4.22904158305010907E-004
   0.0000000000000000      -3.54377440267688939E-006
 Atom=          10 Dimension=           3
 -6.81294330509807995E-006 -1.35752238019918252E-004
   0.0000000000000000      -3.61364722726714097E-006
 Atom=          11 Dimension=           1
  3.34995445744098444E-010  2.42965713845109217E-003
   0.0000000000000000       1.77828241965405592E-009
 Atom=          11 Dimension=           2
  1.79141949595774583E-011 -5.68598900318732347E-004
   0.0000000000000000       1.88099047075563312E-010
 Atom=          11 Dimension=           3
  2.83044280361323841E-010  2.23336114060450949E-003
   0.0000000000000000       1.76156250435845015E-010
 Atom=          12 Dimension=           1
  4.12026484070281605E-011 -1.11260852320607196E-003
   0.0000000000000000       2.02191547110430955E-009
 Atom=          12 Dimension=           2
  1.79141949595774603E-012  2.60387527016041863E-004
   0.0000000000000000       2.13776059850957677E-010
 Atom=          12 Dimension=           3
  3.52312500871689991E-011 -1.02286670797117549E-003
   0.0000000000000000       2.00638983547267533E-010
 Atom=           1 Dimension=           1
 -7.08670833104025873E-006   0.0000000000000000     
  5.63850979886049587E-003 -1.02832109887371674E-005
 Atom=           1 Dimension=           2
 -3.11293592390963954E-006   0.0000000000000000     
  1.13918191161500025E-003 -3.51370512786732234E-006
 Atom=           1 Dimension=           3
 -7.14230712508671892E-006   0.0000000000000000     
 -1.72268633531618906E-003 -3.23357100847718207E-006
 Atom=           2 Dimension=           1
  1.31370763036901366E-011   0.0000000000000000     
  1.74740001173513465E-003  3.04780170245611171E-009
 Atom=           2 Dimension=           2
  5.97139831985915309E-013   0.0000000000000000     
  5.13041390560890157E-004  2.62741526073802739E-010
 Atom=           2 Dimension=           3
  1.31370763036901366E-011   0.0000000000000000     
  2.77175608846489123E-004  7.64338984941971596E-011
 Atom=           3 Dimension=           1
  3.77392373815098472E-010   0.0000000000000000     
 -5.45040914540414101E-004  1.22771949456304174E-009
 Atom=           3 Dimension=           2
  1.73170551275915441E-011   0.0000000000000000     
 -1.60028716327582991E-004  1.05096610429521093E-010
 Atom=           3 Dimension=           3
  3.89932310286802718E-010   0.0000000000000000     
 -8.64544228190825849E-005  3.10512712632675965E-011
 Atom=           4 Dimension=           1
 -7.37586702471120168E-006   0.0000000000000000     
  7.01237229384715083E-003 -9.88832092499530091E-006
 Atom=           4 Dimension=           2
 -3.16601508643503542E-006   0.0000000000000000     
  2.23907857470070394E-003 -3.54377440267688939E-006
 Atom=           4 Dimension=           3
 -6.81294330509807995E-006   0.0000000000000000     
 -2.43343668138702555E-003 -3.61364722726714097E-006
 Atom=           5 Dimension=           1
  3.34995445744098444E-010   0.0000000000000000     
 -1.46328117449536768E-003  1.77828241965405592E-009
 Atom=           5 Dimension=           2
  1.79141949595774583E-011   0.0000000000000000     
 -4.76122527169016061E-004  1.88099047075563312E-010
 Atom=           5 Dimension=           3
  2.83044280361323841E-010   0.0000000000000000     
 -4.61058279633971987E-004  1.76156250435845015E-010
 Atom=           6 Dimension=           1
  4.12026484070281605E-011   0.0000000000000000     
  1.42557326025169028E-003  2.02191547110430955E-009
 Atom=           6 Dimension=           2
  1.79141949595774603E-012   0.0000000000000000     
  4.63854433044958705E-004  2.13776059850957677E-010
 Atom=           6 Dimension=           3
  3.52312500871689991E-011   0.0000000000000000     
  4.49200479112853200E-004  2.00638983547267533E-010
 Atom=           7 Dimension=           1
 -7.08670833104025873E-006  8.31026252609994194E-003
   0.0000000000000000      -1.02832109887371674E-005
 Atom=           7 Dimension=           2
 -3.11293592390963954E-006  3.35727048023137190E-003
   0.0000000000000000      -3.51370512786732234E-006
 Atom=           7 Dimension=           3
 -7.14230712508671892E-006 -3.87274659218286290E-003
   0.0000000000000000      -3.23357100847718207E-006
 Atom=           8 Dimension=           1
  1.31370763036901366E-011 -4.40439256752594033E-003
   0.0000000000000000       3.04780170245611171E-009
 Atom=           8 Dimension=           2
  5.97139831985915309E-013  9.35635250713074307E-004
   0.0000000000000000       2.62741526073802739E-010
 Atom=           8 Dimension=           3
  1.31370763036901366E-011 -4.47388185842045438E-003
   0.0000000000000000       7.64338984941971596E-011
 Atom=           9 Dimension=           1
  3.77392373815098472E-010  3.24306579637602486E-003
   0.0000000000000000       1.22771949456304174E-009
 Atom=           9 Dimension=           2
  1.73170551275915441E-011 -6.88903324750353495E-004
   0.0000000000000000       1.05096610429521093E-010
 Atom=           9 Dimension=           3
  3.89932310286802718E-010  3.29372634054334815E-003
   0.0000000000000000       3.10512712632675965E-011
 Atom=          10 Dimension=           1
 -7.37586702471120168E-006  5.35087180145254939E-003
   0.0000000000000000      -9.88832092499530091E-006
 Atom=          10 Dimension=           2
 -3.16601508643503542E-006  4.22904158305010907E-004
   0.0000000000000000      -3.54377440267688939E-006
 Atom=          10 Dimension=           3
 -6.81294330509807995E-006 -1.35752238019918252E-004
   0.0000000000000000      -3.61364722726714097E-006
 Atom=          11 Dimension=           1
  3.34995445744098444E-010  2.42965713845109217E-003
   0.0000000000000000       1.77828241965405592E-009
 Atom=          11 Dimension=           2
  1.79141949595774583E-011 -5.68598900318732347E-004
   0.0000000000000000       1.88099047075563312E-010
 Atom=          11 Dimension=           3
  2.83044280361323841E-010  2.23336114060450949E-003
   0.0000000000000000       1.76156250435845015E-010
 Atom=          12 Dimension=           1
  4.12026484070281605E-011 -1.11260852320607196E-003
   0.0000000000000000       2.02191547110430955E-009
 Atom=          12 Dimension=           2
  1.79141949595774603E-012  2.60387527016041863E-004
   0.0000000000000000       2.13776059850957677E-010
 Atom=          12 Dimension=           3
  3.52312500871689991E-011 -1.02286670797117549E-003
   0.0000000000000000       2.00638983547267533E-010
 Atom=           1 Dimension=           1
 -7.08681850333925994E-006   0.0000000000000000     
  5.63864163520599523E-003 -1.02832029273494352E-005
 Atom=           1 Dimension=           2
 -3.11294249244779145E-006   0.0000000000000000     
  1.13922291063872465E-003 -3.51373916483774576E-006
 Atom=           1 Dimension=           3
 -7.14219874420721357E-006   0.0000000000000000     
 -1.72268715015081093E-003 -3.23358145842424166E-006
 Atom=           2 Dimension=           1
  1.25399364717042208E-011   0.0000000000000000     
  1.74741212669465244E-003  3.04720456262412588E-009
 Atom=           2 Dimension=           2
   0.0000000000000000        0.0000000000000000     
  5.13055248273007404E-004  2.62741526073802739E-010
 Atom=           2 Dimension=           3
  1.31370763036901366E-011   0.0000000000000000     
  2.77178278322786796E-004  7.64338984941971596E-011
 Atom=           3 Dimension=           1
  3.77392373815098472E-010   0.0000000000000000     
 -5.45057675023897072E-004  1.22771949456304174E-009
 Atom=           3 Dimension=           2
  1.67199152956056299E-011   0.0000000000000000     
 -1.60036850267804363E-004  1.05096610429521093E-010
 Atom=           3 Dimension=           3
  3.89932310286802718E-010   0.0000000000000000     
 -8.64573144313977371E-005  3.04541314312816791E-011
 Atom=           4 Dimension=           1
 -7.37591300447826543E-006   0.0000000000000000     
  7.01241994181763667E-003 -9.88833465921143583E-006
 Atom=           4 Dimension=           2
 -3.16604046487789468E-006   0.0000000000000000     
  2.23909798642905888E-003 -3.54376514700949328E-006
 Atom=           4 Dimension=           3
 -6.81286687119958491E-006   0.0000000000000000     
 -2.43343573813001876E-003 -3.61368066709773244E-006
 Atom=           5 Dimension=           1
  3.34995445744098444E-010   0.0000000000000000     
 -1.46327204083110374E-003  1.77828241965405592E-009
 Atom=           5 Dimension=           2
  1.85113347915633757E-011   0.0000000000000000     
 -4.76111848256151934E-004  1.88696186907549236E-010
 Atom=           5 Dimension=           3
  2.83641420193309816E-010   0.0000000000000000     
 -4.61063955877269319E-004  1.76753390267830939E-010
 Atom=           6 Dimension=           1
  4.17997882390140715E-011   0.0000000000000000     
  1.42554362634780005E-003  2.02131833127232332E-009
 Atom=           6 Dimension=           2
  1.79141949595774603E-012   0.0000000000000000     
  4.63837281770776997E-004  2.14373199682943601E-010
 Atom=           6 Dimension=           3
  3.52312500871689991E-011   0.0000000000000000     
  4.49199475059546937E-004  2.00638983547267533E-010
 Atom=           7 Dimension=           1
 -7.08681850333925994E-006  8.31036184769641528E-003
   0.0000000000000000      -1.02832029273494352E-005
 Atom=           7 Dimension=           2
 -3.11294249244779145E-006  3.35736551876775592E-003
   0.0000000000000000      -3.51373916483774576E-006
 Atom=           7 Dimension=           3
 -7.14219874420721357E-006 -3.87278896472150348E-003
   0.0000000000000000      -3.23358145842424166E-006
 Atom=           8 Dimension=           1
  1.25399364717042208E-011 -4.40447717124902750E-003
   0.0000000000000000       3.04720456262412588E-009
 Atom=           8 Dimension=           2
   0.0000000000000000       9.35669780827695554E-004
   0.0000000000000000       2.62741526073802739E-010
 Atom=           8 Dimension=           3
  1.31370763036901366E-011 -4.47383961501330099E-003
   0.0000000000000000       7.64338984941971596E-011
 Atom=           9 Dimension=           1
  3.77392373815098472E-010  3.24314111742979999E-003
   0.0000000000000000       1.22771949456304174E-009
 Atom=           9 Dimension=           2
  1.67199152956056299E-011 -6.88931517158689294E-004
   0.0000000000000000       1.05096610429521093E-010
 Atom=           9 Dimension=           3
  3.89932310286802718E-010  3.29370846436007059E-003
   0.0000000000000000       3.04541314312816791E-011
 Atom=          10 Dimension=           1
 -7.37591300447826543E-006  5.35091054362360138E-003
   0.0000000000000000      -9.88833465921143583E-006
 Atom=          10 Dimension=           2
 -3.16604046487789468E-006  4.22888174625806878E-004
   0.0000000000000000      -3.54376514700949328E-006
 Atom=          10 Dimension=           3
 -6.81286687119958491E-006 -1.35747218555793661E-004
   0.0000000000000000      -3.61368066709773244E-006
 Atom=          11 Dimension=           1
  3.34995445744098444E-010  2.42969963491490885E-003
   0.0000000000000000       1.77828241965405592E-009
 Atom=          11 Dimension=           2
  1.85113347915633757E-011 -5.68645285860971614E-004
   0.0000000000000000       1.88696186907549236E-010
 Atom=          11 Dimension=           3
  2.83641420193309816E-010  2.23336829012239692E-003
   0.0000000000000000       1.76753390267830939E-010
 Atom=          12 Dimension=           1
  4.17997882390140715E-011 -1.11262545251218170E-003
   0.0000000000000000       2.02131833127232332E-009
 Atom=          12 Dimension=           2
  1.79141949595774603E-012  2.60408176615268693E-004
   0.0000000000000000       2.14373199682943601E-010
 Atom=          12 Dimension=           3
  3.52312500871689991E-011 -1.02286765729288419E-003
   0.0000000000000000       2.00638983547267533E-010
 Atom=           1 Dimension=           1
 -7.08681850333925994E-006   0.0000000000000000     
  5.63864163520599523E-003 -1.02832029273494352E-005
 Atom=           1 Dimension=           2
 -3.11294249244779145E-006   0.0000000000000000     
  1.13922291063872465E-003 -3.51373916483774576E-006
 Atom=           1 Dimension=           3
 -7.14219874420721357E-006   0.0000000000000000     
 -1.72268715015081093E-003 -3.23358145842424166E-006
 Atom=           2 Dimension=           1
  1.25399364717042208E-011   0.0000000000000000     
  1.74741212669465244E-003  3.04720456262412588E-009
 Atom=           2 Dimension=           2
   0.0000000000000000        0.0000000000000000     
  5.13055248273007404E-004  2.62741526073802739E-010
 Atom=           2 Dimension=           3
  1.31370763036901366E-011   0.0000000000000000     
  2.77178278322786796E-004  7.64338984941971596E-011
 Atom=           3 Dimension=           1
  3.77392373815098472E-010   0.0000000000000000     
 -5.45057675023897072E-004  1.22771949456304174E-009
 Atom=           3 Dimension=           2
  1.67199152956056299E-011   0.0000000000000000     
 -1.60036850267804363E-004  1.05096610429521093E-010
 Atom=           3 Dimension=           3
  3.89932310286802718E-010   0.0000000000000000     
 -8.64573144313977371E-005  3.04541314312816791E-011
 Atom=           4 Dimension=           1
 -7.37591300447826543E-006   0.0000000000000000     
  7.01241994181763667E-003 -9.88833465921143583E-006
 Atom=           4 Dimension=           2
 -3.16604046487789468E-006   0.0000000000000000     
  2.23909798642905888E-003 -3.54376514700949328E-006
 Atom=           4 Dimension=           3
 -6.81286687119958491E-006   0.0000000000000000     
 -2.43343573813001876E-003 -3.61368066709773244E-006
 Atom=           5 Dimension=           1
  3.34995445744098444E-010   0.0000000000000000     
 -1.46327204083110374E-003  1.77828241965405592E-009
 Atom=           5 Dimension=           2
  1.85113347915633757E-011   0.0000000000000000     
 -4.76111848256151934E-004  1.88696186907549236E-010
 Atom=           5 Dimension=           3
  2.83641420193309816E-010   0.0000000000000000     
 -4.61063955877269319E-004  1.76753390267830939E-010
 Atom=           6 Dimension=           1
  4.17997882390140715E-011   0.0000000000000000     
  1.42554362634780005E-003  2.02131833127232332E-009
 Atom=           6 Dimension=           2
  1.79141949595774603E-012   0.0000000000000000     
  4.63837281770776997E-004  2.14373199682943601E-010
 Atom=           6 Dimension=           3
  3.52312500871689991E-011   0.0000000000000000     
  4.49199475059546937E-004  2.00638983547267533E-010
 Atom=           7 Dimension=           1
 -7.08681850333925994E-006  8.31036184769641528E-003
   0.0000000000000000      -1.02832029273494352E-005
 Atom=           7 Dimension=           2
 -3.11294249244779145E-006  3.35736551876775592E-003
   0.0000000000000000      -3.51373916483774576E-006
 Atom=           7 Dimension=           3
 -7.14219874420721357E-006 -3.87278896472150348E-003
   0.0000000000000000      -3.23358145842424166E-006
 Atom=           8 Dimension=           1
  1.25399364717042208E-011 -4.40447717124902750E-003
   0.0000000000000000       3.04720456262412588E-009
 Atom=           8 Dimension=           2
   0.0000000000000000       9.35669780827695554E-004
   0.0000000000000000       2.62741526073802739E-010
 Atom=           8 Dimension=           3
  1.31370763036901366E-011 -4.47383961501330099E-003
   0.0000000000000000       7.64338984941971596E-011
 Atom=           9 Dimension=           1
  3.77392373815098472E-010  3.24314111742979999E-003
   0.0000000000000000       1.22771949456304174E-009
 Atom=           9 Dimension=           2
  1.67199152956056299E-011 -6.88931517158689294E-004
   0.0000000000000000       1.05096610429521093E-010
 Atom=           9 Dimension=           3
  3.89932310286802718E-010  3.29370846436007059E-003
   0.0000000000000000       3.04541314312816791E-011
 Atom=          10 Dimension=           1
 -7.37591300447826543E-006  5.35091054362360138E-003
   0.0000000000000000      -9.88833465921143583E-006
 Atom=          10 Dimension=           2
 -3.16604046487789468E-006  4.22888174625806878E-004
   0.0000000000000000      -3.54376514700949328E-006
 Atom=          10 Dimension=           3
 -6.81286687119958491E-006 -1.35747218555793661E-004
   0.0000000000000000      -3.61368066709773244E-006
 Atom=          11 Dimension=           1
  3.34995445744098444E-010  2.42969963491490885E-003
   0.0000000000000000       1.77828241965405592E-009
 Atom=          11 Dimension=           2
  1.85113347915633757E-011 -5.68645285860971614E-004
   0.0000000000000000       1.88696186907549236E-010
 Atom=          11 Dimension=           3
  2.83641420193309816E-010  2.23336829012239692E-003
   0.0000000000000000       1.76753390267830939E-010
 Atom=          12 Dimension=           1
  4.17997882390140715E-011 -1.11262545251218170E-003
   0.0000000000000000       2.02131833127232332E-009
 Atom=          12 Dimension=           2
  1.79141949595774603E-012  2.60408176615268693E-004
   0.0000000000000000       2.14373199682943601E-010
 Atom=          12 Dimension=           3
  3.52312500871689991E-011 -1.02286765729288419E-003
   0.0000000000000000       2.00638983547267533E-010
 Atom=           1 Dimension=           1
 -7.08681850333925994E-006   0.0000000000000000     
  5.63864163520599523E-003 -1.02832029273494352E-005
 Atom=           1 Dimension=           2
 -3.11294249244779145E-006   0.0000000000000000     
  1.13922291063872465E-003 -3.51373916483774576E-006
 Atom=           1 Dimension=           3
 -7.14219874420721357E-006   0.0000000000000000     
 -1.72268715015081093E-003 -3.23358145842424166E-006
 Atom=           2 Dimension=           1
  1.25399364717042208E-011   0.0000000000000000     
  1.74741212669465244E-003  3.04720456262412588E-009
 Atom=           2 Dimension=           2
   0.0000000000000000        0.0000000000000000     
  5.13055248273007404E-004  2.62741526073802739E-010
 Atom=           2 Dimension=           3
  1.31370763036901366E-011   0.0000000000000000     
  2.77178278322786796E-004  7.64338984941971596E-011
 Atom=           3 Dimension=           1
  3.77392373815098472E-010   0.0000000000000000     
 -5.45057675023897072E-004  1.22771949456304174E-009
 Atom=           3 Dimension=           2
  1.67199152956056299E-011   0.0000000000000000     
 -1.60036850267804363E-004  1.05096610429521093E-010
 Atom=           3 Dimension=           3
  3.89932310286802718E-010   0.0000000000000000     
 -8.64573144313977371E-005  3.04541314312816791E-011
 Atom=           4 Dimension=           1
 -7.37591300447826543E-006   0.0000000000000000     
  7.01241994181763667E-003 -9.88833465921143583E-006
 Atom=           4 Dimension=           2
 -3.16604046487789468E-006   0.0000000000000000     
  2.23909798642905888E-003 -3.54376514700949328E-006
 Atom=           4 Dimension=           3
 -6.81286687119958491E-006   0.0000000000000000     
 -2.43343573813001876E-003 -3.61368066709773244E-006
 Atom=           5 Dimension=           1
  3.34995445744098444E-010   0.0000000000000000     
 -1.46327204083110374E-003  1.77828241965405592E-009
 Atom=           5 Dimension=           2
  1.85113347915633757E-011   0.0000000000000000     
 -4.76111848256151934E-004  1.88696186907549236E-010
 Atom=           5 Dimension=           3
  2.83641420193309816E-010   0.0000000000000000     
 -4.61063955877269319E-004  1.76753390267830939E-010
 Atom=           6 Dimension=           1
  4.17997882390140715E-011   0.0000000000000000     
  1.42554362634780005E-003  2.02131833127232332E-009
 Atom=           6 Dimension=           2
  1.79141949595774603E-012   0.0000000000000000     
  4.63837281770776997E-004  2.14373199682943601E-010
 Atom=           6 Dimension=           3
  3.52312500871689991E-011   0.0000000000000000     
  4.49199475059546937E-004  2.00638983547267533E-010
 Atom=           7 Dimension=           1
 -7.08681850333925994E-006  8.31036184769641528E-003
   0.0000000000000000      -1.02832029273494352E-005
 Atom=           7 Dimension=           2
 -3.11294249244779145E-006  3.35736551876775592E-003
   0.0000000000000000      -3.51373916483774576E-006
 Atom=           7 Dimension=           3
 -7.14219874420721357E-006 -3.87278896472150348E-003
   0.0000000000000000      -3.23358145842424166E-006
 Atom=           8 Dimension=           1
  1.25399364717042208E-011 -4.40447717124902750E-003
   0.0000000000000000       3.04720456262412588E-009
 Atom=           8 Dimension=           2
   0.0000000000000000       9.35669780827695554E-004
   0.0000000000000000       2.62741526073802739E-010
 Atom=           8 Dimension=           3
  1.31370763036901366E-011 -4.47383961501330099E-003
   0.0000000000000000       7.64338984941971596E-011
 Atom=           9 Dimension=           1
  3.77392373815098472E-010  3.24314111742979999E-003
   0.0000000000000000       1.22771949456304174E-009
 Atom=           9 Dimension=           2
  1.67199152956056299E-011 -6.88931517158689294E-004
   0.0000000000000000       1.05096610429521093E-010
 Atom=           9 Dimension=           3
  3.89932310286802718E-010  3.29370846436007059E-003
   0.0000000000000000       3.04541314312816791E-011
 Atom=          10 Dimension=           1
 -7.37591300447826543E-006  5.35091054362360138E-003
   0.0000000000000000      -9.88833465921143583E-006
 Atom=          10 Dimension=           2
 -3.16604046487789468E-006  4.22888174625806878E-004
   0.0000000000000000      -3.54376514700949328E-006
 Atom=          10 Dimension=           3
 -6.81286687119958491E-006 -1.35747218555793661E-004
   0.0000000000000000      -3.61368066709773244E-006
 Atom=          11 Dimension=           1
  3.34995445744098444E-010  2.42969963491490885E-003
   0.0000000000000000       1.77828241965405592E-009
 Atom=          11 Dimension=           2
  1.85113347915633757E-011 -5.68645285860971614E-004
   0.0000000000000000       1.88696186907549236E-010
 Atom=          11 Dimension=           3
  2.83641420193309816E-010  2.23336829012239692E-003
   0.0000000000000000       1.76753390267830939E-010
 Atom=          12 Dimension=           1
  4.17997882390140715E-011 -1.11262545251218170E-003
   0.0000000000000000       2.02131833127232332E-009
 Atom=          12 Dimension=           2
  1.79141949595774603E-012  2.60408176615268693E-004
   0.0000000000000000       2.14373199682943601E-010
 Atom=          12 Dimension=           3
  3.52312500871689991E-011 -1.02286765729288419E-003
   0.0000000000000000       2.00638983547267533E-010
