 Atom=           1 Dimension=           1
 -3.36365403946640590E-006   0.0000000000000000     
  5.57696167774338839E-003 -1.08322395630298925E-005
 Atom=           1 Dimension=           2
 -8.23355449102820410E-006   0.0000000000000000     
 -2.63169647123144730E-003 -3.00312011738793359E-006
 Atom=           1 Dimension=           3
 -5.77862575788855215E-006   0.0000000000000000     
  2.92002423660617976E-003 -3.06497335403461484E-006
 Atom=           2 Dimension=           1
  3.58283899191549206E-012   0.0000000000000000     
 -2.79674652441675169E-004  1.07962881623053489E-009
 Atom=           2 Dimension=           2
  8.83766951339154694E-011   0.0000000000000000     
  8.48073371335256452E-006  1.19427966397183062E-012
 Atom=           2 Dimension=           3
  4.83683263908591373E-011   0.0000000000000000     
  5.26915411555893212E-005  3.82169492470985798E-011
 Atom=           3 Dimension=           1
   0.0000000000000000        0.0000000000000000     
 -1.48954185631858141E-003  6.97459323759549077E-010
 Atom=           3 Dimension=           2
  7.16567798383098412E-012   0.0000000000000000     
  4.51511861700351597E-005  1.19427966397183062E-012
 Atom=           3 Dimension=           3
  4.17997882390140747E-012   0.0000000000000000     
  2.80534504530552788E-004  2.50798729434084416E-011
 Atom=           4 Dimension=           1
 -3.41599871999845925E-006   0.0000000000000000     
  2.08781603229710741E-003 -1.09167148450715289E-005
 Atom=           4 Dimension=           2
 -8.13476337865453831E-006   0.0000000000000000     
 -5.64042510380375044E-003 -3.01121733350966242E-006
 Atom=           4 Dimension=           3
 -5.93536122956871891E-006   0.0000000000000000     
  2.94985039482493876E-003 -2.97914346028411908E-006
 Atom=           5 Dimension=           1
  5.97139831985915309E-013   0.0000000000000000     
 -4.37937689909458777E-004  8.92126908986957474E-010
 Atom=           5 Dimension=           2
   0.0000000000000000        0.0000000000000000     
 -2.09068195140206631E-005  2.38855932794366124E-012
 Atom=           5 Dimension=           3
  5.97139831985915309E-013   0.0000000000000000     
  6.43685537764776815E-005  1.97056144555352041E-011
 Atom=           6 Dimension=           1
  5.97139831985915330E-012   0.0000000000000000     
  3.02987475864509390E-003  9.99612078744422120E-010
 Atom=           6 Dimension=           2
  1.19427966397183047E-010   0.0000000000000000     
  1.44668963034281665E-004  2.98569915992957665E-012
 Atom=           6 Dimension=           3
  7.04625001743379982E-011   0.0000000000000000     
 -4.45388509692623135E-004  2.14970339514929499E-011
 Atom=           7 Dimension=           1
 -3.36365403946640590E-006  5.57862502753061172E-003
   0.0000000000000000      -1.08322395630298925E-005
 Atom=           7 Dimension=           2
 -8.23355449102820410E-006 -7.99606201695185134E-003
   0.0000000000000000      -3.00312011738793359E-006
 Atom=           7 Dimension=           3
 -5.77862575788855215E-006  5.93708195530344169E-003
   0.0000000000000000      -3.06497335403461484E-006
 Atom=           8 Dimension=           1
  3.58283899191549206E-012 -1.93802200991606164E-003
   0.0000000000000000       1.07962881623053489E-009
 Atom=           8 Dimension=           2
  8.83766951339154694E-011  1.00150737939787328E-002
   0.0000000000000000       1.19427966397183062E-012
 Atom=           8 Dimension=           3
  4.83683263908591373E-011 -7.39283571569180308E-003
   0.0000000000000000       3.82169492470985798E-011
 Atom=           9 Dimension=           1
   0.0000000000000000       1.84695771430157881E-003
   0.0000000000000000       6.97459323759549077E-010
 Atom=           9 Dimension=           2
  7.16567798383098412E-012 -9.54540939379729635E-003
   0.0000000000000000       1.19427966397183062E-012
 Atom=           9 Dimension=           3
  4.17997882390140747E-012  7.04624363633224362E-003
   0.0000000000000000       2.50798729434084416E-011
 Atom=          10 Dimension=           1
 -3.41599871999845925E-006  3.75820866379839242E-003
   0.0000000000000000      -1.09167148450715289E-005
 Atom=          10 Dimension=           2
 -8.13476337865453831E-006 -3.90062358613704361E-003
   0.0000000000000000      -3.01121733350966242E-006
 Atom=          10 Dimension=           3
 -5.93536122956871891E-006  2.78946080183567436E-003
   0.0000000000000000      -2.97914346028411908E-006
 Atom=          11 Dimension=           1
  5.97139831985915309E-013  1.26766804693207911E-003
   0.0000000000000000       8.92126908986957474E-010
 Atom=          11 Dimension=           2
   0.0000000000000000      -5.57663562528769481E-003
   0.0000000000000000       2.38855932794366124E-012
 Atom=          11 Dimension=           3
  5.97139831985915309E-013  4.28204225347596484E-003
   0.0000000000000000       1.97056144555352041E-011
 Atom=          12 Dimension=           1
  5.97139831985915330E-012 -2.02523586913675325E-003
   0.0000000000000000       9.99612078744422120E-010
 Atom=          12 Dimension=           2
  1.19427966397183047E-010  8.90837729327707308E-003
   0.0000000000000000       2.98569915992957665E-012
 Atom=          12 Dimension=           3
  7.04625001743379982E-011 -6.84020112545091676E-003
   0.0000000000000000       2.14970339514929499E-011
 Atom=           1 Dimension=           1
 -3.36365403946640590E-006   0.0000000000000000     
  5.57696167774338839E-003 -1.08322395630298925E-005
 Atom=           1 Dimension=           2
 -8.23355449102820410E-006   0.0000000000000000     
 -2.63169647123144730E-003 -3.00312011738793359E-006
 Atom=           1 Dimension=           3
 -5.77862575788855215E-006   0.0000000000000000     
  2.92002423660617976E-003 -3.06497335403461484E-006
 Atom=           2 Dimension=           1
  3.58283899191549206E-012   0.0000000000000000     
 -2.79674652441675169E-004  1.07962881623053489E-009
 Atom=           2 Dimension=           2
  8.83766951339154694E-011   0.0000000000000000     
  8.48073371335256452E-006  1.19427966397183062E-012
 Atom=           2 Dimension=           3
  4.83683263908591373E-011   0.0000000000000000     
  5.26915411555893212E-005  3.82169492470985798E-011
 Atom=           3 Dimension=           1
   0.0000000000000000        0.0000000000000000     
 -1.48954185631858141E-003  6.97459323759549077E-010
 Atom=           3 Dimension=           2
  7.16567798383098412E-012   0.0000000000000000     
  4.51511861700351597E-005  1.19427966397183062E-012
 Atom=           3 Dimension=           3
  4.17997882390140747E-012   0.0000000000000000     
  2.80534504530552788E-004  2.50798729434084416E-011
 Atom=           4 Dimension=           1
 -3.41599871999845925E-006   0.0000000000000000     
  2.08781603229710741E-003 -1.09167148450715289E-005
 Atom=           4 Dimension=           2
 -8.13476337865453831E-006   0.0000000000000000     
 -5.64042510380375044E-003 -3.01121733350966242E-006
 Atom=           4 Dimension=           3
 -5.93536122956871891E-006   0.0000000000000000     
  2.94985039482493876E-003 -2.97914346028411908E-006
 Atom=           5 Dimension=           1
  5.97139831985915309E-013   0.0000000000000000     
 -4.37937689909458777E-004  8.92126908986957474E-010
 Atom=           5 Dimension=           2
   0.0000000000000000        0.0000000000000000     
 -2.09068195140206631E-005  2.38855932794366124E-012
 Atom=           5 Dimension=           3
  5.97139831985915309E-013   0.0000000000000000     
  6.43685537764776815E-005  1.97056144555352041E-011
 Atom=           6 Dimension=           1
  5.97139831985915330E-012   0.0000000000000000     
  3.02987475864509390E-003  9.99612078744422120E-010
 Atom=           6 Dimension=           2
  1.19427966397183047E-010   0.0000000000000000     
  1.44668963034281665E-004  2.98569915992957665E-012
 Atom=           6 Dimension=           3
  7.04625001743379982E-011   0.0000000000000000     
 -4.45388509692623135E-004  2.14970339514929499E-011
 Atom=           7 Dimension=           1
 -3.36365403946640590E-006  5.57862502753061172E-003
   0.0000000000000000      -1.08322395630298925E-005
 Atom=           7 Dimension=           2
 -8.23355449102820410E-006 -7.99606201695185134E-003
   0.0000000000000000      -3.00312011738793359E-006
 Atom=           7 Dimension=           3
 -5.77862575788855215E-006  5.93708195530344169E-003
   0.0000000000000000      -3.06497335403461484E-006
 Atom=           8 Dimension=           1
  3.58283899191549206E-012 -1.93802200991606164E-003
   0.0000000000000000       1.07962881623053489E-009
 Atom=           8 Dimension=           2
  8.83766951339154694E-011  1.00150737939787328E-002
   0.0000000000000000       1.19427966397183062E-012
 Atom=           8 Dimension=           3
  4.83683263908591373E-011 -7.39283571569180308E-003
   0.0000000000000000       3.82169492470985798E-011
 Atom=           9 Dimension=           1
   0.0000000000000000       1.84695771430157881E-003
   0.0000000000000000       6.97459323759549077E-010
 Atom=           9 Dimension=           2
  7.16567798383098412E-012 -9.54540939379729635E-003
   0.0000000000000000       1.19427966397183062E-012
 Atom=           9 Dimension=           3
  4.17997882390140747E-012  7.04624363633224362E-003
   0.0000000000000000       2.50798729434084416E-011
 Atom=          10 Dimension=           1
 -3.41599871999845925E-006  3.75820866379839242E-003
   0.0000000000000000      -1.09167148450715289E-005
 Atom=          10 Dimension=           2
 -8.13476337865453831E-006 -3.90062358613704361E-003
   0.0000000000000000      -3.01121733350966242E-006
 Atom=          10 Dimension=           3
 -5.93536122956871891E-006  2.78946080183567436E-003
   0.0000000000000000      -2.97914346028411908E-006
 Atom=          11 Dimension=           1
  5.97139831985915309E-013  1.26766804693207911E-003
   0.0000000000000000       8.92126908986957474E-010
 Atom=          11 Dimension=           2
   0.0000000000000000      -5.57663562528769481E-003
   0.0000000000000000       2.38855932794366124E-012
 Atom=          11 Dimension=           3
  5.97139831985915309E-013  4.28204225347596484E-003
   0.0000000000000000       1.97056144555352041E-011
 Atom=          12 Dimension=           1
  5.97139831985915330E-012 -2.02523586913675325E-003
   0.0000000000000000       9.99612078744422120E-010
 Atom=          12 Dimension=           2
  1.19427966397183047E-010  8.90837729327707308E-003
   0.0000000000000000       2.98569915992957665E-012
 Atom=          12 Dimension=           3
  7.04625001743379982E-011 -6.84020112545091676E-003
   0.0000000000000000       2.14970339514929499E-011
 Atom=           1 Dimension=           1
 -3.36364806806808594E-006   0.0000000000000000     
  5.57711549835162006E-003 -1.08322682257418279E-005
 Atom=           1 Dimension=           2
 -8.23352732116584940E-006   0.0000000000000000     
 -2.63172008048893902E-003 -3.00312131166759792E-006
 Atom=           1 Dimension=           3
 -5.77867293193527896E-006   0.0000000000000000     
  2.91996466271758365E-003 -3.06494260133326716E-006
 Atom=           2 Dimension=           1
  2.98569915992957665E-012   0.0000000000000000     
 -2.79628908740782412E-004  1.07903167639854886E-009
 Atom=           2 Dimension=           2
  8.77795553019295455E-011   0.0000000000000000     
  8.47309348647819384E-006  1.19427966397183062E-012
 Atom=           2 Dimension=           3
  4.77711865588732264E-011   0.0000000000000000     
  5.26787140228493568E-005  3.82169492470985798E-011
 Atom=           3 Dimension=           1
   0.0000000000000000        0.0000000000000000     
 -1.48955836255112019E-003  6.96862183927563256E-010
 Atom=           3 Dimension=           2
  6.56853815184506830E-012   0.0000000000000000     
  4.51183867532531388E-005  5.97139831985915309E-013
 Atom=           3 Dimension=           3
  4.17997882390140747E-012   0.0000000000000000     
  2.80515181029607869E-004  2.44827331114225274E-011
 Atom=           4 Dimension=           1
 -3.41599215146030692E-006   0.0000000000000000     
  2.08782152832546943E-003 -1.09167605262686759E-005
 Atom=           4 Dimension=           2
 -8.13483085545555236E-006   0.0000000000000000     
 -5.64037979093924644E-003 -3.01123285914529404E-006
 Atom=           4 Dimension=           3
 -5.93531077125291637E-006   0.0000000000000000     
  2.94989579303378676E-003 -2.97914375885403506E-006
 Atom=           5 Dimension=           1
   0.0000000000000000        0.0000000000000000     
 -4.37955228512794371E-004  8.90932629322985626E-010
 Atom=           5 Dimension=           2
 -5.97139831985915309E-013   0.0000000000000000     
 -2.09125819787114949E-005  1.79141949595774603E-012
 Atom=           5 Dimension=           3
 -5.97139831985915309E-013   0.0000000000000000     
  6.43695541536418446E-005  1.91084746235492899E-011
 Atom=           6 Dimension=           1
  5.37425848787323748E-012   0.0000000000000000     
  3.02988857087195095E-003  9.99014938912436299E-010
 Atom=           6 Dimension=           2
  1.18830826565197148E-010   0.0000000000000000     
  1.44703701867934879E-004  2.38855932794366124E-012
 Atom=           6 Dimension=           3
  6.98653603423520873E-011   0.0000000000000000     
 -4.45379623664113658E-004  2.14970339514929499E-011
 Atom=           7 Dimension=           1
 -3.36364806806808594E-006  5.57866973499795971E-003
   0.0000000000000000      -1.08322682257418279E-005
 Atom=           7 Dimension=           2
 -8.23352732116584940E-006 -7.99603437367890288E-003
   0.0000000000000000      -3.00312131166759792E-006
 Atom=           7 Dimension=           3
 -5.77867293193527896E-006  5.93705685518372637E-003
   0.0000000000000000      -3.06494260133326716E-006
 Atom=           8 Dimension=           1
  2.98569915992957665E-012 -1.93798412315715051E-003
   0.0000000000000000       1.07903167639854886E-009
 Atom=           8 Dimension=           2
  8.77795553019295455E-011  1.00150929509989581E-002
   0.0000000000000000       1.19427966397183062E-012
 Atom=           8 Dimension=           3
  4.77711865588732264E-011 -7.39294499944673483E-003
   0.0000000000000000       3.82169492470985798E-011
 Atom=           9 Dimension=           1
   0.0000000000000000       1.84688392793449347E-003
   0.0000000000000000       6.96862183927563256E-010
 Atom=           9 Dimension=           2
  6.56853815184506830E-012 -9.54523291204034154E-003
   0.0000000000000000       5.97139831985915309E-013
 Atom=           9 Dimension=           3
  4.17997882390140747E-012  7.04620403419586264E-003
   0.0000000000000000       2.44827331114225274E-011
 Atom=          10 Dimension=           1
 -3.41599215146030692E-006  3.75836998675018038E-003
   0.0000000000000000      -1.09167605262686759E-005
 Atom=          10 Dimension=           2
 -8.13483085545555236E-006 -3.90085699765675004E-003
   0.0000000000000000      -3.01123285914529404E-006
 Atom=          10 Dimension=           3
 -5.93531077125291637E-006  2.78957421651999070E-003
   0.0000000000000000      -2.97914375885403506E-006
 Atom=          11 Dimension=           1
   0.0000000000000000       1.26763959594353550E-003
   0.0000000000000000       8.90932629322985626E-010
 Atom=          11 Dimension=           2
 -5.97139831985915309E-013 -5.57665284300301340E-003
   0.0000000000000000       1.79141949595774603E-012
 Atom=          11 Dimension=           3
 -5.97139831985915309E-013  4.28198892966338406E-003
   0.0000000000000000       1.91084746235492899E-011
 Atom=          12 Dimension=           1
  5.37425848787323748E-012 -2.02519270161838957E-003
   0.0000000000000000       9.99014938912436299E-010
 Atom=          12 Dimension=           2
  1.18830826565197148E-010  8.90841486384111314E-003
   0.0000000000000000       2.38855932794366124E-012
 Atom=          12 Dimension=           3
  6.98653603423520873E-011 -6.84012368278731023E-003
   0.0000000000000000       2.14970339514929499E-011
 Atom=           1 Dimension=           1
 -3.36364806806808594E-006   0.0000000000000000     
  5.57711549835162006E-003 -1.08322682257418279E-005
 Atom=           1 Dimension=           2
 -8.23352732116584940E-006   0.0000000000000000     
 -2.63172008048893902E-003 -3.00312131166759792E-006
 Atom=           1 Dimension=           3
 -5.77867293193527896E-006   0.0000000000000000     
  2.91996466271758365E-003 -3.06494260133326716E-006
 Atom=           2 Dimension=           1
  2.98569915992957665E-012   0.0000000000000000     
 -2.79628908740782412E-004  1.07903167639854886E-009
 Atom=           2 Dimension=           2
  8.77795553019295455E-011   0.0000000000000000     
  8.47309348647819384E-006  1.19427966397183062E-012
 Atom=           2 Dimension=           3
  4.77711865588732264E-011   0.0000000000000000     
  5.26787140228493568E-005  3.82169492470985798E-011
 Atom=           3 Dimension=           1
   0.0000000000000000        0.0000000000000000     
 -1.48955836255112019E-003  6.96862183927563256E-010
 Atom=           3 Dimension=           2
  6.56853815184506830E-012   0.0000000000000000     
  4.51183867532531388E-005  5.97139831985915309E-013
 Atom=           3 Dimension=           3
  4.17997882390140747E-012   0.0000000000000000     
  2.80515181029607869E-004  2.44827331114225274E-011
 Atom=           4 Dimension=           1
 -3.41599215146030692E-006   0.0000000000000000     
  2.08782152832546943E-003 -1.09167605262686759E-005
 Atom=           4 Dimension=           2
 -8.13483085545555236E-006   0.0000000000000000     
 -5.64037979093924644E-003 -3.01123285914529404E-006
 Atom=           4 Dimension=           3
 -5.93531077125291637E-006   0.0000000000000000     
  2.94989579303378676E-003 -2.97914375885403506E-006
 Atom=           5 Dimension=           1
   0.0000000000000000        0.0000000000000000     
 -4.37955228512794371E-004  8.90932629322985626E-010
 Atom=           5 Dimension=           2
 -5.97139831985915309E-013   0.0000000000000000     
 -2.09125819787114949E-005  1.79141949595774603E-012
 Atom=           5 Dimension=           3
 -5.97139831985915309E-013   0.0000000000000000     
  6.43695541536418446E-005  1.91084746235492899E-011
 Atom=           6 Dimension=           1
  5.37425848787323748E-012   0.0000000000000000     
  3.02988857087195095E-003  9.99014938912436299E-010
 Atom=           6 Dimension=           2
  1.18830826565197148E-010   0.0000000000000000     
  1.44703701867934879E-004  2.38855932794366124E-012
 Atom=           6 Dimension=           3
  6.98653603423520873E-011   0.0000000000000000     
 -4.45379623664113658E-004  2.14970339514929499E-011
 Atom=           7 Dimension=           1
 -3.36364806806808594E-006  5.57866973499795971E-003
   0.0000000000000000      -1.08322682257418279E-005
 Atom=           7 Dimension=           2
 -8.23352732116584940E-006 -7.99603437367890288E-003
   0.0000000000000000      -3.00312131166759792E-006
 Atom=           7 Dimension=           3
 -5.77867293193527896E-006  5.93705685518372637E-003
   0.0000000000000000      -3.06494260133326716E-006
 Atom=           8 Dimension=           1
  2.98569915992957665E-012 -1.93798412315715051E-003
   0.0000000000000000       1.07903167639854886E-009
 Atom=           8 Dimension=           2
  8.77795553019295455E-011  1.00150929509989581E-002
   0.0000000000000000       1.19427966397183062E-012
 Atom=           8 Dimension=           3
  4.77711865588732264E-011 -7.39294499944673483E-003
   0.0000000000000000       3.82169492470985798E-011
 Atom=           9 Dimension=           1
   0.0000000000000000       1.84688392793449347E-003
   0.0000000000000000       6.96862183927563256E-010
 Atom=           9 Dimension=           2
  6.56853815184506830E-012 -9.54523291204034154E-003
   0.0000000000000000       5.97139831985915309E-013
 Atom=           9 Dimension=           3
  4.17997882390140747E-012  7.04620403419586264E-003
   0.0000000000000000       2.44827331114225274E-011
 Atom=          10 Dimension=           1
 -3.41599215146030692E-006  3.75836998675018038E-003
   0.0000000000000000      -1.09167605262686759E-005
 Atom=          10 Dimension=           2
 -8.13483085545555236E-006 -3.90085699765675004E-003
   0.0000000000000000      -3.01123285914529404E-006
 Atom=          10 Dimension=           3
 -5.93531077125291637E-006  2.78957421651999070E-003
   0.0000000000000000      -2.97914375885403506E-006
 Atom=          11 Dimension=           1
   0.0000000000000000       1.26763959594353550E-003
   0.0000000000000000       8.90932629322985626E-010
 Atom=          11 Dimension=           2
 -5.97139831985915309E-013 -5.57665284300301340E-003
   0.0000000000000000       1.79141949595774603E-012
 Atom=          11 Dimension=           3
 -5.97139831985915309E-013  4.28198892966338406E-003
   0.0000000000000000       1.91084746235492899E-011
 Atom=          12 Dimension=           1
  5.37425848787323748E-012 -2.02519270161838957E-003
   0.0000000000000000       9.99014938912436299E-010
 Atom=          12 Dimension=           2
  1.18830826565197148E-010  8.90841486384111314E-003
   0.0000000000000000       2.38855932794366124E-012
 Atom=          12 Dimension=           3
  6.98653603423520873E-011 -6.84012368278731023E-003
   0.0000000000000000       2.14970339514929499E-011
 Atom=           1 Dimension=           1
 -3.36364806806808594E-006   0.0000000000000000     
  5.57711549835162006E-003 -1.08322682257418279E-005
 Atom=           1 Dimension=           2
 -8.23352732116584940E-006   0.0000000000000000     
 -2.63172008048893902E-003 -3.00312131166759792E-006
 Atom=           1 Dimension=           3
 -5.77867293193527896E-006   0.0000000000000000     
  2.91996466271758365E-003 -3.06494260133326716E-006
 Atom=           2 Dimension=           1
  2.98569915992957665E-012   0.0000000000000000     
 -2.79628908740782412E-004  1.07903167639854886E-009
 Atom=           2 Dimension=           2
  8.77795553019295455E-011   0.0000000000000000     
  8.47309348647819384E-006  1.19427966397183062E-012
 Atom=           2 Dimension=           3
  4.77711865588732264E-011   0.0000000000000000     
  5.26787140228493568E-005  3.82169492470985798E-011
 Atom=           3 Dimension=           1
   0.0000000000000000        0.0000000000000000     
 -1.48955836255112019E-003  6.96862183927563256E-010
 Atom=           3 Dimension=           2
  6.56853815184506830E-012   0.0000000000000000     
  4.51183867532531388E-005  5.97139831985915309E-013
 Atom=           3 Dimension=           3
  4.17997882390140747E-012   0.0000000000000000     
  2.80515181029607869E-004  2.44827331114225274E-011
 Atom=           4 Dimension=           1
 -3.41599215146030692E-006   0.0000000000000000     
  2.08782152832546943E-003 -1.09167605262686759E-005
 Atom=           4 Dimension=           2
 -8.13483085545555236E-006   0.0000000000000000     
 -5.64037979093924644E-003 -3.01123285914529404E-006
 Atom=           4 Dimension=           3
 -5.93531077125291637E-006   0.0000000000000000     
  2.94989579303378676E-003 -2.97914375885403506E-006
 Atom=           5 Dimension=           1
   0.0000000000000000        0.0000000000000000     
 -4.37955228512794371E-004  8.90932629322985626E-010
 Atom=           5 Dimension=           2
 -5.97139831985915309E-013   0.0000000000000000     
 -2.09125819787114949E-005  1.79141949595774603E-012
 Atom=           5 Dimension=           3
 -5.97139831985915309E-013   0.0000000000000000     
  6.43695541536418446E-005  1.91084746235492899E-011
 Atom=           6 Dimension=           1
  5.37425848787323748E-012   0.0000000000000000     
  3.02988857087195095E-003  9.99014938912436299E-010
 Atom=           6 Dimension=           2
  1.18830826565197148E-010   0.0000000000000000     
  1.44703701867934879E-004  2.38855932794366124E-012
 Atom=           6 Dimension=           3
  6.98653603423520873E-011   0.0000000000000000     
 -4.45379623664113658E-004  2.14970339514929499E-011
 Atom=           7 Dimension=           1
 -3.36364806806808594E-006  5.57866973499795971E-003
   0.0000000000000000      -1.08322682257418279E-005
 Atom=           7 Dimension=           2
 -8.23352732116584940E-006 -7.99603437367890288E-003
   0.0000000000000000      -3.00312131166759792E-006
 Atom=           7 Dimension=           3
 -5.77867293193527896E-006  5.93705685518372637E-003
   0.0000000000000000      -3.06494260133326716E-006
 Atom=           8 Dimension=           1
  2.98569915992957665E-012 -1.93798412315715051E-003
   0.0000000000000000       1.07903167639854886E-009
 Atom=           8 Dimension=           2
  8.77795553019295455E-011  1.00150929509989581E-002
   0.0000000000000000       1.19427966397183062E-012
 Atom=           8 Dimension=           3
  4.77711865588732264E-011 -7.39294499944673483E-003
   0.0000000000000000       3.82169492470985798E-011
 Atom=           9 Dimension=           1
   0.0000000000000000       1.84688392793449347E-003
   0.0000000000000000       6.96862183927563256E-010
 Atom=           9 Dimension=           2
  6.56853815184506830E-012 -9.54523291204034154E-003
   0.0000000000000000       5.97139831985915309E-013
 Atom=           9 Dimension=           3
  4.17997882390140747E-012  7.04620403419586264E-003
   0.0000000000000000       2.44827331114225274E-011
 Atom=          10 Dimension=           1
 -3.41599215146030692E-006  3.75836998675018038E-003
   0.0000000000000000      -1.09167605262686759E-005
 Atom=          10 Dimension=           2
 -8.13483085545555236E-006 -3.90085699765675004E-003
   0.0000000000000000      -3.01123285914529404E-006
 Atom=          10 Dimension=           3
 -5.93531077125291637E-006  2.78957421651999070E-003
   0.0000000000000000      -2.97914375885403506E-006
 Atom=          11 Dimension=           1
   0.0000000000000000       1.26763959594353550E-003
   0.0000000000000000       8.90932629322985626E-010
 Atom=          11 Dimension=           2
 -5.97139831985915309E-013 -5.57665284300301340E-003
   0.0000000000000000       1.79141949595774603E-012
 Atom=          11 Dimension=           3
 -5.97139831985915309E-013  4.28198892966338406E-003
   0.0000000000000000       1.91084746235492899E-011
 Atom=          12 Dimension=           1
  5.37425848787323748E-012 -2.02519270161838957E-003
   0.0000000000000000       9.99014938912436299E-010
 Atom=          12 Dimension=           2
  1.18830826565197148E-010  8.90841486384111314E-003
   0.0000000000000000       2.38855932794366124E-012
 Atom=          12 Dimension=           3
  6.98653603423520873E-011 -6.84012368278731023E-003
   0.0000000000000000       2.14970339514929499E-011
