 Atom=           1 Dimension=           1
 -3.76852917690882396E-006   0.0000000000000000     
  8.19728132058382603E-004 -6.68025047447316101E-006
 Atom=           1 Dimension=           2
 -5.32239808774492525E-006   0.0000000000000000     
 -3.19578499319057667E-004 -5.82687794058208960E-006
 Atom=           1 Dimension=           3
 -8.32564748590648338E-006   0.0000000000000000     
 -9.44478612463080474E-004 -4.51728938077411522E-006
 Atom=           2 Dimension=           1
 -5.97139831985915309E-013   0.0000000000000000     
 -1.10640783426814047E-003  1.19427966397183066E-011
 Atom=           2 Dimension=           2
   0.0000000000000000        0.0000000000000000     
  9.68929924565218865E-004  8.95709747978872914E-012
 Atom=           2 Dimension=           3
   0.0000000000000000        0.0000000000000000     
  7.42638828805605201E-004  5.37425848787323748E-012
 Atom=           3 Dimension=           1
  8.95709747978872914E-012   0.0000000000000000     
  3.91750347689641951E-004  4.77711865588732248E-012
 Atom=           3 Dimension=           2
  3.64255297511408340E-011   0.0000000000000000     
 -3.43059597942924554E-004  3.58283899191549206E-012
 Atom=           3 Dimension=           3
  8.12110171500844732E-011   0.0000000000000000     
 -2.62919918320170850E-004  2.38855932794366124E-012
 Atom=           4 Dimension=           1
 -3.67622658594951741E-006   0.0000000000000000     
  1.24051395384540300E-003 -6.45984019108884038E-006
 Atom=           4 Dimension=           2
 -5.15386104299530504E-006   0.0000000000000000     
 -3.43543950869297683E-003 -5.64651245147057637E-006
 Atom=           4 Dimension=           3
 -8.53475003086240427E-006   0.0000000000000000     
 -3.92933739230826896E-003 -4.83749785285874667E-006
 Atom=           5 Dimension=           1
  2.98569915992957665E-012   0.0000000000000000     
  2.55832288087453437E-003  1.67199152956056299E-011
 Atom=           5 Dimension=           2
  1.25399364717042208E-011   0.0000000000000000     
 -2.23757904013915324E-003  1.25399364717042208E-011
 Atom=           5 Dimension=           3
  3.22455509272394314E-011   0.0000000000000000     
 -1.95145217727515268E-003  9.55423731177464495E-012
 Atom=           6 Dimension=           1
  1.19427966397183062E-012   0.0000000000000000     
 -1.56184196525172014E-003  7.16567798383098412E-012
 Atom=           6 Dimension=           2
  5.37425848787323748E-012   0.0000000000000000     
  1.36601068463326606E-003  5.37425848787323748E-012
 Atom=           6 Dimension=           3
  1.37342161356760508E-011   0.0000000000000000     
  1.19141780822848518E-003  4.17997882390140747E-012
 Atom=           7 Dimension=           1
 -3.76852917690882396E-006  3.50789389630591251E-004
   0.0000000000000000      -6.68025047447316101E-006
 Atom=           7 Dimension=           2
 -5.32239808774492525E-006 -1.59067825641055760E-003
   0.0000000000000000      -5.82687794058208960E-006
 Atom=           7 Dimension=           3
 -8.32564748590648338E-006 -2.07423728301478656E-003
   0.0000000000000000      -4.51728938077411522E-006
 Atom=           8 Dimension=           1
 -5.97139831985915309E-013  1.15939109974443370E-003
   0.0000000000000000       1.19427966397183066E-011
 Atom=           8 Dimension=           2
   0.0000000000000000      -2.22383414024235077E-003
   0.0000000000000000       8.95709747978872914E-012
 Atom=           8 Dimension=           3
   0.0000000000000000      -3.33270078476800196E-003
   0.0000000000000000       5.37425848787323748E-012
 Atom=           9 Dimension=           1
  8.95709747978872914E-012 -1.43753313216846710E-003
   0.0000000000000000       4.77711865588732248E-012
 Atom=           9 Dimension=           2
  3.64255297511408340E-011  2.75717079494017248E-003
   0.0000000000000000       3.58283899191549206E-012
 Atom=           9 Dimension=           3
  8.12110171500844732E-011  4.13185306676555186E-003
   0.0000000000000000       2.38855932794366124E-012
 Atom=          10 Dimension=           1
 -3.67622658594951741E-006  2.21044113028193417E-003
   0.0000000000000000      -6.45984019108884038E-006
 Atom=          10 Dimension=           2
 -5.15386104299530504E-006 -2.82341860189886957E-003
   0.0000000000000000      -5.64651245147057637E-006
 Atom=          10 Dimension=           3
 -8.53475003086240427E-006 -3.68809886985175693E-003
   0.0000000000000000      -4.83749785285874667E-006
 Atom=          11 Dimension=           1
  2.98569915992957665E-012 -1.47623027035479935E-003
   0.0000000000000000       1.67199152956056299E-011
 Atom=          11 Dimension=           2
  1.25399364717042208E-011  2.99318171834151835E-003
   0.0000000000000000       1.25399364717042208E-011
 Atom=          11 Dimension=           3
  3.22455509272394314E-011  4.76463410787765496E-003
   0.0000000000000000       9.55423731177464495E-012
 Atom=          12 Dimension=           1
  1.19427966397183062E-012  1.53522860551188003E-003
   0.0000000000000000       7.16567798383098412E-012
 Atom=          12 Dimension=           2
  5.37425848787323748E-012 -3.11299204123740647E-003
   0.0000000000000000       5.37425848787323748E-012
 Atom=          12 Dimension=           3
  1.37342161356760508E-011 -4.95554426837137817E-003
   0.0000000000000000       4.17997882390140747E-012
 Atom=           1 Dimension=           1
 -3.76852917690882396E-006   0.0000000000000000     
  8.19728132058382603E-004 -6.68025047447316101E-006
 Atom=           1 Dimension=           2
 -5.32239808774492525E-006   0.0000000000000000     
 -3.19578499319057667E-004 -5.82687794058208960E-006
 Atom=           1 Dimension=           3
 -8.32564748590648338E-006   0.0000000000000000     
 -9.44478612463080474E-004 -4.51728938077411522E-006
 Atom=           2 Dimension=           1
 -5.97139831985915309E-013   0.0000000000000000     
 -1.10640783426814047E-003  1.19427966397183066E-011
 Atom=           2 Dimension=           2
   0.0000000000000000        0.0000000000000000     
  9.68929924565218865E-004  8.95709747978872914E-012
 Atom=           2 Dimension=           3
   0.0000000000000000        0.0000000000000000     
  7.42638828805605201E-004  5.37425848787323748E-012
 Atom=           3 Dimension=           1
  8.95709747978872914E-012   0.0000000000000000     
  3.91750347689641951E-004  4.77711865588732248E-012
 Atom=           3 Dimension=           2
  3.64255297511408340E-011   0.0000000000000000     
 -3.43059597942924554E-004  3.58283899191549206E-012
 Atom=           3 Dimension=           3
  8.12110171500844732E-011   0.0000000000000000     
 -2.62919918320170850E-004  2.38855932794366124E-012
 Atom=           4 Dimension=           1
 -3.67622658594951741E-006   0.0000000000000000     
  1.24051395384540300E-003 -6.45984019108884038E-006
 Atom=           4 Dimension=           2
 -5.15386104299530504E-006   0.0000000000000000     
 -3.43543950869297683E-003 -5.64651245147057637E-006
 Atom=           4 Dimension=           3
 -8.53475003086240427E-006   0.0000000000000000     
 -3.92933739230826896E-003 -4.83749785285874667E-006
 Atom=           5 Dimension=           1
  2.98569915992957665E-012   0.0000000000000000     
  2.55832288087453437E-003  1.67199152956056299E-011
 Atom=           5 Dimension=           2
  1.25399364717042208E-011   0.0000000000000000     
 -2.23757904013915324E-003  1.25399364717042208E-011
 Atom=           5 Dimension=           3
  3.22455509272394314E-011   0.0000000000000000     
 -1.95145217727515268E-003  9.55423731177464495E-012
 Atom=           6 Dimension=           1
  1.19427966397183062E-012   0.0000000000000000     
 -1.56184196525172014E-003  7.16567798383098412E-012
 Atom=           6 Dimension=           2
  5.37425848787323748E-012   0.0000000000000000     
  1.36601068463326606E-003  5.37425848787323748E-012
 Atom=           6 Dimension=           3
  1.37342161356760508E-011   0.0000000000000000     
  1.19141780822848518E-003  4.17997882390140747E-012
 Atom=           7 Dimension=           1
 -3.76852917690882396E-006  3.50789389630591251E-004
   0.0000000000000000      -6.68025047447316101E-006
 Atom=           7 Dimension=           2
 -5.32239808774492525E-006 -1.59067825641055760E-003
   0.0000000000000000      -5.82687794058208960E-006
 Atom=           7 Dimension=           3
 -8.32564748590648338E-006 -2.07423728301478656E-003
   0.0000000000000000      -4.51728938077411522E-006
 Atom=           8 Dimension=           1
 -5.97139831985915309E-013  1.15939109974443370E-003
   0.0000000000000000       1.19427966397183066E-011
 Atom=           8 Dimension=           2
   0.0000000000000000      -2.22383414024235077E-003
   0.0000000000000000       8.95709747978872914E-012
 Atom=           8 Dimension=           3
   0.0000000000000000      -3.33270078476800196E-003
   0.0000000000000000       5.37425848787323748E-012
 Atom=           9 Dimension=           1
  8.95709747978872914E-012 -1.43753313216846710E-003
   0.0000000000000000       4.77711865588732248E-012
 Atom=           9 Dimension=           2
  3.64255297511408340E-011  2.75717079494017248E-003
   0.0000000000000000       3.58283899191549206E-012
 Atom=           9 Dimension=           3
  8.12110171500844732E-011  4.13185306676555186E-003
   0.0000000000000000       2.38855932794366124E-012
 Atom=          10 Dimension=           1
 -3.67622658594951741E-006  2.21044113028193417E-003
   0.0000000000000000      -6.45984019108884038E-006
 Atom=          10 Dimension=           2
 -5.15386104299530504E-006 -2.82341860189886957E-003
   0.0000000000000000      -5.64651245147057637E-006
 Atom=          10 Dimension=           3
 -8.53475003086240427E-006 -3.68809886985175693E-003
   0.0000000000000000      -4.83749785285874667E-006
 Atom=          11 Dimension=           1
  2.98569915992957665E-012 -1.47623027035479935E-003
   0.0000000000000000       1.67199152956056299E-011
 Atom=          11 Dimension=           2
  1.25399364717042208E-011  2.99318171834151835E-003
   0.0000000000000000       1.25399364717042208E-011
 Atom=          11 Dimension=           3
  3.22455509272394314E-011  4.76463410787765496E-003
   0.0000000000000000       9.55423731177464495E-012
 Atom=          12 Dimension=           1
  1.19427966397183062E-012  1.53522860551188003E-003
   0.0000000000000000       7.16567798383098412E-012
 Atom=          12 Dimension=           2
  5.37425848787323748E-012 -3.11299204123740647E-003
   0.0000000000000000       5.37425848787323748E-012
 Atom=          12 Dimension=           3
  1.37342161356760508E-011 -4.95554426837137817E-003
   0.0000000000000000       4.17997882390140747E-012
 Atom=           1 Dimension=           1
 -3.76857336525639100E-006   0.0000000000000000     
  8.19650825361882681E-004 -6.68029525996056000E-006
 Atom=           1 Dimension=           2
 -5.32232583382525474E-006   0.0000000000000000     
 -3.19573803816121111E-004 -5.82689107765839341E-006
 Atom=           1 Dimension=           3
 -8.32561971890429504E-006   0.0000000000000000     
 -9.44463652708410202E-004 -4.51724101244772450E-006
 Atom=           2 Dimension=           1
   0.0000000000000000        0.0000000000000000     
 -1.10641933845274454E-003  1.07485169757464750E-011
 Atom=           2 Dimension=           2
   0.0000000000000000        0.0000000000000000     
  9.68937275557152301E-004  8.35995764780281494E-012
 Atom=           2 Dimension=           3
  5.97139831985915309E-013   0.0000000000000000     
  7.42632221529173058E-004  4.77711865588732248E-012
 Atom=           3 Dimension=           1
  1.07485169757464750E-011   0.0000000000000000     
  3.91740809800199404E-004  4.17997882390140747E-012
 Atom=           3 Dimension=           2
  3.64255297511408340E-011   0.0000000000000000     
 -3.43050281598191072E-004  2.98569915992957665E-012
 Atom=           3 Dimension=           3
  8.12110171500844732E-011   0.0000000000000000     
 -2.62908445046883526E-004  1.79141949595774603E-012
 Atom=           4 Dimension=           1
 -3.67621016460413786E-006   0.0000000000000000     
  1.24035903072810161E-003 -6.45986109098295957E-006
 Atom=           4 Dimension=           2
 -5.15381954177698179E-006   0.0000000000000000     
 -3.43544030188011390E-003 -5.64646826312300933E-006
 Atom=           4 Dimension=           3
 -8.53474883658273867E-006   0.0000000000000000     
 -3.92937272121521037E-003 -4.83752323130160551E-006
 Atom=           5 Dimension=           1
  3.58283899191549206E-012   0.0000000000000000     
  2.55835247726358093E-003  1.61227754636197157E-011
 Atom=           5 Dimension=           2
  1.25399364717042208E-011   0.0000000000000000     
 -2.23757624676100553E-003  1.19427966397183066E-011
 Atom=           5 Dimension=           3
  3.28426907592253423E-011   0.0000000000000000     
 -1.95148499987658850E-003  8.95709747978872914E-012
 Atom=           6 Dimension=           1
  1.19427966397183062E-012   0.0000000000000000     
 -1.56184111075861605E-003  5.97139831985915330E-012
 Atom=           6 Dimension=           2
  5.97139831985915330E-012   0.0000000000000000     
  1.36599242698376834E-003  5.37425848787323748E-012
 Atom=           6 Dimension=           3
  1.43313559676619682E-011   0.0000000000000000     
  1.19142340942460126E-003  4.17997882390140747E-012
 Atom=           7 Dimension=           1
 -3.76857336525639100E-006  3.50644795303943198E-004
   0.0000000000000000      -6.68029525996056000E-006
 Atom=           7 Dimension=           2
 -5.32232583382525474E-006 -1.59068932224729043E-003
   0.0000000000000000      -5.82689107765839341E-006
 Atom=           7 Dimension=           3
 -8.32561971890429504E-006 -2.07425365432171429E-003
   0.0000000000000000      -4.51724101244772450E-006
 Atom=           8 Dimension=           1
   0.0000000000000000       1.15944560618603696E-003
   0.0000000000000000       1.07485169757464750E-011
 Atom=           8 Dimension=           2
   0.0000000000000000      -2.22378555664996640E-003
   0.0000000000000000       8.35995764780281494E-012
 Atom=           8 Dimension=           3
  5.97139831985915309E-013 -3.33267732198996034E-003
   0.0000000000000000       4.77711865588732248E-012
 Atom=           9 Dimension=           1
  1.07485169757464750E-011 -1.43761368887372815E-003
   0.0000000000000000       4.17997882390140747E-012
 Atom=           9 Dimension=           2
  3.64255297511408340E-011  2.75713544677722109E-003
   0.0000000000000000       2.98569915992957665E-012
 Atom=           9 Dimension=           3
  8.12110171500844732E-011  4.13186128051607707E-003
   0.0000000000000000       1.79141949595774603E-012
 Atom=          10 Dimension=           1
 -3.67621016460413786E-006  2.21038509395641864E-003
   0.0000000000000000      -6.45986109098295957E-006
 Atom=          10 Dimension=           2
 -5.15381954177698179E-006 -2.82340741382691328E-003
   0.0000000000000000      -5.64646826312300933E-006
 Atom=          10 Dimension=           3
 -8.53474883658273867E-006 -3.68814207261303336E-003
   0.0000000000000000      -4.83752323130160551E-006
 Atom=          11 Dimension=           1
  3.58283899191549206E-012 -1.47622696208466755E-003
   0.0000000000000000       1.61227754636197157E-011
 Atom=          11 Dimension=           2
  1.25399364717042208E-011  2.99318701820419685E-003
   0.0000000000000000       1.19427966397183066E-011
 Atom=          11 Dimension=           3
  3.28426907592253423E-011  4.76468446608681404E-003
   0.0000000000000000       8.95709747978872914E-012
 Atom=          12 Dimension=           1
  1.19427966397183062E-012  1.53522912710419299E-003
   0.0000000000000000       5.97139831985915330E-012
 Atom=          12 Dimension=           2
  5.97139831985915330E-012 -3.11300558251439681E-003
   0.0000000000000000       5.37425848787323748E-012
 Atom=          12 Dimension=           3
  1.43313559676619682E-011 -4.95560943700301335E-003
   0.0000000000000000       4.17997882390140747E-012
 Atom=           1 Dimension=           1
 -3.76857336525639100E-006   0.0000000000000000     
  8.19650825361882681E-004 -6.68029525996056000E-006
 Atom=           1 Dimension=           2
 -5.32232583382525474E-006   0.0000000000000000     
 -3.19573803816121111E-004 -5.82689107765839341E-006
 Atom=           1 Dimension=           3
 -8.32561971890429504E-006   0.0000000000000000     
 -9.44463652708410202E-004 -4.51724101244772450E-006
 Atom=           2 Dimension=           1
   0.0000000000000000        0.0000000000000000     
 -1.10641933845274454E-003  1.07485169757464750E-011
 Atom=           2 Dimension=           2
   0.0000000000000000        0.0000000000000000     
  9.68937275557152301E-004  8.35995764780281494E-012
 Atom=           2 Dimension=           3
  5.97139831985915309E-013   0.0000000000000000     
  7.42632221529173058E-004  4.77711865588732248E-012
 Atom=           3 Dimension=           1
  1.07485169757464750E-011   0.0000000000000000     
  3.91740809800199404E-004  4.17997882390140747E-012
 Atom=           3 Dimension=           2
  3.64255297511408340E-011   0.0000000000000000     
 -3.43050281598191072E-004  2.98569915992957665E-012
 Atom=           3 Dimension=           3
  8.12110171500844732E-011   0.0000000000000000     
 -2.62908445046883526E-004  1.79141949595774603E-012
 Atom=           4 Dimension=           1
 -3.67621016460413786E-006   0.0000000000000000     
  1.24035903072810161E-003 -6.45986109098295957E-006
 Atom=           4 Dimension=           2
 -5.15381954177698179E-006   0.0000000000000000     
 -3.43544030188011390E-003 -5.64646826312300933E-006
 Atom=           4 Dimension=           3
 -8.53474883658273867E-006   0.0000000000000000     
 -3.92937272121521037E-003 -4.83752323130160551E-006
 Atom=           5 Dimension=           1
  3.58283899191549206E-012   0.0000000000000000     
  2.55835247726358093E-003  1.61227754636197157E-011
 Atom=           5 Dimension=           2
  1.25399364717042208E-011   0.0000000000000000     
 -2.23757624676100553E-003  1.19427966397183066E-011
 Atom=           5 Dimension=           3
  3.28426907592253423E-011   0.0000000000000000     
 -1.95148499987658850E-003  8.95709747978872914E-012
 Atom=           6 Dimension=           1
  1.19427966397183062E-012   0.0000000000000000     
 -1.56184111075861605E-003  5.97139831985915330E-012
 Atom=           6 Dimension=           2
  5.97139831985915330E-012   0.0000000000000000     
  1.36599242698376834E-003  5.37425848787323748E-012
 Atom=           6 Dimension=           3
  1.43313559676619682E-011   0.0000000000000000     
  1.19142340942460126E-003  4.17997882390140747E-012
 Atom=           7 Dimension=           1
 -3.76857336525639100E-006  3.50644795303943198E-004
   0.0000000000000000      -6.68029525996056000E-006
 Atom=           7 Dimension=           2
 -5.32232583382525474E-006 -1.59068932224729043E-003
   0.0000000000000000      -5.82689107765839341E-006
 Atom=           7 Dimension=           3
 -8.32561971890429504E-006 -2.07425365432171429E-003
   0.0000000000000000      -4.51724101244772450E-006
 Atom=           8 Dimension=           1
   0.0000000000000000       1.15944560618603696E-003
   0.0000000000000000       1.07485169757464750E-011
 Atom=           8 Dimension=           2
   0.0000000000000000      -2.22378555664996640E-003
   0.0000000000000000       8.35995764780281494E-012
 Atom=           8 Dimension=           3
  5.97139831985915309E-013 -3.33267732198996034E-003
   0.0000000000000000       4.77711865588732248E-012
 Atom=           9 Dimension=           1
  1.07485169757464750E-011 -1.43761368887372815E-003
   0.0000000000000000       4.17997882390140747E-012
 Atom=           9 Dimension=           2
  3.64255297511408340E-011  2.75713544677722109E-003
   0.0000000000000000       2.98569915992957665E-012
 Atom=           9 Dimension=           3
  8.12110171500844732E-011  4.13186128051607707E-003
   0.0000000000000000       1.79141949595774603E-012
 Atom=          10 Dimension=           1
 -3.67621016460413786E-006  2.21038509395641864E-003
   0.0000000000000000      -6.45986109098295957E-006
 Atom=          10 Dimension=           2
 -5.15381954177698179E-006 -2.82340741382691328E-003
   0.0000000000000000      -5.64646826312300933E-006
 Atom=          10 Dimension=           3
 -8.53474883658273867E-006 -3.68814207261303336E-003
   0.0000000000000000      -4.83752323130160551E-006
 Atom=          11 Dimension=           1
  3.58283899191549206E-012 -1.47622696208466755E-003
   0.0000000000000000       1.61227754636197157E-011
 Atom=          11 Dimension=           2
  1.25399364717042208E-011  2.99318701820419685E-003
   0.0000000000000000       1.19427966397183066E-011
 Atom=          11 Dimension=           3
  3.28426907592253423E-011  4.76468446608681404E-003
   0.0000000000000000       8.95709747978872914E-012
 Atom=          12 Dimension=           1
  1.19427966397183062E-012  1.53522912710419299E-003
   0.0000000000000000       5.97139831985915330E-012
 Atom=          12 Dimension=           2
  5.97139831985915330E-012 -3.11300558251439681E-003
   0.0000000000000000       5.37425848787323748E-012
 Atom=          12 Dimension=           3
  1.43313559676619682E-011 -4.95560943700301335E-003
   0.0000000000000000       4.17997882390140747E-012
 Atom=           1 Dimension=           1
 -3.76857336525639100E-006   0.0000000000000000     
  8.19650825361882681E-004 -6.68029525996056000E-006
 Atom=           1 Dimension=           2
 -5.32232583382525474E-006   0.0000000000000000     
 -3.19573803816121111E-004 -5.82689107765839341E-006
 Atom=           1 Dimension=           3
 -8.32561971890429504E-006   0.0000000000000000     
 -9.44463652708410202E-004 -4.51724101244772450E-006
 Atom=           2 Dimension=           1
   0.0000000000000000        0.0000000000000000     
 -1.10641933845274454E-003  1.07485169757464750E-011
 Atom=           2 Dimension=           2
   0.0000000000000000        0.0000000000000000     
  9.68937275557152301E-004  8.35995764780281494E-012
 Atom=           2 Dimension=           3
  5.97139831985915309E-013   0.0000000000000000     
  7.42632221529173058E-004  4.77711865588732248E-012
 Atom=           3 Dimension=           1
  1.07485169757464750E-011   0.0000000000000000     
  3.91740809800199404E-004  4.17997882390140747E-012
 Atom=           3 Dimension=           2
  3.64255297511408340E-011   0.0000000000000000     
 -3.43050281598191072E-004  2.98569915992957665E-012
 Atom=           3 Dimension=           3
  8.12110171500844732E-011   0.0000000000000000     
 -2.62908445046883526E-004  1.79141949595774603E-012
 Atom=           4 Dimension=           1
 -3.67621016460413786E-006   0.0000000000000000     
  1.24035903072810161E-003 -6.45986109098295957E-006
 Atom=           4 Dimension=           2
 -5.15381954177698179E-006   0.0000000000000000     
 -3.43544030188011390E-003 -5.64646826312300933E-006
 Atom=           4 Dimension=           3
 -8.53474883658273867E-006   0.0000000000000000     
 -3.92937272121521037E-003 -4.83752323130160551E-006
 Atom=           5 Dimension=           1
  3.58283899191549206E-012   0.0000000000000000     
  2.55835247726358093E-003  1.61227754636197157E-011
 Atom=           5 Dimension=           2
  1.25399364717042208E-011   0.0000000000000000     
 -2.23757624676100553E-003  1.19427966397183066E-011
 Atom=           5 Dimension=           3
  3.28426907592253423E-011   0.0000000000000000     
 -1.95148499987658850E-003  8.95709747978872914E-012
 Atom=           6 Dimension=           1
  1.19427966397183062E-012   0.0000000000000000     
 -1.56184111075861605E-003  5.97139831985915330E-012
 Atom=           6 Dimension=           2
  5.97139831985915330E-012   0.0000000000000000     
  1.36599242698376834E-003  5.37425848787323748E-012
 Atom=           6 Dimension=           3
  1.43313559676619682E-011   0.0000000000000000     
  1.19142340942460126E-003  4.17997882390140747E-012
 Atom=           7 Dimension=           1
 -3.76857336525639100E-006  3.50644795303943198E-004
   0.0000000000000000      -6.68029525996056000E-006
 Atom=           7 Dimension=           2
 -5.32232583382525474E-006 -1.59068932224729043E-003
   0.0000000000000000      -5.82689107765839341E-006
 Atom=           7 Dimension=           3
 -8.32561971890429504E-006 -2.07425365432171429E-003
   0.0000000000000000      -4.51724101244772450E-006
 Atom=           8 Dimension=           1
   0.0000000000000000       1.15944560618603696E-003
   0.0000000000000000       1.07485169757464750E-011
 Atom=           8 Dimension=           2
   0.0000000000000000      -2.22378555664996640E-003
   0.0000000000000000       8.35995764780281494E-012
 Atom=           8 Dimension=           3
  5.97139831985915309E-013 -3.33267732198996034E-003
   0.0000000000000000       4.77711865588732248E-012
 Atom=           9 Dimension=           1
  1.07485169757464750E-011 -1.43761368887372815E-003
   0.0000000000000000       4.17997882390140747E-012
 Atom=           9 Dimension=           2
  3.64255297511408340E-011  2.75713544677722109E-003
   0.0000000000000000       2.98569915992957665E-012
 Atom=           9 Dimension=           3
  8.12110171500844732E-011  4.13186128051607707E-003
   0.0000000000000000       1.79141949595774603E-012
 Atom=          10 Dimension=           1
 -3.67621016460413786E-006  2.21038509395641864E-003
   0.0000000000000000      -6.45986109098295957E-006
 Atom=          10 Dimension=           2
 -5.15381954177698179E-006 -2.82340741382691328E-003
   0.0000000000000000      -5.64646826312300933E-006
 Atom=          10 Dimension=           3
 -8.53474883658273867E-006 -3.68814207261303336E-003
   0.0000000000000000      -4.83752323130160551E-006
 Atom=          11 Dimension=           1
  3.58283899191549206E-012 -1.47622696208466755E-003
   0.0000000000000000       1.61227754636197157E-011
 Atom=          11 Dimension=           2
  1.25399364717042208E-011  2.99318701820419685E-003
   0.0000000000000000       1.19427966397183066E-011
 Atom=          11 Dimension=           3
  3.28426907592253423E-011  4.76468446608681404E-003
   0.0000000000000000       8.95709747978872914E-012
 Atom=          12 Dimension=           1
  1.19427966397183062E-012  1.53522912710419299E-003
   0.0000000000000000       5.97139831985915330E-012
 Atom=          12 Dimension=           2
  5.97139831985915330E-012 -3.11300558251439681E-003
   0.0000000000000000       5.37425848787323748E-012
 Atom=          12 Dimension=           3
  1.43313559676619682E-011 -4.95560943700301335E-003
   0.0000000000000000       4.17997882390140747E-012
