           1           1  0.99999999988924593     
           2           1 -5.49033704753090594E-003
           1           2 -5.49043658380483825E-003
           2           2   1.0000020195743669     
           1           1  0.99999999988924593     
           2           1 -5.49033704753090594E-003
           1           2 -5.49043658380483825E-003
           2           2   1.0000020195743669     
           1           1   1.0000000000000002     
           2           1 -5.49045137642551612E-003
           1           2 -5.49045137642551612E-003
           2           2   1.0000000000000002     
           1           1  0.99999999988949018     
           2           1 -5.49047312593835182E-003
           1           2 -5.49057298814003333E-003
           2           2   1.0000020280584421     
