           1           1  0.99999999993610211     
           2           1 -4.79235948066551454E-002
           1           2 -4.79241969369316387E-002
           2           2  0.99999874892303331     
           1           1  0.99999999993610211     
           2           1 -4.79235948066551454E-002
           1           2 -4.79241969369316387E-002
           2           2  0.99999874892303331     
           1           1   1.0000000000000002     
           2           1 -4.79239304211782277E-002
           1           2 -4.79239304211782208E-002
           2           2   1.0000000000000002     
           1           1  0.99999999993643418     
           2           1 -4.79235946901287665E-002
           1           2 -4.79241960589364482E-002
           2           2  0.99999874708853365     
