           1           1  0.99999999996540834     
           2           1  1.76891850507812881E-003
           1           2  1.76888433724218239E-003
           2           2  0.99999934806112356     
           1           1  0.99999999996540834     
           2           1  1.76891850507812881E-003
           1           2  1.76888433724218239E-003
           2           2  0.99999934806112356     
           1           1   1.0000000000000002     
           2           1  1.76905524854219188E-003
           1           2  1.76905524854219232E-003
           2           2  0.99999999999999989     
           1           1  0.99999999996524402     
           2           1  1.76922403957405780E-003
           1           2  1.76918729911619273E-003
           2           2  0.99999934612092090     
