           1           1  0.99999999995353783     
           2           1  2.54736643748425635E-005
           1           2  2.63171956424922704E-005
           2           2   1.0000006177453735     
           1           1  0.99999999995353783     
           2           1  2.54736643748425635E-005
           1           2  2.63171956424922704E-005
           2           2   1.0000006177453735     
           1           1   1.0000000000000000     
           2           1  2.56408818662022296E-005
           1           2  2.56408818662029987E-005
           2           2   1.0000000000000000     
           1           1  0.99999999995365318     
           2           1  2.49631057644090695E-005
           1           2  2.58083553883529769E-005
           2           2   1.0000006178804812     
