           1           1  0.99999999991479138     
           2           1 -6.67685266107337916E-002
           1           2 -6.67687031193019281E-002
           2           2   1.0000004487949288     
           1           1  0.99999999991479138     
           2           1 -6.67685266107337916E-002
           1           2 -6.67687031193019281E-002
           2           2   1.0000004487949288     
           1           1  0.99999999999999989     
           2           1 -6.67693768069381743E-002
           1           2 -6.67693768069381466E-002
           2           2  0.99999999999999989     
           1           1  0.99999999991538413     
           2           1 -6.67700412399817866E-002
           1           2 -6.67702148486082198E-002
           2           2   1.0000004492304249     
