           1           1  0.99999999994237787     
           2           1  4.84405898043171416E-003
           1           2  4.84392918714079534E-003
           2           2  0.99999981611621269     
           1           1  0.99999999994237787     
           2           1  4.84405898043171416E-003
           1           2  4.84392918714079534E-003
           2           2  0.99999981611621269     
           1           1  0.99999999999999978     
           2           1  4.84409251968219347E-003
           1           2  4.84409251968219347E-003
           2           2   1.0000000000000002     
           1           1  0.99999999994232669     
           2           1  4.84424936445153678E-003
           1           2  4.84411909919727022E-003
           2           2  0.99999981880355970     
