           1           1  0.99999999976910292     
           2           1  7.98058389291397691E-002
           1           2  7.98063319124521359E-002
           2           2  0.99999879924844781     
           1           1  0.99999999976910292     
           2           1  7.98058389291397691E-002
           1           2  7.98063319124521359E-002
           2           2  0.99999879924844781     
           1           1   1.0000000000000000     
           2           1  7.98065024919220600E-002
           1           2  7.98065024919220600E-002
           2           2  0.99999999999999989     
           1           1  0.99999999976904519     
           2           1  7.98065941807348384E-002
           1           2  7.98070887479292029E-002
           2           2  0.99999880098989502     
