           1           1  0.99999999993126831     
           2           1  1.85706732661669351E-002
           1           2  1.85708505651523484E-002
           2           2   1.0000000616375344     
           1           1  0.99999999993126831     
           2           1  1.85706732661669351E-002
           1           2  1.85708505651523484E-002
           2           2   1.0000000616375344     
           1           1   1.0000000000000000     
           2           1  1.85708361850522828E-002
           1           2  1.85708361850522759E-002
           2           2   1.0000000000000004     
           1           1  0.99999999993112576     
           2           1  1.85707802964502136E-002
           1           2  1.85709569992109219E-002
           2           2   1.0000000648366170     
