           1           1  0.99999999982748622     
           2           1 -3.72566798878744901E-002
           1           2 -3.72561336054063399E-002
           2           2  0.99999890132718505     
           1           1  0.99999999982748622     
           2           1 -3.72566798878744901E-002
           1           2 -3.72561336054063399E-002
           2           2  0.99999890132718505     
           1           1   1.0000000000000002     
           2           1 -3.72560755348149281E-002
           1           2 -3.72560755348149281E-002
           2           2   1.0000000000000000     
           1           1  0.99999999982752752     
           2           1 -3.72559393916884057E-002
           1           2 -3.72553927471706153E-002
           2           2  0.99999890837743632     
