           1           1  0.99999999996903588     
           2           1  6.96786929299272884E-002
           1           2  6.96789595066388129E-002
           2           2  0.99999997348123393     
           1           1  0.99999999996903588     
           2           1  6.96786929299272884E-002
           1           2  6.96789595066388129E-002
           2           2  0.99999997348123393     
           1           1   1.0000000000000002     
           2           1  6.96787331634189655E-002
           1           2  6.96787331634189933E-002
           2           2   1.0000000000000000     
           1           1  0.99999999996888977     
           2           1  6.96784441787510062E-002
           1           2  6.96787081784164680E-002
           2           2  0.99999997673783669     
