           1           1  0.99999999991944821     
           2           1  4.42685790396481183E-004
           1           2  4.42338031301587426E-004
           2           2   1.0000010014375840     
           1           1  0.99999999991944821     
           2           1  4.42685790396481183E-004
           1           2  4.42338031301587426E-004
           2           2   1.0000010014375840     
           1           1   1.0000000000000000     
           2           1  4.42384986491232057E-004
           1           2  4.42384986491231732E-004
           2           2   1.0000000000000000     
           1           1  0.99999999991965161     
           2           1  4.42432828346488605E-004
           1           2  4.42086288529919963E-004
           2           2   1.0000009980765248     
