           1           1  0.99999999955200503     
           2           1  1.88667622699020369E-002
           1           2  1.88678997150978633E-002
           2           2   1.0000002532999730     
           1           1  0.99999999955200503     
           2           1  1.88667622699020369E-002
           1           2  1.88678997150978633E-002
           2           2   1.0000002532999730     
           1           1  0.99999999999999967     
           2           1  1.88678560452529842E-002
           1           2  1.88678560452529807E-002
           2           2   1.0000000000000002     
           1           1  0.99999999955325780     
           2           1  1.88678302375632108E-002
           1           2  1.88689659991549095E-002
           2           2   1.0000002528126619     
