           1           1  0.99999999985128618     
           2           1 -6.85529824721709240E-003
           1           2 -6.85576587954597749E-003
           2           2  0.99999854482118189     
           1           1  0.99999999985128618     
           2           1 -6.85529824721709240E-003
           1           2 -6.85576587954597749E-003
           2           2  0.99999854482118189     
           1           1  0.99999999999999989     
           2           1 -6.85578323850648957E-003
           1           2 -6.85578323850648957E-003
           2           2   1.0000000000000002     
           1           1  0.99999999985124033     
           2           1 -6.85578914072417032E-003
           1           2 -6.85625779381233806E-003
           2           2  0.99999854271642064     
