           1           1  0.99999999996550970     
           2           1  1.11145856694906957E-003
           1           2  1.11112467123155646E-003
           2           2  0.99999982522494102     
           1           1  0.99999999996550970     
           2           1  1.11145856694906957E-003
           1           2  1.11112467123155646E-003
           2           2  0.99999982522494102     
           1           1   1.0000000000000002     
           2           1  1.11154462299504196E-003
           1           2  1.11154462299504239E-003
           2           2   1.0000000000000000     
           1           1  0.99999999996531530     
           2           1  1.11196378616330513E-003
           1           2  1.11162956005191006E-003
           2           2  0.99999982319695779     
