           1           1  0.99999999996494171     
           2           1 -5.02649465566679388E-002
           1           2 -5.02642206832195140E-002
           2           2  0.99999964272750519     
           1           1  0.99999999996494171     
           2           1 -5.02649465566679388E-002
           1           2 -5.02642206832195140E-002
           2           2  0.99999964272750519     
           1           1   1.0000000000000002     
           2           1 -5.02647782762573533E-002
           1           2 -5.02647782762573603E-002
           2           2   1.0000000000000000     
           1           1  0.99999999996515954     
           2           1 -5.02653986017003035E-002
           1           2 -5.02646719626533289E-002
           2           2  0.99999963606868991     
