           1           1  0.99999999994295763     
           2           1  3.54902815637558097E-003
           1           2  3.54910633523430365E-003
           2           2   1.0000003728427536     
           1           1  0.99999999994295763     
           2           1  3.54902815637558097E-003
           1           2  3.54910633523430365E-003
           2           2   1.0000003728427536     
           1           1   1.0000000000000000     
           2           1  3.54899288647728258E-003
           1           2  3.54899288647728302E-003
           2           2   1.0000000000000000     
           1           1  0.99999999994287003     
           2           1  3.54888098361666286E-003
           1           2  3.54895894566078368E-003
           2           2   1.0000003752165596     
