           1           1  0.99999999998467870     
           2           1  6.87771257402665370E-002
           1           2  6.87769481334940119E-002
           2           2  0.99999914365290665     
           1           1  0.99999999998467870     
           2           1  6.87771257402665370E-002
           1           2  6.87769481334940119E-002
           2           2  0.99999914365290665     
           1           1  0.99999999999999967     
           2           1  6.87772092367783389E-002
           1           2  6.87772092367783250E-002
           2           2  0.99999999999999989     
           1           1  0.99999999998482281     
           2           1  6.87773440985914170E-002
           1           2  6.87771666449360219E-002
           2           2  0.99999914084053154     
