           1           1  0.99999999981240328     
           2           1 -9.74806047453405551E-003
           1           2 -9.74827858381087375E-003
           2           2   1.0000007929711747     
           1           1  0.99999999981240328     
           2           1 -9.74806047453405551E-003
           1           2 -9.74827858381087375E-003
           2           2   1.0000007929711747     
           1           1   1.0000000000000000     
           2           1 -9.74823809719210094E-003
           1           2 -9.74823809719210441E-003
           2           2   1.0000000000000000     
           1           1  0.99999999981262144     
           2           1 -9.74819703744372879E-003
           1           2 -9.74841216668850645E-003
           2           2   1.0000007916645708     
