           1           1  0.99999999992891997     
           2           1 -1.01148773495158967E-002
           1           2 -1.01145432956547283E-002
           2           2  0.99999893403755036     
           1           1  0.99999999992891997     
           2           1 -1.01148773495158967E-002
           1           2 -1.01145432956547283E-002
           2           2  0.99999893403755036     
           1           1  0.99999999999999967     
           2           1 -1.01145514949682706E-002
           1           2 -1.01145514949682706E-002
           2           2   1.0000000000000002     
           1           1  0.99999999992874922     
           2           1 -1.01145378522310755E-002
           1           2 -1.01142028919722366E-002
           2           2  0.99999893972250820     
