           1           1  0.99999999996974021     
           2           1 -2.17532319719016647E-002
           1           2 -2.17535610147383332E-002
           2           2   1.0000010807222193     
           1           1  0.99999999996974021     
           2           1 -2.17532319719016647E-002
           1           2 -2.17535610147383332E-002
           2           2   1.0000010807222193     
           1           1   1.0000000000000002     
           2           1 -2.17535660307975574E-002
           1           2 -2.17535660307975644E-002
           2           2   1.0000000000000000     
           1           1  0.99999999997000477     
           2           1 -2.17535858513044911E-002
           1           2 -2.17539148447295563E-002
           2           2   1.0000010810456503     
