           1           1  0.99999999994749800     
           2           1 -1.04024600781234960E-002
           1           2 -1.04022118014101030E-002
           2           2  0.99999978898136721     
           1           1  0.99999999994749800     
           2           1 -1.04024600781234960E-002
           1           2 -1.04022118014101030E-002
           2           2  0.99999978898136721     
           1           1   1.0000000000000000     
           2           1 -1.04024145257550250E-002
           1           2 -1.04024145257550268E-002
           2           2   1.0000000000000000     
           1           1  0.99999999994721223     
           2           1 -1.04026141257297835E-002
           1           2 -1.04023652384190226E-002
           2           2  0.99999978948533497     
