           1           1  0.99999999998670852     
           2           1  4.14099175129090599E-002
           1           2  4.14099689277289892E-002
           2           2   1.0000005502551330     
           1           1  0.99999999998670852     
           2           1  4.14099175129090599E-002
           1           2  4.14099689277289892E-002
           2           2   1.0000005502551330     
           1           1  0.99999999999999978     
           2           1  4.14099855031283132E-002
           1           2  4.14099855031283201E-002
           2           2   1.0000000000000000     
           1           1  0.99999999998660871     
           2           1  4.14100002744545934E-002
           1           2  4.14100522506378049E-002
           2           2   1.0000005495291115     
