           1           1  0.99999999998063616     
           2           1  2.76206445470383033E-002
           1           2  2.76201932855079622E-002
           2           2   1.0000000978090970     
           1           1  0.99999999998063616     
           2           1  2.76206445470383033E-002
           1           2  2.76201932855079622E-002
           2           2   1.0000000978090970     
           1           1  0.99999999999999989     
           2           1  2.76205253484451893E-002
           1           2  2.76205253484451928E-002
           2           2   1.0000000000000000     
           1           1  0.99999999998072031     
           2           1  2.76208412578927177E-002
           1           2  2.76203880727383180E-002
           2           2   1.0000000943722360     
