           1           1  0.99999999985797916     
           2           1  1.10292766739065063E-002
           1           2  1.10293136059044505E-002
           2           2  0.99999975521543183     
           1           1  0.99999999985797916     
           2           1  1.10292766739065063E-002
           1           2  1.10293136059044505E-002
           2           2  0.99999975521543183     
           1           1  0.99999999999999978     
           2           1  1.10291649366822207E-002
           1           2  1.10291649366822172E-002
           2           2   1.0000000000000000     
           1           1  0.99999999985782995     
           2           1  1.10290130887382588E-002
           1           2  1.10290488273091115E-002
           2           2  0.99999974893612342     
