           1           1  0.99999999993232136     
           2           1  3.46098935201350974E-002
           1           2  3.46099533711882526E-002
           2           2  0.99999925622432362     
           1           1  0.99999999993232136     
           2           1  3.46098935201350974E-002
           1           2  3.46099533711882526E-002
           2           2  0.99999925622432362     
           1           1   1.0000000000000002     
           2           1  3.46095721670420173E-002
           1           2  3.46095721670420173E-002
           2           2   1.0000000000000000     
           1           1  0.99999999993288724     
           2           1  3.46091654005763541E-002
           1           2  3.46092256612331450E-002
           2           2  0.99999926121850513     
