           1           1  0.99999999996400502     
           2           1 -4.00612634867959436E-002
           1           2 -4.00613078148046101E-002
           2           2   1.0000003624040112     
           1           1  0.99999999996400502     
           2           1 -4.00612634867959436E-002
           1           2 -4.00613078148046101E-002
           2           2   1.0000003624040112     
           1           1   1.0000000000000000     
           2           1 -4.00611259517993576E-002
           1           2 -4.00611259517993645E-002
           2           2   1.0000000000000002     
           1           1  0.99999999996415345     
           2           1 -4.00609299689727097E-002
           1           2 -4.00609769813155547E-002
           2           2   1.0000003552948096     
