           1           1  0.99999999993449551     
           2           1  1.80416387876840313E-002
           1           2  1.80411904171340377E-002
           2           2   1.0000013927107603     
           1           1  0.99999999993449551     
           2           1  1.80416387876840313E-002
           1           2  1.80411904171340377E-002
           2           2   1.0000013927107603     
           1           1  0.99999999999999989     
           2           1  1.80414453747137632E-002
           1           2  1.80414453747137597E-002
           2           2  0.99999999999999989     
           1           1  0.99999999993436783     
           2           1  1.80417333951731866E-002
           1           2  1.80412858700446654E-002
           2           2   1.0000013939286410     
